0 0 512 8 0
29961 0 16 8 0
85175 0 32 8 0
120801 0 4096 8 0
158320 0 56 8 0
651801 0 8388480 8 0
1245703 0 8388592 8 0
1328176 0 8388600 8 0
1427460 0 8388344 8 0
1486711 0 8388544 8 0
1531633 0 8388352 8 0
1567329 0 8388208 8 0
1607797 0 8388016 8 0
1681093 0 8387928 8 0
1722925 0 8387872 8 0
1770894 0 8387696 8 0
1866007 0 8387632 8 0
1904846 0 8387616 8 0
1941287 0 8387656 8 0
1981718 0 8385520 8 0
2022183 0 2048 8 0
2058200 0 24 8 0
2086410 0 120 8 0
2125278 0 64 8 0
2154015 0 256 8 0
2177332 0 264 8 0
2203344 0 272 8 0
2227562 0 280 8 0
2248045 0 288 8 0
2275548 0 296 8 0
2301975 0 304 8 0
2324586 0 312 8 0
2351241 0 320 8 0
2379313 0 328 8 0
2401884 0 336 8 0
2429279 0 344 8 0
2452185 0 352 8 0
2472204 0 360 8 0
2489278 0 368 8 0
2511189 0 376 8 0
2536345 0 384 8 0
2557462 0 392 8 0
2574549 0 400 8 0
2596571 0 408 8 0
2630977 0 416 8 0
2656366 0 424 8 0
2682019 0 432 8 0
2708254 0 440 8 0
2731562 0 448 8 0
2753234 0 456 8 0
2779373 0 464 8 0
2818588 0 472 8 0
2847114 0 480 8 0
2874453 0 488 8 0
2897650 0 496 8 0
2920552 0 504 8 0
2948511 0 768 8 0
2973890 0 776 8 0
2995601 0 784 8 0
3023912 0 792 8 0
3057565 0 800 8 0
3090740 0 808 8 0
3127777 0 816 8 0
3155424 0 824 8 0
3184959 0 832 8 0
3212035 0 840 8 0
3234820 0 848 8 0
3262300 0 856 8 0
3386689 0 864 8 0
3413839 0 872 8 0
3445212 0 880 8 0
3467698 0 888 8 0
3495116 0 896 8 0
3527481 0 904 8 0
3554115 0 912 8 0
3578106 0 920 8 0
3691768 0 928 8 0
3721880 0 936 8 0
3747342 0 944 8 0
3768308 0 952 8 0
3795612 0 960 8 0
3821763 0 968 8 0
3844113 0 976 8 0
3915250 0 984 8 0
3950078 0 992 8 0
4001895 0 1000 8 0
4033935 0 1008 8 0
4061121 0 1016 8 0
8163 0 8 8 0
61309 0 2320 8 0
68845 0 2328 8 0
70337 0 2336 8 0
71832 0 2344 8 0
73037 0 2352 8 0
74245 0 2360 8 0
75810 0 2368 8 0
77155 0 2376 8 0
78660 0 2384 8 0
80099 0 2392 8 0
81677 0 2400 8 0
84287 0 2408 8 0
86003 0 2416 8 0
87568 0 2424 8 0
89171 0 2432 8 0
90435 0 2440 8 0
90797 0 2312 8 0
142145 0 3932160 8 0
294209 0 0 8 1
59960622 0 67848 8 0
60016938 0 6408 8 0
60224190 0 4194560 8 0
60233222 0 4194568 8 0
60234488 0 4194576 8 0
60235833 0 4194584 8 0
60237264 0 4194592 8 0
60238767 0 4194600 8 0
60240058 0 4194608 8 0
60241186 0 4194616 8 0
60242391 0 4194624 8 0
60243648 0 4194632 8 0
60245908 0 4194640 8 0
60247728 0 4194656 8 0
60249036 0 4194664 8 0
60250464 0 4194672 8 0
60251747 0 4194680 8 0
60252891 0 4194688 8 0
60254342 0 4194696 8 0
60258307 0 4194704 8 0
60259418 0 4194712 8 0
60260710 0 4194720 8 0
60261844 0 4194728 8 0
60263438 0 4194736 8 0
60264264 0 4194744 8 0
60264598 0 4194648 8 0
74422379 0 67920 8 0
74825792 0 2192 8 0
82704470 0 2056 8 0
99644888 0 264968 8 0
101232797 0 264472 8 0
102605897 0 4260216 8 0
104190527 0 4260248 8 0
105307403 0 4260256 8 0
106839890 0 4260280 8 0
106883073 0 4260224 8 0
108074046 0 68240 8 0
109407037 0 4260104 8 0
110528591 0 4456472 32 0
113137839 0 4260120 8 0
114257224 0 4458248 32 0
118389197 0 4458000 136 0
124593711 0 4459200 136 0
131415477 0 4458392 248 0
131422525 0 4458640 8 0
131505423 0 4458760 248 0
131511133 0 4459008 8 0
141424422 0 4459016 128 0
141493633 0 4458280 112 0
141573723 0 4456504 248 0
141577865 0 4456752 8 0
141607936 0 4458648 112 0
149215772 0 4456760 248 0
149223628 0 4457008 8 0
149277336 0 4457728 248 0
149286053 0 4457976 8 0
152880846 0 4457352 248 0
152888361 0 4457600 8 0
152954363 0 4459144 56 0
199024675 0 3932160 8 1
199074560 0 3932168 8 1
199091688 0 3932176 8 1
199092418 0 3932184 8 1
199092719 0 3932192 8 1
199093060 0 3932200 8 1
199093726 0 3932208 8 1
199094380 0 3932216 8 1
199094875 0 3932224 8 1
199095319 0 3932232 8 1
199095953 0 3932240 8 1
199096646 0 3932248 8 1
199097068 0 3932256 8 1
199097508 0 3932264 8 1
199098087 0 3932272 8 1
199241240 0 3932280 8 1
201894759 0 0 8 1
201909478 0 8 8 1
201915896 0 2056 8 1
201921257 0 2192 8 1
201925761 0 2312 8 1
201930202 0 2336 8 1
201934700 0 2376 8 1
201941266 0 6408 8 1
201949341 0 67848 8 1
201957374 0 4194560 8 1
201965771 0 4194568 8 1
201974202 0 4194600 8 1
204166242 0 3932160 8 1
205397131 0 3932160 8 1
206538156 0 0 8 1
