0 0 936 8 0
33333 0 944 8 0
50007 0 0 8 1
70597 0 952 8 0
90796 0 960 8 0
122507 0 968 8 0
152110 0 976 8 0
181302 0 984 8 0
210178 0 992 8 0
239537 0 1000 8 0
276876 0 1008 8 0
427093 0 1016 8 0
460062 0 16 8 0
485708 0 128 8 0
527068 0 512 8 0
556250 0 32 8 0
585034 0 4096 8 0
616920 0 56 8 0
1079754 0 8388480 8 0
1729032 0 8388592 8 0
1784933 0 8388600 8 0
1811950 0 8388344 8 0
1859107 0 8388544 8 0
1885800 0 8388352 8 0
1909463 0 8388208 8 0
1932653 0 8388016 8 0
1956093 0 8387928 8 0
1980307 0 8387872 8 0
2003547 0 8387696 8 0
2026549 0 8387632 8 0
2049852 0 8387616 8 0
2075406 0 8387656 8 0
2101718 0 8385520 8 0
2135309 0 2048 8 0
2162994 0 24 8 0
2189271 0 120 8 0
2232579 0 64 8 0
2259133 0 256 8 0
2283493 0 264 8 0
2307578 0 272 8 0
2331478 0 280 8 0
2355220 0 288 8 0
2379651 0 296 8 0
2402638 0 304 8 0
2425925 0 312 8 0
2449696 0 320 8 0
2474838 0 328 8 0
2499249 0 336 8 0
2522831 0 344 8 0
2546747 0 352 8 0
2570021 0 360 8 0
2593051 0 368 8 0
2616597 0 376 8 0
2642645 0 384 8 0
2665905 0 392 8 0
2689724 0 400 8 0
2712963 0 408 8 0
2735944 0 416 8 0
2759238 0 424 8 0
2782485 0 432 8 0
2807291 0 440 8 0
2830811 0 448 8 0
2853072 0 456 8 0
2875679 0 464 8 0
2898837 0 472 8 0
2922003 0 480 8 0
2944897 0 488 8 0
2968642 0 496 8 0
2991397 0 504 8 0
3014381 0 768 8 0
3037735 0 776 8 0
3061476 0 784 8 0
3091939 0 792 8 0
3116270 0 800 8 0
3140774 0 808 8 0
3164170 0 816 8 0
57106563 0 67848 8 0
57145223 0 10504 8 0
58764586 0 6408 8 0
58953585 0 4194560 8 0
58967293 0 4194568 8 0
58969098 0 4194576 8 0
58970285 0 4194584 8 0
58971810 0 4194600 8 0
58972935 0 4194608 8 0
58974064 0 4194616 8 0
58975333 0 4194624 8 0
58977730 0 4194632 8 0
58978929 0 4194640 8 0
58980250 0 4194648 8 0
58981800 0 4194656 8 0
58983152 0 4194664 8 0
58983513 0 4194592 8 0
65134360 0 67912 8 0
66026944 0 2192 8 0
66058163 0 2056 8 0
76947189 0 264376 8 0
78702152 0 264208 8 0
80080315 0 4260136 8 0
81541084 0 4260176 8 0
82877986 0 4260144 8 0
84270819 0 68072 8 0
85727395 0 4260104 8 0
87535298 0 4456448 32 0
90760916 0 68024 8 0
93199891 0 264448 32 0
96564539 0 4457408 144 0
102973711 0 264480 32 0
103135627 0 265056 32 0
109031831 0 265584 136 0
115490590 0 265088 224 0
121436840 0 4456480 248 0
121446103 0 4456728 8 0
121469810 0 265312 248 0
121470216 0 265560 8 0
121506827 0 4456736 248 0
121507238 0 4456984 8 0
128454352 0 265568 16 0
128587331 0 4457192 216 0
128692829 0 4456992 128 0
184135435 0 3932160 8 1
184167282 0 3932168 8 1
184180128 0 3932176 8 1
184180614 0 3932184 8 1
184181060 0 3932192 8 1
184181689 0 3932200 8 1
184182241 0 3932208 8 1
184182591 0 3932216 8 1
184183052 0 3932224 8 1
184183403 0 3932232 8 1
184184190 0 3932240 8 1
184184878 0 3932248 8 1
184185413 0 3932256 8 1
184185932 0 3932264 8 1
184222404 0 3932272 8 1
186330138 0 0 8 1
186337511 0 8 8 1
186342614 0 2056 8 1
186347408 0 2192 8 1
186351954 0 2312 8 1
186356500 0 2336 8 1
186360602 0 2344 8 1
186365038 0 6408 8 1
186369691 0 67848 8 1
186374859 0 4194560 8 1
186379431 0 4194568 8 1
188936413 0 3932160 8 1
189498583 0 3932160 8 1
191231988 0 0 8 1
