0 0 0 8 1
50675600 0 67848 8 0
98392054 0 461120 8 0
100288893 0 460584 8 0
50795934 0 6416 8 0
50800624 0 6424 8 0
50801811 0 6432 8 0
50802789 0 6440 8 0
50803944 0 6448 8 0
50805103 0 6456 8 0
50806073 0 6464 8 0
50807232 0 6472 8 0
50808586 0 6480 8 0
50809777 0 6488 8 0
50810761 0 6496 8 0
50811833 0 6504 8 0
50812784 0 6512 8 0
50814689 0 6520 8 0
50816684 0 6528 8 0
50818334 0 6536 8 0
50819518 0 6544 8 0
50820636 0 6552 8 0
50821490 0 6560 8 0
50822775 0 6568 8 0
50823932 0 6576 8 0
50825343 0 6584 8 0
50826433 0 6592 8 0
50827461 0 6600 8 0
50828354 0 6608 8 0
50829347 0 6616 8 0
50830246 0 6624 8 0
50832096 0 6632 8 0
50833136 0 6640 8 0
50834117 0 6648 8 0
50835331 0 6656 8 0
50836711 0 6664 8 0
50837129 0 6408 8 0
60421499 0 4194816 8 0
60432213 0 4194824 8 0
60433521 0 4194832 8 0
60434654 0 4194840 8 0
60436139 0 4194848 8 0
60437327 0 4194856 8 0
60438989 0 4194864 8 0
60440202 0 4194872 8 0
60442673 0 4194880 8 0
60444045 0 4194888 8 0
60445134 0 4194896 8 0
60446461 0 4194912 8 0
60447570 0 4194920 8 0
60448589 0 4194928 8 0
60449862 0 4194936 8 0
60451016 0 4194944 8 0
60452112 0 4194952 8 0
60453267 0 4194960 8 0
60454821 0 4194968 8 0
60456048 0 4194976 8 0
60457338 0 4194984 8 0
60458462 0 4194992 8 0
60460460 0 4195000 8 0
60461782 0 4195008 8 0
60463053 0 4195016 8 0
60464175 0 4195024 8 0
60465553 0 4195032 8 0
60466870 0 4195040 8 0
60468129 0 4195048 8 0
60469210 0 4195056 8 0
60470687 0 4195064 8 0
60471822 0 4195072 8 0
60472276 0 4194904 8 0
60612157 0 4260512 8 0
60717276 0 4260576 8 0
60758368 0 4262664 8 0
60872552 0 4194432 8 0
64314554 0 4194568 8 0
64324247 0 4194576 8 0
64325648 0 4194584 8 0
64326758 0 4194592 8 0
64327730 0 4194600 8 0
64328859 0 4194608 8 0
64329843 0 4194616 8 0
64335842 0 4194624 8 0
64337116 0 4194632 8 0
64338494 0 4194640 8 0
64339465 0 4194648 8 0
64340545 0 4194656 8 0
64341398 0 4194664 8 0
64343301 0 4194672 8 0
64344374 0 4194680 8 0
64345702 0 4194688 8 0
64346996 0 4194696 8 0
64348398 0 4194704 8 0
64349540 0 4194712 8 0
64350995 0 4194720 8 0
64352146 0 4194728 8 0
64353258 0 4194736 8 0
64354647 0 4194744 8 0
64355835 0 4194752 8 0
64356764 0 4194760 8 0
64358053 0 4194768 8 0
64359078 0 4194776 8 0
64360714 0 4194784 8 0
64361634 0 4194792 8 0
64362549 0 4194800 8 0
64363473 0 4194808 8 0
64364713 0 4194560 8 0
71681499 0 4194304 8 0
73126103 0 67912 8 0
73372904 0 7936 8 0
73382086 0 7944 8 0
73386780 0 7952 8 0
73391286 0 7960 8 0
73395734 0 7968 8 0
73400092 0 7976 8 0
73404271 0 7984 8 0
73408234 0 7992 8 0
73412077 0 8000 8 0
73416007 0 8008 8 0
73420066 0 8016 8 0
73424069 0 8024 8 0
73427963 0 8032 8 0
73433351 0 8040 8 0
73437384 0 8048 8 0
73441462 0 8056 8 0
73445519 0 8064 8 0
73449649 0 8072 8 0
73454328 0 8080 8 0
73458441 0 8088 8 0
73464159 0 8096 8 0
73468624 0 8104 8 0
73473218 0 8112 8 0
73478013 0 8120 8 0
73565085 0 8128 8 0
75096649 0 4196608 8 0
75137955 0 4196616 8 0
75139464 0 4196624 8 0
75140533 0 4196632 8 0
75141712 0 4196640 8 0
75142861 0 4196648 8 0
75144276 0 4196656 8 0
75145346 0 4196664 8 0
75145993 0 4196672 8 0
101866150 0 460304 8 0
103179567 0 4260104 8 0
104360725 0 4456448 32 0
107862926 0 68424 8 0
110513925 0 4260120 8 0
111812745 0 4260496 8 0
114331614 0 4500752 32 0
119152046 0 4458320 144 0
125436986 0 4500888 144 0
130567601 0 4500784 104 0
130967463 0 4456480 240 0
141043430 0 461024 32 0
150362212 0 4512952 32 0
153629306 0 4513112 136 0
163714197 0 4512984 128 0
164567995 0 4520704 32 0
182851368 0 4520904 136 0
189330044 0 4506976 32 0
193156620 0 4502152 32 0
193226422 0 4505384 152 0
199480899 0 4520736 168 0
199509757 0 4502200 248 0
199510335 0 4502448 8 0
202748792 0 4456720 248 0
202755358 0 4456968 8 0
202809315 0 4502456 248 0
202809760 0 4502704 8 0
202830150 0 4502184 16 0
202977720 0 4503088 248 0
202981835 0 4503336 8 0
209211511 0 4503368 248 0
209220002 0 4503616 8 0
212011244 0 4504840 248 0
212015623 0 4505088 8 0
225054925 0 4504288 248 0
225062340 0 4504536 8 0
225333228 0 4503856 248 0
225336101 0 4504104 8 0
225904508 0 4457784 248 0
225909350 0 4458032 8 0
226023629 0 4502928 160 0
226165912 0 4457192 248 0
226172120 0 4457440 8 0
226346014 0 4458040 240 0
291474002 0 4459552 32 0
292099857 0 4503752 104 0
292324699 0 264648 8 0
295506857 0 4465784 32 0
298431859 0 4465816 112 0
300743055 0 4516608 32 0
280756280 0 68520 8 0
282171869 0 2816 8 0
282179025 0 2824 8 0
282180546 0 2832 8 0
282182001 0 2840 8 0
282185933 0 2848 8 0
282187164 0 2856 8 0
282188493 0 2864 8 0
282189637 0 2872 8 0
282191012 0 2888 8 0
282193315 0 2896 8 0
282194933 0 2904 8 0
282196295 0 2912 8 0
282197697 0 2920 8 0
282199119 0 2928 8 0
282200315 0 2936 8 0
282201360 0 2944 8 0
282203056 0 2952 8 0
282204633 0 2960 8 0
282206119 0 2968 8 0
282207662 0 2976 8 0
282208835 0 2984 8 0
282210539 0 2992 8 0
282211991 0 3000 8 0
282213895 0 3008 8 0
282215157 0 3016 8 0
282216331 0 3024 8 0
282217512 0 3032 8 0
282218485 0 3040 8 0
282219513 0 3048 8 0
282220565 0 3056 8 0
282221949 0 3064 8 0
282223673 0 3072 8 0
282224335 0 2880 8 0
282282268 0 69136 8 0
283549315 0 69184 8 0
284707703 0 69144 8 0
286014482 0 69216 8 0
287342245 0 68528 8 0
288754434 0 75584 8 0
290068076 0 68488 8 0
255510624 0 4504664 176 0
255623384 0 4457048 144 0
256122850 0 4503624 128 0
256204874 0 4457472 248 0
256208376 0 4457720 8 0
256313138 0 4456976 72 0
256466256 0 4502712 216 0
256598437 0 4457448 24 0
256766708 0 4195080 8 0
256776940 0 4195088 8 0
256778349 0 4195096 8 0
256781130 0 4195104 8 0
256782479 0 4195112 8 0
256783523 0 4195120 8 0
256784587 0 4195128 8 0
256785778 0 4195136 8 0
256786894 0 4195144 8 0
256787994 0 4195152 8 0
256789182 0 4195160 8 0
256790442 0 4195168 8 0
256791789 0 4195176 8 0
256792866 0 4195184 8 0
256794121 0 4195192 8 0
256796089 0 4195208 8 0
256797582 0 4195216 8 0
256806680 0 4195224 8 0
256808933 0 4195232 8 0
256810912 0 4195240 8 0
256812833 0 4195248 8 0
256819893 0 4195256 8 0
256821527 0 4195264 8 0
256823287 0 4195272 8 0
256825448 0 4195280 8 0
256827331 0 4195288 8 0
256829036 0 4195296 8 0
256831578 0 4195304 8 0
256833874 0 4195312 8 0
256836461 0 4195320 8 0
256839019 0 4195328 8 0
256839851 0 4195200 8 0
256886192 0 68472 8 0
277303139 0 4504120 168 0
277450833 0 265272 8 0
279178048 0 4513856 32 0
279328832 0 4513888 32 0
279406069 0 4513680 32 0
279475953 0 4513720 136 0
279563005 0 4513712 8 0
279633441 0 4514112 32 0
279701164 0 4514144 56 0
279776899 0 4513968 32 0
279839995 0 4514000 64 0
293997660 0 75592 8 0
300811443 0 4516752 136 0
300956965 0 4516640 112 0
301069065 0 4514496 32 0
301198438 0 4515240 136 0
301314775 0 4515520 32 0
301460101 0 4515584 208 0
301635394 0 4515552 32 0
301837397 0 4514528 248 0
301845995 0 4514776 8 0
302220840 0 5632 8 0
302222257 0 5640 8 0
302223475 0 5648 8 0
302224575 0 5656 8 0
302225840 0 5664 8 0
302230041 0 5672 8 0
302231180 0 5680 8 0
302232579 0 5688 8 0
302234497 0 5696 8 0
302235832 0 5704 8 0
302236865 0 5712 8 0
302238040 0 5720 8 0
302239037 0 5728 8 0
302240392 0 5736 8 0
302241318 0 5744 8 0
302242547 0 5752 8 0
302243672 0 5760 8 0
302244914 0 5768 8 0
302245935 0 5776 8 0
302246999 0 5784 8 0
302248330 0 5792 8 0
302249593 0 5808 8 0
302251472 0 5816 8 0
302252682 0 5824 8 0
302253689 0 5832 8 0
302254713 0 5840 8 0
302256068 0 5848 8 0
302257219 0 5856 8 0
302258622 0 5864 8 0
302259832 0 5872 8 0
302261855 0 5880 8 0
302263302 0 5888 8 0
302263758 0 5800 8 0
344574301 0 74088 8 0
350572773 0 2192 8 0
350674713 0 822528 32 0
377487798 0 284864 32 0
380770541 0 284896 32 0
391259541 0 4466040 8 0
357798052 0 822560 48 0
362848306 0 2064 8 0
362890997 0 2080 8 0
362946560 0 822608 80 1
362987684 0 2184 8 0
363062938 0 4515008 232 0
366344225 0 822688 80 1
369254824 0 822768 80 1
372382444 0 822848 80 1
395217800 0 6144 8 0
395229621 0 6152 8 0
395231882 0 6168 8 0
395233601 0 6176 8 0
395238146 0 6184 8 0
395240036 0 6192 8 0
395241730 0 6200 8 0
395244023 0 6208 8 0
395245923 0 6216 8 0
395247596 0 6224 8 0
395249048 0 6232 8 0
395250757 0 6240 8 0
395252464 0 6248 8 0
395253647 0 6256 8 0
395255158 0 6264 8 0
395256757 0 6272 8 0
395258189 0 6280 8 0
395259768 0 6288 8 0
395262117 0 6296 8 0
395263285 0 6304 8 0
395264847 0 6312 8 0
395266353 0 6320 8 0
395267877 0 6328 8 0
395269149 0 6336 8 0
395270330 0 6344 8 0
395271922 0 6352 8 0
395273133 0 6360 8 0
395274304 0 6368 8 0
395275726 0 6376 8 0
395277090 0 6384 8 0
395278394 0 6392 8 0
395279509 0 6400 8 0
395280053 0 6160 8 0
395620786 0 67920 8 0
372854373 0 720704 16 0
376426195 0 4459304 32 0
376680966 0 4459416 136 0
376862484 0 4459336 80 0
377176951 0 4504544 120 0
383910059 0 68464 8 0
385771561 0 69224 8 0
386996457 0 4260976 8 0
388290452 0 4538288 8 0
389538185 0 4260984 8 0
390998279 0 2576 8 0
391008235 0 2584 8 0
391009484 0 2592 8 0
391010446 0 2600 8 0
391011692 0 2608 8 0
391013828 0 2616 8 0
391014810 0 2624 8 0
391016229 0 2632 8 0
391017549 0 2648 8 0
391018532 0 2656 8 0
391019860 0 2664 8 0
391020964 0 2672 8 0
391022458 0 2680 8 0
391026709 0 2688 8 0
391028721 0 2696 8 0
391030638 0 2704 8 0
391032052 0 2712 8 0
391033334 0 2720 8 0
391034778 0 2728 8 0
391036600 0 2736 8 0
391037957 0 2744 8 0
391039337 0 2752 8 0
391040715 0 2760 8 0
391041947 0 2768 8 0
391043616 0 2776 8 0
391045413 0 2784 8 0
391046809 0 2792 8 0
391048078 0 2800 8 0
391049338 0 2808 8 0
391050426 0 2640 8 0
392037160 0 460256 24 0
372622342 0 7168 8 0
372634080 0 7176 8 0
372636481 0 7184 8 0
372637730 0 7192 8 0
372638999 0 7200 8 0
372642879 0 7208 8 0
372643881 0 7216 8 0
372644954 0 7224 8 0
372645934 0 7232 8 0
372647380 0 7248 8 0
372648531 0 7256 8 0
372649512 0 7264 8 0
372650567 0 7272 8 0
372652023 0 7280 8 0
372653236 0 7288 8 0
372654336 0 7296 8 0
372656082 0 7304 8 0
372657063 0 7312 8 0
372657996 0 7320 8 0
372658870 0 7328 8 0
372660148 0 7336 8 0
372661319 0 7344 8 0
372662273 0 7352 8 0
372664127 0 7360 8 0
372666201 0 7368 8 0
372667846 0 7376 8 0
372669590 0 7384 8 0
372670672 0 7392 8 0
372672397 0 7400 8 0
372673619 0 7408 8 0
372675477 0 7416 8 0
372676594 0 7424 8 0
372677055 0 7240 8 0
412331503 0 475648 16 0
423129517 0 75664 8 0
424768101 0 75672 8 0
424779866 0 75688 8 0
424894277 0 476032 32 0
429576910 0 476064 80 0
432582565 0 4521280 32 0
432623788 0 4521360 136 0
432667889 0 4521312 48 0
433466205 0 74168 8 0
435002257 0 460800 8 0
436203671 0 75696 8 0
436244875 0 507904 32 0
438996852 0 729064 248 0
439005434 0 729312 8 0
446794478 0 728784 248 0
446802833 0 729032 8 0
403654672 0 68552 8 0
408076007 0 75624 8 0
410605311 0 75632 8 0
412192844 0 75648 8 0
412234402 0 75656 8 0
455511928 0 507936 248 0
455665518 0 508184 8 0
460328126 0 68832 8 0
464910071 0 401696 32 0
467794397 0 403528 144 0
473675614 0 402104 248 0
473684639 0 402352 8 0
483077584 0 4510296 32 0
483129995 0 4512216 136 0
483250628 0 4510328 224 0
483331077 0 4507632 32 0
483435642 0 4507672 136 0
483483146 0 4507664 8 0
483534376 0 401728 248 0
483648763 0 401976 8 0
487339741 0 4510552 248 0
487385538 0 4510800 8 0
487456812 0 401984 120 0
487544189 0 402360 248 0
487582942 0 402608 8 0
487823222 0 402616 248 0
488068784 0 402864 8 0
488391577 0 727520 248 0
488400400 0 727768 8 0
510723025 0 727776 248 0
510816852 0 728024 8 0
510861236 0 508192 128 0
510912547 0 728032 248 0
511048054 0 728280 8 0
511077254 0 508320 248 0
511077731 0 508568 8 0
511164956 0 508576 248 0
511165930 0 508824 8 0
513380272 0 508832 248 0
513425926 0 509080 8 0
513497791 0 509088 248 0
513572830 0 509336 8 0
513608948 0 728288 248 0
513641990 0 728536 8 0
513705344 0 509344 248 0
513751036 0 509592 8 0
513822941 0 509600 248 0
514175517 0 509848 8 0
514244361 0 509856 248 0
514245025 0 510104 8 0
519446319 0 728544 240 0
519620951 0 510112 248 0
519639571 0 510360 8 0
519768534 0 510368 248 0
519769131 0 510616 8 0
526063741 0 510624 248 0
526101102 0 510872 8 0
526231032 0 510880 248 0
526267495 0 511128 8 0
526340928 0 511136 248 0
526436883 0 511384 8 0
526510495 0 511392 248 0
526511015 0 511640 8 0
528838834 0 729040 24 0
528921651 0 511648 248 0
528954869 0 511896 8 0
529679448 0 511904 248 0
529680422 0 512152 8 0
529959474 0 403016 248 0
529960545 0 403264 8 0
530977703 0 403272 144 0
531093468 0 724568 248 0
531099601 0 724816 8 0
589653235 0 724072 248 0
589659741 0 724320 8 0
599592482 0 513216 248 0
599600099 0 513464 8 0
599688471 0 524000 248 0
599699719 0 524248 8 0
607777797 0 523144 248 0
607784656 0 523392 8 0
607875440 0 516216 248 0
607881398 0 516464 8 0
608410649 0 519128 248 0
608414199 0 519376 8 0
608493281 0 723808 248 0
608496808 0 724056 8 0
643992650 0 523624 248 0
644002067 0 523872 8 0
644098125 0 724328 216 0
644201957 0 515344 248 0
644207844 0 515592 8 0
644315317 0 518680 248 0
644321617 0 518928 8 0
644410773 0 512160 248 0
644416343 0 512408 8 0
644439879 0 724832 248 0
644440483 0 725080 8 0
644558038 0 721832 248 0
644563744 0 722080 8 0
663051710 0 524256 32 0
663073687 0 720896 120 0
663389087 0 4516544 32 0
668690307 0 4516576 32 0
668801808 0 520584 248 0
668856554 0 520832 8 0
668929409 0 520000 248 0
668977884 0 520248 8 0
669008108 0 518096 176 0
669077474 0 482880 32 0
673215289 0 483016 8 0
675670286 0 482912 104 0
675785050 0 479184 32 0
680922141 0 479552 8 0
682590091 0 479216 192 0
686296720 0 479408 144 0
686525414 0 513472 248 0
686569940 0 513720 8 0
686663658 0 518952 176 0
686770692 0 4505096 248 0
686879592 0 4505344 8 0
686950087 0 721016 248 0
687252295 0 721264 8 0
687856530 0 517104 248 0
687901317 0 517352 8 0
687926723 0 519408 248 0
688034330 0 519656 8 0
688054192 0 518272 136 0
688183459 0 721272 192 0
688846043 0 68512 8 0
695465132 0 5896 8 0
695473081 0 5904 8 0
695478123 0 5912 8 0
695482307 0 5920 8 0
695486723 0 5928 8 0
695490740 0 5936 8 0
695494668 0 5944 8 0
695498484 0 5952 8 0
695502392 0 5960 8 0
695509097 0 5968 8 0
695512978 0 5976 8 0
695518698 0 5984 8 0
695523059 0 5992 8 0
695527913 0 6000 8 0
695532149 0 6008 8 0
695596375 0 6016 8 0
695606373 0 6024 8 0
695611355 0 6032 8 0
695615704 0 6040 8 0
695620076 0 6048 8 0
695624102 0 6056 8 0
695628492 0 6064 8 0
695632344 0 6072 8 0
695636559 0 6080 8 0
695640347 0 6088 8 0
695652407 0 6096 8 0
695657111 0 6104 8 0
695661401 0 6112 8 0
695666180 0 6120 8 0
695670537 0 6128 8 0
695675020 0 6136 8 0
695727310 0 75576 8 0
698847398 0 724824 8 0
698881887 0 723424 248 0
699308242 0 723672 8 0
699336197 0 518408 248 0
699377243 0 518656 8 0
699418328 0 516608 248 0
699460232 0 516856 8 0
699526017 0 522944 200 0
699625039 0 516056 160 0
699684694 0 514144 248 0
699727819 0 514392 8 0
699801107 0 483024 32 0
699905423 0 483088 8 0
699918474 0 483056 32 0
700077867 0 485816 8 0
652616832 0 721552 248 0
652624117 0 721800 8 0
662499824 0 517840 248 0
662507177 0 518088 8 0
662606773 0 512472 248 0
662613284 0 512720 8 0
662772407 0 520296 248 0
662780387 0 520544 8 0
662873525 0 723168 248 0
662879253 0 723416 8 0
725795374 0 523400 144 0
726357052 0 722328 248 0
726480992 0 722576 8 0
726513299 0 513864 248 0
726556638 0 514112 8 0
726647922 0 513728 136 0
726891178 0 722584 152 0
727070282 0 721808 24 0
727097990 0 520256 40 0
727207649 0 518936 16 0
727253143 0 721464 88 0
727414630 0 722144 184 0
727858820 0 724544 24 0
728455674 0 4511240 248 0
728576496 0 4511488 8 0
732269486 0 522304 248 0
732311436 0 522552 8 0
732402169 0 520840 248 0
732450343 0 521088 8 0
732507597 0 540672 32 0
728670872 0 4511072 168 0
728857399 0 722736 192 0
729123609 0 722928 192 0
729178040 0 723120 48 0
729228000 0 519816 184 0
730519395 0 722088 56 0
730667908 0 521920 248 0
730710418 0 522168 8 0
731058354 0 519664 152 0
731122903 0 523544 80 0
731152620 0 516960 144 0
731205677 0 523880 120 0
770382787 0 802496 8 0
772651049 0 798912 248 0
772693343 0 799160 8 0
780451284 0 799168 248 0
780485951 0 799416 8 0
780543635 0 799424 248 0
780881203 0 799672 8 0
781099626 0 799680 248 0
781100169 0 799928 8 0
782831299 0 799936 248 0
782856028 0 800184 8 0
783108257 0 800192 248 0
783108748 0 800440 8 0
785136961 0 800448 248 0
785785584 0 800696 8 0
785995293 0 800704 248 0
785995745 0 800952 8 0
787184778 0 800960 248 0
787210208 0 801208 8 0
787451974 0 801216 248 0
787453034 0 801464 8 0
789478633 0 801472 248 0
789503559 0 801720 8 0
789778254 0 801728 248 0
789778726 0 801976 8 0
793298363 0 801984 248 0
793333417 0 802232 8 0
793590807 0 802240 248 0
793625628 0 802488 8 0
794165656 0 723680 128 0
794216312 0 515920 136 0
798970431 0 746568 8 0
811595669 0 746576 32 0
813655369 0 798904 8 0
815801730 0 796472 8 0
817730694 0 798888 8 0
818893863 0 798896 8 0
820467712 0 798872 8 0
821695207 0 798880 8 0
823174637 0 798864 8 0
824783884 0 798848 8 0
826061775 0 798856 8 0
827946377 0 798840 8 0
829451794 0 798824 8 0
830653432 0 798832 8 0
832114509 0 798816 8 0
833737049 0 798808 8 0
835158247 0 798800 8 0
839595596 0 746800 8 0
840824647 0 746808 32 0
842646656 0 746776 8 0
844666933 0 746784 16 0
846184946 0 746840 40 0
846828923 0 746744 8 0
848730111 0 746752 24 0
851820824 0 746656 8 0
851836162 0 746664 32 0
851917056 0 746696 48 0
852450350 0 746920 8 0
853105472 0 746928 32 0
853187435 0 746960 64 0
853643637 0 746424 8 0
858665685 0 746640 8 0
858683357 0 746648 8 0
859213309 0 798768 8 0
860846449 0 798776 24 0
862457759 0 798760 8 0
863908014 0 798280 8 0
865275285 0 798288 32 0
867181337 0 798752 8 0
869373553 0 798736 8 0
870715732 0 798744 8 0
872391853 0 798728 8 0
873786865 0 798720 8 0
875253556 0 798712 8 0
876938320 0 798696 8 0
878104718 0 798704 8 0
879666961 0 516472 136 0
881114284 0 521616 248 0
881161229 0 521864 8 0
881175162 0 724064 8 0
896697169 0 798504 8 0
898764672 0 798496 8 0
900453550 0 265168 8 0
901887532 0 798624 8 0
881605419 0 518664 16 0
881974762 0 521360 248 0
881984099 0 521608 8 0
882072205 0 798688 8 0
884261276 0 798648 8 0
885890536 0 798656 32 0
888122412 0 797792 8 0
889423836 0 797800 32 0
892088598 0 798640 8 0
893965926 0 798632 8 0
903528895 0 798616 8 0
905177504 0 798608 8 0
906645471 0 798600 8 0
908811549 0 798592 8 0
910566547 0 798584 8 0
912947611 0 798240 8 0
914207384 0 798248 32 0
915903167 0 798320 24 0
916412739 0 798552 8 0
918132854 0 798560 24 0
918747953 0 798544 8 0
919111449 0 797456 8 0
920406147 0 797448 8 0
922856642 0 796640 8 0
924242843 0 792464 8 0
925573250 0 797160 8 0
927100583 0 798536 8 0
927211640 0 746504 8 0
928750590 0 746496 8 0
930341384 0 765304 8 0
931674807 0 765312 32 0
933301161 0 765264 8 0
935534174 0 765272 32 0
937278903 0 746512 24 0
938859537 0 797360 8 0
940314087 0 797368 32 0
942423126 0 798528 8 0
942799326 0 798512 16 0
943650061 0 798488 8 0
943900195 0 798480 8 0
944267161 0 798472 8 0
944340472 0 764096 8 0
946019825 0 798464 8 0
946845636 0 792968 8 0
948230600 0 793048 8 0
949593348 0 793056 32 0
951458085 0 797512 8 0
951472081 0 797520 32 0
954163187 0 798416 8 0
954177886 0 798424 32 0
954398859 0 798408 8 0
954788567 0 746360 8 0
956418908 0 762696 8 0
958021570 0 798400 8 0
958288999 0 798392 8 0
958568621 0 798384 8 0
958778369 0 798376 8 0
958989404 0 793168 8 0
959002498 0 793176 32 0
959209439 0 747056 8 0
959223674 0 747064 32 0
959349429 0 747032 8 0
959398379 0 747048 8 0
959480525 0 747040 8 0
959609825 0 793208 64 0
959860517 0 798032 8 0
965552016 0 798040 32 0
968279312 0 798072 64 0
968722453 0 798000 8 0
972138346 0 798024 8 0
973935707 0 798016 8 0
975268391 0 798008 8 0
977314780 0 748696 8 0
978893902 0 798368 8 0
979324813 0 798360 8 0
979536345 0 798352 8 0
979868741 0 798344 8 0
980744422 0 798456 8 0
981922640 0 747264 8 0
981937655 0 747272 32 0
983793668 0 797240 8 0
986488378 0 798224 8 0
986502185 0 798232 8 0
986814402 0 794176 8 0
988446168 0 798216 8 0
988709115 0 798208 8 0
988829680 0 798192 8 0
988841116 0 798200 8 0
989245748 0 798184 8 0
989625273 0 762680 8 0
991662567 0 762688 8 0
991710577 0 762704 16 0
993039631 0 749312 8 0
995541994 0 797352 8 0
997031648 0 748832 8 0
998352442 0 748448 8 0
998527657 0 748840 32 0
1001622943 0 798176 8 0
1002148357 0 75712 8 0
1004319882 0 798136 40 0
1005887774 0 748608 8 0
1005995168 0 747256 8 0
1006613667 0 748680 8 0
1007975590 0 748688 8 0
1008025184 0 748704 16 0
1009245562 0 769680 8 0
1011239443 0 748880 8 0
1011331795 0 748888 32 0
1011453157 0 769640 8 0
1013472858 0 769632 8 0
1016971494 0 769688 8 0
1018936754 0 746472 8 0
1022585797 0 797992 8 0
1024536775 0 797984 8 0
1026367343 0 797976 8 0
1028511725 0 515696 224 0
1028711892 0 747936 8 0
1028728770 0 747944 32 0
1028954876 0 797912 8 0
1028969014 0 797920 32 0
1029586965 0 797960 8 0
1031007354 0 797968 8 0
1031544014 0 797952 8 0
1032403796 0 515600 96 0
1032993085 0 522704 240 0
1036298564 0 294792 32 0
1039642954 0 294888 136 0
1050000569 0 294824 64 0
1035662461 0 823296 64 1
1036226612 0 4460632 32 0
1036361456 0 4460896 136 0
1039703024 0 4460664 232 0
1054026315 0 4474240 32 0
1072425280 0 288448 32 0
1075826053 0 288480 8 0
1075932517 0 4515376 32 0
1075972388 0 4515408 112 0
1076994833 0 4458568 8 0
1079060674 0 287472 32 0
1083517668 0 287504 48 0
1102091977 0 478808 32 0
1068719956 0 4474272 32 0
1092105018 0 283744 32 0
1105027147 0 478888 8 0
1107330851 0 478840 48 0
1107446169 0 521872 48 0
1107498163 0 4543416 8 0
1108992084 0 4543408 8 0
1110787530 0 4543376 32 0
1115924976 0 516864 96 0
1177969500 0 761224 8 0
1179855666 0 761232 32 0
1181832433 0 746608 32 0
1183047148 0 763232 8 0
1202745009 0 794600 8 0
1204660365 0 794608 32 0
1207129799 0 792976 8 0
1209566804 0 796624 8 0
1211342333 0 794640 64 0
1211849839 0 794592 8 0
1214150398 0 747560 8 0
1214307613 0 795272 8 0
1217053945 0 795280 32 0
1223168053 0 795336 8 0
1223249738 0 795328 8 0
1223456132 0 793024 8 0
1230134273 0 793032 16 0
1232008945 0 793496 8 0
1232024469 0 793504 32 0
1232201919 0 748376 8 0
1232217019 0 748384 32 0
1232384670 0 795784 8 0
1232726555 0 749768 8 0
1233009506 0 483744 24 0
1233074270 0 762720 48 0
1235486943 0 796488 8 0
1235561642 0 796480 8 0
1235880530 0 796696 8 0
1235897238 0 796704 32 0
1236233681 0 747408 8 0
1236379799 0 747472 8 0
1236392583 0 747480 32 0
1236778832 0 794584 8 0
1238896022 0 794288 8 0
1240254755 0 794296 32 0
1242045408 0 794328 64 0
1242581677 0 483768 32 0
1244289316 0 483904 8 0
1244311848 0 483800 104 0
1244747132 0 794576 8 0
1244961601 0 794544 8 0
1245118799 0 793432 8 0
1245368898 0 749760 8 0
1245488108 0 749776 32 0
1245607746 0 793440 32 0
1246184623 0 483912 32 0
1246205644 0 485000 8 0
1247601768 0 484856 144 0
1253287657 0 485456 32 0
1256322932 0 485608 8 0
1257885871 0 485488 120 0
1260447749 0 485008 32 0
1261126159 0 485448 8 0
1261153949 0 485296 152 0
1261370049 0 485888 32 0
1264473682 0 486392 8 0
1267457897 0 486240 152 0
1268295956 0 4595712 32 0
1308964443 0 4596176 8 0
1310746099 0 4596024 152 0
1316863078 0 4596184 32 0
1319286773 0 4596352 8 0
1319311524 0 4596216 136 0
1319576229 0 4596360 32 0
1319593910 0 4596680 8 0
1319617714 0 4596536 144 0
1319870471 0 4538296 32 0
1325641593 0 4538360 8 0
1328172158 0 4597120 32 0
1328191655 0 4597176 8 0
1328204111 0 4597152 24 0
1328435699 0 4597184 32 0
1328453721 0 4597800 8 0
1329911136 0 4597632 168 0
1333759407 0 4597808 32 0
1334383106 0 4601112 8 0
1336805397 0 4600752 248 0
1336846645 0 4601000 8 0
1348229395 0 4601008 104 0
1348749473 0 4597064 32 0
1348773539 0 4597112 8 0
1348787541 0 4597096 16 0
1349037528 0 4601120 32 0
1349055233 0 4601344 8 0
1349075597 0 4601192 152 0
1349331838 0 4601352 32 0
1349349373 0 4601480 8 0
1402423244 0 762144 8 0
1356404736 0 4601384 96 0
1356939871 0 4538368 32 0
1356960839 0 4542712 8 0
1368498844 0 4542248 248 0
1368536630 0 4542496 8 0
1375261608 0 4542504 208 0
1375870565 0 4542720 32 0
1375954749 0 4542920 8 0
1375977169 0 4542776 144 0
1376232442 0 4542928 32 0
1378379900 0 4543368 8 0
1378404334 0 4543216 152 0
1378751551 0 4601528 32 0
1378771991 0 4603016 8 0
1378802380 0 4602784 232 0
1380303726 0 794392 144 0
1380858117 0 795320 8 0
1382185584 0 747840 8 0
1382201490 0 747848 32 0
1382351418 0 749456 8 0
1382644803 0 794280 8 0
1389893038 0 794184 32 0
1393070186 0 794216 64 0
1395961680 0 797904 8 0
1396314837 0 797896 8 0
1396587927 0 797880 8 0
1396601989 0 797888 8 0
1397112414 0 797864 8 0
1397125115 0 797872 8 0
1397617461 0 797856 8 0
1398045611 0 797832 24 0
1399057108 0 796392 8 0
1399738973 0 748872 8 0
1401237810 0 797064 8 0
1401253950 0 797072 32 0
1401516043 0 521096 248 0
1401584980 0 521344 8 0
1413771678 0 797416 8 0
1414004732 0 796608 8 0
1414648155 0 4603024 8 0
1414862763 0 4603032 32 0
1414882868 0 4603064 8 0
1415130238 0 4603072 32 0
1415149685 0 4603248 8 0
1415172336 0 4603112 136 0
1415447620 0 4543424 32 0
1415467256 0 4545208 8 0
1415488703 0 4545056 152 0
1415860899 0 4545216 32 0
1416108206 0 4603256 32 0
1416127681 0 4603696 8 0
1416152997 0 4603536 160 0
1416487186 0 4545248 32 0
1416509199 0 4545776 8 0
1416536394 0 4545608 168 0
1417108811 0 4545784 32 0
1417167326 0 4546616 8 0
1418930420 0 4546416 200 0
1403968746 0 762152 32 0
1405905713 0 762184 64 0
1406406939 0 762136 8 0
1410570279 0 797432 8 0
1410584686 0 797440 8 0
1410588588 0 797464 8 0
1411694485 0 748720 48 0
1411866890 0 797424 8 0
1412225116 0 795792 32 0
1412310882 0 795824 64 0
1413282713 0 512752 248 0
1413336200 0 513000 8 0
1413357656 0 513008 136 0
1413410339 0 517496 248 0
1413451877 0 517744 8 0
1413475891 0 517752 88 0
1413595723 0 517360 136 0
1413683893 0 513144 72 0
1413719592 0 514120 24 0
1416661888 0 514408 248 0
1416668052 0 514656 8 0
1417120338 0 522568 136 0
1417380612 0 522560 8 0
1419629044 0 512728 24 0
1419808284 0 522176 128 0
1420322286 0 512416 56 0
1468751727 0 4546624 32 0
1468777551 0 4546944 8 0
1468804288 0 4546808 136 0
1469040852 0 4603704 32 0
1469060863 0 4603864 8 0
1469079214 0 4603736 128 0
1469320350 0 4546952 32 0
1469337317 0 4550424 8 0
1476437201 0 4550072 248 0
1476482779 0 4550320 8 0
1490910875 0 4550328 96 0
1494110231 0 4550432 32 0
1494931948 0 4550472 8 0
1494953495 0 4550464 8 0
1495190200 0 4550480 32 0
1495207245 0 4550528 8 0
1495218617 0 4550512 16 0
1495478675 0 4550536 32 0
1495495960 0 4551064 8 0
1510129817 0 4550888 176 0
1510529985 0 4551072 32 0
1510549806 0 4553680 8 0
1513859254 0 4553544 136 0
1519870965 0 4553688 32 0
1524626155 0 4553984 8 0
1524658836 0 4553840 144 0
1524938790 0 4553992 32 0
1524956415 0 4554168 8 0
1524974777 0 4554024 144 0
1525239281 0 4554176 32 0
1525256889 0 4554248 8 0
1526858283 0 4554208 40 0
1527293580 0 606208 32 0
1542014956 0 733888 8 0
1542058311 0 613928 248 0
1542084363 0 614176 8 0
1592846224 0 614184 216 0
1592879021 0 733744 40 0
1592934307 0 733784 104 0
1593878895 0 797408 8 0
1594266122 0 4530928 32 0
1601452579 0 4534672 8 0
1603700051 0 4534288 248 0
1603743292 0 4534536 8 0
1614557391 0 4534544 128 0
1615063653 0 4534680 32 0
1616138763 0 4538280 8 0
1644075381 0 4537872 248 0
1644153005 0 4538120 8 0
1694589959 0 4538128 152 0
1695148240 0 4603896 32 0
1695175692 0 4606296 8 0
1706659249 0 4605984 248 0
1706706841 0 4606232 8 0
1713934558 0 4606240 56 0
1714514035 0 4606304 32 0
1722679518 0 4607040 8 0
1722718212 0 4606848 192 0
1726258761 0 793792 8 0
1727863973 0 792944 8 0
1733211844 0 792952 16 0
1737181992 0 792984 40 0
1737502783 0 796664 8 0
1741398053 0 796520 8 0
1741414065 0 796528 32 0
1741608949 0 793336 8 0
1741626438 0 793344 32 0
1742256920 0 797056 8 0
1742801810 0 796672 24 0
1743201573 0 796656 8 0
1743601405 0 769672 8 0
1759441674 0 794848 8 0
1759704551 0 769696 32 0
1778565737 0 748456 32 0
1778835618 0 797784 8 0
1778991736 0 796648 8 0
1779645203 0 797776 8 0
1779835369 0 796632 8 0
1780505604 0 796616 8 0
1781145901 0 748416 32 0
1781924115 0 796600 8 0
1782532233 0 796584 8 0
1782545936 0 796592 8 0
1782997375 0 796464 8 0
1783343042 0 483736 8 0
1784601348 0 796576 8 0
1784929762 0 796560 16 0
1785733644 0 796736 248 0
1785777230 0 796984 8 0
1786566318 0 796512 8 0
1787130650 0 748328 8 0
1787198796 0 791480 8 0
1796898319 0 790744 8 0
1805552509 0 827392 64 1
1924576413 0 611952 8 0
1926505034 0 611960 32 0
1929180320 0 791624 8 0
1931822076 0 610232 8 0
1933770960 0 610248 8 0
1940233355 0 747800 8 0
1940369099 0 750984 8 0
1940384912 0 750992 32 0
1940574434 0 750360 8 0
1940652822 0 750968 8 0
1940751885 0 750416 8 0
1940765627 0 750424 32 0
1940946036 0 750408 8 0
1941124762 0 751136 8 0
1941138396 0 751144 32 0
1941216036 0 751176 64 0
1941676518 0 792920 8 0
1945807822 0 746544 8 0
1967186625 0 4546040 8 0
1970331418 0 4545816 72 0
1971408040 0 4545464 8 0
1972401600 0 4545472 32 0
1977019097 0 4545888 144 0
1977034594 0 4546032 8 0
1977042282 0 4546048 240 0
1980236962 0 749008 8 0
1983685217 0 749016 32 0
1983907984 0 749048 64 0
1984377868 0 793160 8 0
1985617252 0 4545448 8 0
1985663583 0 4545456 8 0
1986872296 0 4546400 8 0
1990635838 0 4545440 8 0
1993929422 0 4545600 8 0
1995276990 0 794168 8 0
2021738297 0 4546408 8 0
2026301867 0 749384 8 0
2026705923 0 789216 8 0
2029084328 0 75744 8 0
2029177291 0 74200 8 0
2030801914 0 460928 32 0
2034695067 0 460960 8 0
2036738439 0 767000 8 0
2040699294 0 767008 32 0
2044163579 0 748488 64 0
2044814430 0 789208 8 0
2046876508 0 793872 8 0
2046893195 0 793880 32 0
2048728710 0 793912 64 0
2049601031 0 793856 8 0
2051201439 0 793864 8 0
2051791811 0 789192 8 0
2053170407 0 789200 8 0
2053209138 0 789224 8 0
2054976374 0 789184 8 0
2056829643 0 797192 8 0
2056844715 0 797200 32 0
2057115316 0 460912 16 0
2064030047 0 789176 8 0
2068307265 0 789256 8 0
2072169115 0 789264 32 0
2073915228 0 789296 64 0
2076622221 0 747240 8 0
2076781103 0 762856 8 0
2076796573 0 762864 32 0
2077467260 0 482176 32 0
2080860234 0 482360 8 0
2083233562 0 482208 64 0
2083408733 0 482272 88 0
2084640326 0 6912 8 0
2084649229 0 6920 8 0
2084654356 0 6928 8 0
2084658815 0 6936 8 0
2084663270 0 6944 8 0
2084668031 0 6952 8 0
2084671988 0 6960 8 0
2084675987 0 6968 8 0
2084679856 0 6976 8 0
2084684549 0 6992 8 0
2084688953 0 7000 8 0
2084696213 0 7008 8 0
2084700492 0 7016 8 0
2084704700 0 7024 8 0
2084709811 0 7032 8 0
2084714526 0 7040 8 0
2084718852 0 7048 8 0
2084723082 0 7056 8 0
2084727399 0 7064 8 0
2084731644 0 7072 8 0
2084735981 0 7080 8 0
2084740147 0 7088 8 0
2084744444 0 7096 8 0
2085475250 0 7104 8 0
2085483588 0 7112 8 0
2085488723 0 7120 8 0
2085493198 0 7128 8 0
2085498015 0 7136 8 0
2085502899 0 7144 8 0
2085507007 0 7152 8 0
2085511727 0 7160 8 0
2085515886 0 6984 8 0
2085556204 0 663288 32 0
2148720070 0 666152 144 0
2162359546 0 663448 248 0
2162401082 0 663696 8 0
2175514961 0 669648 32 0
2190263017 0 670168 136 0
2197367331 0 669680 224 0
2203621074 0 4592520 32 0
2207493896 0 4594544 144 0
2213175925 0 4592568 248 0
2213224228 0 4592816 8 0
2218348834 0 661280 32 0
2223505593 0 4516376 32 0
2223549216 0 4516408 136 0
2223636907 0 661312 32 0
2226327276 0 661344 32 0
2226449841 0 4592552 16 0
2226665048 0 4592824 240 0
2226939199 0 663320 128 0
2227298485 0 669904 248 0
2227335446 0 670152 8 0
2227445394 0 663704 128 0
2227518508 0 663832 248 0
2227561589 0 664080 8 0
2227681478 0 4593608 248 0
2227687657 0 4593856 8 0
2254646077 0 4593104 248 0
2254699596 0 4593352 8 0
2254737009 0 4593064 40 0
2255053100 0 4593360 184 0
2257275514 0 795056 8 0
2257297530 0 795064 32 0
2267042734 0 791216 8 0
2269796280 0 789064 8 0
2272034213 0 789168 8 0
2273743767 0 789056 8 0
2275125946 0 797168 24 0
2275545505 0 747832 8 0
2278374049 0 4545432 8 0
2290256683 0 4545408 8 0
2290809638 0 4545416 16 0
2291288314 0 4545504 8 0
2301131253 0 793104 8 0
2301188044 0 793112 32 0
2301580853 0 791200 8 0
2304065170 0 791176 8 0
2305395636 0 791184 16 0
2305402753 0 791208 8 0
2309166356 0 756848 8 0
2309378996 0 791224 56 0
2310586119 0 487264 32 0
2310642605 0 488720 16 0
2310710685 0 488528 192 0
2311835066 0 553696 8 0
2347216030 0 553704 32 0
2352479313 0 553736 64 0
2352742654 0 553680 8 0
2357630602 0 554616 8 0
2359229751 0 756840 8 0
2359588035 0 554424 8 0
2361210034 0 554432 32 0
2363239651 0 554416 8 0
2365138479 0 554400 8 0
2366693526 0 554408 8 0
2368327716 0 554392 8 0
2370342331 0 554464 152 0
2370359621 0 554624 8 0
2371023771 0 554072 8 0
2376327837 0 553968 8 0
2376375585 0 553976 32 0
2376482581 0 554008 64 0
2376754816 0 758352 8 0
2377914825 0 554152 8 0
2377966754 0 554160 32 0
2378449409 0 554080 72 0
2378454401 0 554192 8 0
2379198600 0 554256 8 0
2380008547 0 554288 8 0
2380273022 0 552144 8 0
2381824670 0 552152 32 0
2383852733 0 552184 64 0
2384040626 0 552248 128 0
2387343042 0 554376 8 0
2393029925 0 554200 56 0
2393037357 0 554264 16 0
2393426480 0 741496 8 0
2394872616 0 741504 32 0
2398538959 0 552128 8 0
2400026634 0 552136 8 0
2401716942 0 552080 8 0
2403128027 0 552088 32 0
2404850372 0 552120 8 0
2405356310 0 741488 8 0
2407753930 0 552376 248 0
2407764880 0 552624 8 0
2408717198 0 552064 8 0
2410666708 0 552072 8 0
2412326641 0 554336 8 0
2412751438 0 554328 8 0
2414327512 0 552032 8 0
2415678728 0 552040 24 0
2417923028 0 552632 248 0
2417933831 0 552880 8 0
2419193838 0 551992 8 0
2449724781 0 554384 8 0
2451893666 0 554280 8 0
2451905633 0 554296 32 0
2451909587 0 554344 32 0
2452392164 0 553960 8 0
2452559175 0 791168 8 0
2457398537 0 758344 8 0
2458050644 0 758360 24 0
2458302204 0 551984 8 0
2460427630 0 460400 8 0
2460750984 0 741728 8 0
2462384398 0 741720 8 0
2463729201 0 741480 8 0
2468396659 0 551968 8 0
2469678326 0 551976 8 0
2469685013 0 552000 8 0
2471638744 0 795216 8 0
2481315647 0 751280 8 0
2481633672 0 751240 40 0
2481648938 0 751288 64 0
2482466535 0 4546376 8 0
2484327079 0 750456 64 0
2484470825 0 750520 128 0
2484960620 0 546456 8 0
2486408448 0 546464 32 0
2488427922 0 546624 8 0
2498950834 0 546632 32 0
2502103925 0 4546288 88 0
2502117649 0 4546384 16 0
2508438196 0 4545592 8 0
2512221298 0 4545296 8 0
2533513809 0 793976 128 0
2534312281 0 747208 8 0
2536259648 0 747192 8 0
2536300890 0 747200 8 0
2536307463 0 747216 16 0
2536683149 0 790392 8 0
2540685543 0 790384 8 0
2544616908 0 793088 16 0
2544627545 0 793144 16 0
2544630150 0 793272 40 0
2546674152 0 4545392 8 0
2546733087 0 4545400 8 0
2548386198 0 750320 8 0
2548422617 0 750328 32 0
2548525708 0 750304 8 0
2548877271 0 750400 8 0
2549990856 0 748552 56 0
2550008315 0 748616 64 0
2550325636 0 747024 8 0
2550345521 0 747096 72 0
2550589669 0 750376 8 0
2550871923 0 750368 8 0
2550883986 0 750384 16 0
2551033647 0 546496 32 0
2552013139 0 546536 8 0
2552063217 0 546544 32 0
2552224738 0 750288 8 0
2553202272 0 750312 8 0
2553661303 0 546816 8 0
2553917494 0 797560 8 0
2553970098 0 797568 32 0
2554075374 0 797600 64 0
2554608079 0 797552 8 0
2554844881 0 749488 8 0
2554883081 0 749496 32 0
2555806968 0 797664 112 0
2556076609 0 746208 8 0
2591003417 0 745984 8 0
2594459683 0 794816 8 0
2594540732 0 797344 8 0
2594743151 0 749528 64 0
2596804330 0 460808 8 0
2626283652 0 769728 64 0
2627027510 0 749592 144 0
2627308982 0 797232 8 0
2627322507 0 797248 48 0
2628955666 0 750296 8 0
2629199010 0 750280 8 0
2629448164 0 795888 112 0
2630303872 0 748776 8 0
2630358518 0 748784 32 0
2630797473 0 791688 8 0
2633130992 0 791696 32 0
2635579657 0 748816 16 0
2635890989 0 546376 8 0
2640592325 0 546384 32 0
2645471539 0 546584 8 0
2646239113 0 546616 8 0
2646505056 0 546608 8 0
2646831673 0 749440 8 0
2646959411 0 749424 8 0
2647172284 0 749432 8 0
2647191894 0 749448 8 0
2647810360 0 546344 8 0
2649617469 0 546352 24 0
2660840635 0 546416 32 0
2661961464 0 546528 8 0
2661979577 0 546576 8 0
2661981901 0 546592 16 0
2662359567 0 546328 8 0
2669875119 0 546336 8 0
2673359173 0 793328 8 0
2673678245 0 793320 8 0
2673931772 0 793312 8 0
2673947646 0 793376 56 0
2673949234 0 793472 24 0
2673950497 0 793536 32 0
2674334211 0 749000 8 0
2677039314 0 762328 8 0
2677092193 0 762336 32 0
2677538446 0 480304 32 0
2677627536 0 480368 8 0
2677674236 0 480336 32 0
2677846700 0 762432 8 0
2677883892 0 762440 32 0
2678373543 0 762248 80 0
2680142529 0 546664 152 0
2680158467 0 546824 80 0
2680593570 0 765248 8 0
2687164100 0 765256 8 0
2694465115 0 748768 8 0
2694751878 0 546448 8 0
2695596203 0 750816 8 0
2695671305 0 750824 32 0
2696085231 0 750752 8 0
2696395071 0 747168 24 0
2696404677 0 747232 8 0
2696406391 0 747248 8 0
2696409260 0 747304 72 0
2697069265 0 789984 8 0
2699199822 0 789992 32 0
2702963780 0 790024 64 0
2703139905 0 790088 128 0
2708467930 0 750736 8 0
2708574933 0 750744 8 0
2708583979 0 750760 16 0
2711005243 0 750776 40 0
2711016287 0 750856 112 0
2714339106 0 762368 64 0
2714353969 0 762472 136 0
2717814137 0 547528 8 0
2718992458 0 765344 64 0
2719237857 0 765408 248 0
2719247191 0 765656 8 0
2728879211 0 547536 32 0
2758046765 0 791448 8 0
2766529846 0 796992 64 0
2766553355 0 797104 56 0
2767078912 0 747528 8 0
2767763029 0 747680 8 0
2768544702 0 482368 32 0
2768636960 0 482504 8 0
2768704758 0 482400 64 0
2768726290 0 482464 40 0
2769017499 0 764088 8 0
2769294659 0 763720 8 0
2780589558 0 746040 8 0
2782676217 0 745968 8 0
2785336371 0 746048 32 0
2788382102 0 746080 64 0
2788944201 0 540824 8 0
2791295246 0 746008 8 0
2792928866 0 746016 24 0
2795060138 0 746240 8 0
2795249748 0 746232 8 0
2795340800 0 746256 8 0
2795545516 0 746248 8 0
2795554327 0 746264 8 0
2795765274 0 540912 8 0
2796989951 0 540920 32 0
2798797627 0 540952 64 0
2803472749 0 746192 8 0
2803526591 0 746200 8 0
2803533943 0 746216 16 0
2803749741 0 540816 8 0
2807693980 0 791664 8 0
2820839956 0 797336 8 0
2821052123 0 747568 8 0
2821638965 0 791456 8 0
2821683251 0 791464 16 0
2821689512 0 791488 8 0
2825846387 0 748920 80 0
2825864255 0 749112 16 0
2840449089 0 797296 40 0
2840463418 0 797400 8 0
2840465023 0 797472 40 0
2853372820 0 791560 8 0
2853477393 0 791568 32 0
2853598067 0 791600 24 0
2853606888 0 791632 32 0
2854032166 0 791552 8 0
2855691005 0 265848 8 0
2858661957 0 769624 8 0
2863180360 0 460992 8 0
2863314786 0 4195584 8 0
2863323634 0 4195592 8 0
2863324870 0 4195600 8 0
2863325907 0 4195608 8 0
2863327392 0 4195624 8 0
2863329039 0 4195632 8 0
2863330229 0 4195640 8 0
2863331460 0 4195648 8 0
2863332807 0 4195656 8 0
2863334346 0 4195664 8 0
2863335642 0 4195672 8 0
2863337835 0 4195680 8 0
2863339179 0 4195688 8 0
2863340560 0 4195696 8 0
2863341857 0 4195704 8 0
2863343133 0 4195712 8 0
2863344376 0 4195720 8 0
2863345715 0 4195728 8 0
2863347691 0 4195736 8 0
2863349033 0 4195744 8 0
2863350414 0 4195752 8 0
2863352058 0 4195760 8 0
2863353287 0 4195768 8 0
2863354662 0 4195776 8 0
2863355747 0 4195784 8 0
2863361103 0 4195792 8 0
2863362433 0 4195800 8 0
2863363786 0 4195808 8 0
2863365110 0 4195816 8 0
2863366353 0 4195824 8 0
2863367470 0 4195832 8 0
2863369045 0 4195840 8 0
2863369650 0 4195616 8 0
2863403418 0 4261760 8 0
2867188958 0 747592 8 0
2867504308 0 747584 8 0
2867644315 0 764280 8 0
2869328217 0 764312 8 0
2874870320 0 764480 8 0
2876175371 0 764488 32 0
2885153179 0 764520 64 0
2885441814 0 764240 8 0
2894041162 0 747704 8 0
2894095965 0 747712 32 0
2894706172 0 764304 8 0
2900220556 0 764472 8 0
2902379780 0 764584 144 0
2902707531 0 764248 8 0
2902834235 0 747640 8 0
2902931548 0 747664 8 0
2903942419 0 764440 8 0
2905264758 0 764448 24 0
2906924342 0 747696 8 0
2907930321 0 747632 8 0
2908064659 0 747576 8 0
2908333929 0 764344 8 0
2910103806 0 764336 8 0
2911926856 0 4261848 8 0
2913094668 0 4577584 8 0
2914621052 0 791528 8 0
2914697506 0 791536 16 0
2915946838 0 791496 32 0
2930145579 0 795240 8 0
2938103776 0 796504 8 0
2939104532 0 796496 8 0
2940076865 0 795384 8 0
2954416715 0 4545552 8 0
2954972306 0 4545544 8 0
2955488270 0 4545576 8 0
2955932320 0 4545560 16 0
2956350093 0 4545584 8 0
2975652541 0 4260792 8 0
2986348524 0 4262760 8 0
2994314851 0 4578440 40 0
3010087304 0 612040 8 0
3018227071 0 606928 8 0
3028488239 0 606936 32 0
3031804896 0 606968 64 0
3033634713 0 606256 8 0
3035414453 0 611272 8 0
3050570758 0 611280 32 0
3053039789 0 610648 8 0
3073061063 0 610656 32 0
3077920581 0 746368 32 0
3078381840 0 606920 8 0
3080465501 0 606264 32 0
3081014284 0 611784 16 0
3086752146 0 610240 8 0
3089191860 0 606912 8 0
3095813554 0 4550736 8 0
3096291816 0 4550800 8 0
3096338432 0 4550808 32 0
3097345986 0 4550592 8 0
3097392830 0 4550600 32 0
3098095540 0 4550632 104 0
3098109375 0 4550744 56 0
3100499593 0 4541368 8 0
3102915625 0 4541376 32 0
3110616893 0 4541352 8 0
3112413528 0 4541360 8 0
3114051987 0 4538496 8 0
3114839711 0 4541344 8 0
3116622254 0 4541472 8 0
3117314366 0 4541328 8 0
3118981062 0 4541488 8 0
3119637792 0 4541320 8 0
3121429565 0 794720 8 0
3121891419 0 4538552 8 0
3122832706 0 4550576 8 0
3122866582 0 4550584 8 0
3128500700 0 4550568 8 0
3129565370 0 4550840 48 0
3133651044 0 748168 8 0
3133863135 0 748232 8 0
3133908225 0 748240 32 0
3166188150 0 747552 8 0
3213088112 0 4538528 8 0
3213149126 0 4538536 16 0
3213155233 0 4538560 8 0
3213808553 0 4538520 8 0
3214599129 0 795352 8 0
3214645778 0 795360 24 0
3214968341 0 762664 8 0
3215015052 0 762672 8 0
3231791184 0 4540704 8 0
3231857644 0 4540712 32 0
3232733058 0 4540696 8 0
3233118060 0 4540672 8 0
3233163900 0 4540680 16 0
3234357727 0 4539744 8 0
3234405360 0 4539752 32 0
3234906814 0 4539568 8 0
3235395414 0 4539584 8 0
3235881723 0 4540552 8 0
3235924806 0 4540560 32 0
3236620834 0 606904 8 0
3239191043 0 606896 8 0
3240899141 0 607032 144 0
3242818823 0 611176 8 0
3249436026 0 611136 8 0
3250939226 0 611144 32 0
3259803974 0 795192 8 0
3260272292 0 765176 8 0
3260309587 0 765184 32 0
3260469091 0 765168 8 0
3264002286 0 765152 8 0
3264053861 0 765160 8 0
3269382741 0 613624 8 0
3281548208 0 613632 32 0
3283808651 0 613664 64 0
3285672779 0 4603296 8 0
3286121291 0 4603304 32 0
3287507628 0 611112 8 0
3289592447 0 613568 8 0
3292358194 0 4601640 8 0
3292415773 0 4601648 32 0
3293000751 0 4601680 64 0
3294660488 0 4543000 8 0
3295564172 0 4542992 8 0
3296271486 0 4601632 8 0
3298112392 0 4542960 32 0
3298127336 0 4543008 24 0
3300216346 0 4543072 8 0
3300272325 0 4543080 32 0
3302410504 0 4601608 8 0
3304507247 0 4602320 8 0
3305177447 0 4602344 8 0
3305224891 0 4602352 32 0
3305715499 0 4601576 8 0
3306139797 0 4601872 8 0
3306689081 0 4601600 8 0
3308860389 0 4602728 8 0
3309281843 0 4602736 32 0
3309734809 0 4601560 16 0
3309755525 0 4601584 16 0
3309756196 0 4601616 16 0
3310129642 0 4602256 8 0
3310180291 0 4602264 32 0
3311131611 0 4602296 24 0
3311145351 0 4602328 16 0
3313343725 0 4602472 8 0
3313410141 0 4602480 32 0
3314489863 0 4601880 8 0
3314552643 0 4601888 32 0
3315739369 0 4602424 8 0
3315802017 0 4602432 32 0
3317004345 0 4602392 8 0
3317054939 0 4602400 24 0
3319637780 0 4602240 8 0
3319688183 0 4602248 8 0
3320349467 0 4601744 128 0
3320357521 0 4601920 80 0
3322889339 0 4602200 8 0
3322940422 0 4602208 32 0
3324751621 0 4602768 16 0
3326032241 0 4602384 8 0
3326038327 0 4602464 8 0
3326043965 0 4602512 128 0
3334690865 0 765232 8 0
3334744800 0 765240 8 0
3335716313 0 762768 32 0
3335790543 0 762800 56 0
3344829781 0 4543120 8 0
3344881299 0 4543128 32 0
3345090513 0 4543160 56 0
3345711571 0 4543048 8 0
3345762451 0 4543056 16 0
3347103829 0 4543112 8 0
3354490934 0 4602712 8 0
3355297759 0 4602720 8 0
3356170175 0 4602704 8 0
3367312354 0 4602680 8 0
3367364539 0 4602688 16 0
3372223157 0 4602000 200 0
3412822910 0 4602656 8 0
3412883134 0 4602664 16 0
3413504494 0 4602640 16 0
3435500718 0 610168 8 0
3437329756 0 610176 32 0
3439481101 0 610128 8 0
3441261049 0 610152 8 0
3443068725 0 610216 8 0
3443443096 0 610224 8 0
3444875028 0 609960 8 0
3446865528 0 610048 8 0
3448084734 0 610056 32 0
3450373087 0 608736 8 0
3451710472 0 608744 32 0
3453944481 0 609040 8 0
3455896069 0 609048 32 0
3458035468 0 608480 8 0
3459666333 0 613776 8 0
3459754624 0 613784 32 0
3462276056 0 613544 8 0
3470622572 0 613552 16 0
3470629563 0 613576 8 0
3484566015 0 611312 48 0
3485027256 0 611216 8 0
3485083730 0 611224 32 0
3485826690 0 611256 16 0
3485843621 0 611360 88 0
3488422862 0 606800 8 0
3649691298 0 795344 8 0
3638979521 0 606752 8 0
3641258476 0 749272 8 0
3641274954 0 749280 32 0
3641465632 0 749248 8 0
3641477232 0 749256 16 0
3641722389 0 749320 64 0
3641739976 0 749392 8 0
3643174217 0 606784 8 0
3646202124 0 749400 24 0
3646216663 0 749464 24 0
3646670924 0 748368 8 0
3646944216 0 749152 8 0
3647061612 0 749128 24 0
3647077021 0 749160 88 0
3653109306 0 606824 8 0
3660019439 0 606832 32 0
3695439003 0 606864 32 0
3776943031 0 612208 8 0
3776990212 0 612216 32 0
3777196028 0 612248 64 0
3777350654 0 612312 128 0
3777883831 0 612440 248 0
3777888656 0 612688 8 0
3783055099 0 610352 8 0
3786937988 0 4540376 8 0
3791921759 0 610864 8 0
3796148818 0 612192 8 0
3796190208 0 612200 8 0
3798005403 0 4542104 8 0
3803517109 0 4542168 8 0
3805636352 0 611560 8 0
3805660010 0 611568 32 0
3806862704 0 610208 8 0
3808899579 0 4539128 8 0
3779080771 0 609968 8 0
3780908366 0 609976 32 0
3785326205 0 609952 8 0
3787559695 0 609592 8 0
3789602376 0 609600 32 0
3793781159 0 609656 8 0
3796543146 0 609672 8 0
3796556934 0 609680 32 0
3796946374 0 609712 192 0
3806021901 0 611848 8 0
3807355327 0 610096 8 0
3808080219 0 608928 8 0
3813535476 0 613520 8 0
3813548016 0 613528 16 0
3813976219 0 613840 8 0
3818109736 0 4540760 8 0
3819127874 0 4540944 8 0
3819143299 0 4540952 32 0
3819809492 0 4539072 8 0
3819825563 0 4539080 32 0
3820323751 0 4539112 16 0
3820336031 0 4539136 40 0
3821308694 0 4539024 8 0
3821324376 0 4539032 32 0
3822595789 0 4540480 8 0
3824874496 0 4538984 8 0
3825189874 0 4540288 8 0
3825829050 0 4539000 8 0
3826196363 0 4538976 8 0
3827273974 0 4539008 16 0
3827290679 0 4539064 8 0
3828111826 0 4538992 8 0
3828972385 0 4539520 8 0
3828987363 0 4539528 32 0
3830237010 0 4539560 8 0
3830247024 0 4539576 8 0
3830376039 0 4539592 32 0
3830883804 0 4539496 8 0
3831893222 0 4539176 248 0
3831894008 0 4539424 8 0
3838384386 0 610360 8 0
3838400765 0 610368 32 0
3810076363 0 609544 8 0
3811655065 0 609552 32 0
3814079913 0 609304 8 0
3815588634 0 609312 32 0
3818238475 0 606320 8 0
3818286598 0 606328 32 0
3819278057 0 606312 8 0
3821364209 0 610712 8 0
3821397337 0 610720 32 0
3822112135 0 606816 8 0
3824765116 0 607760 8 0
3824811647 0 607768 32 0
3825870986 0 607728 8 0
3826395558 0 612016 8 0
3828641785 0 4596520 8 0
3828693086 0 4596528 8 0
3829127967 0 4596392 72 0
3829401756 0 4596480 8 0
3829774061 0 607632 8 0
3830795527 0 609664 8 0
3831102218 0 606360 64 0
3831481507 0 613488 8 0
3836799790 0 613312 8 0
3837155663 0 613320 32 0
3838052309 0 613832 8 0
3838947848 0 612024 8 0
3839000130 0 612032 8 0
3839007243 0 612048 16 0
3840729976 0 607288 8 0
3841174310 0 607752 8 0
3844263663 0 611528 8 0
3844578489 0 611480 8 0
3856705270 0 789936 8 0
3863046467 0 4601160 8 0
3863427367 0 4601176 16 0
3863998403 0 4601168 8 0
3867023972 0 4601152 8 0
3872964879 0 607624 8 0
3873569088 0 4596464 16 0
3873577028 0 4596488 32 0
3874211877 0 607376 8 0
3874254867 0 607384 32 0
3874426162 0 607416 64 0
3874559717 0 607480 128 0
3889351904 0 607368 8 0
3891598695 0 607608 16 0
3891608084 0 607640 88 0
3891610118 0 607736 16 0
3891612388 0 607800 64 0
3892522352 0 607864 248 0
3892527084 0 608112 8 0
3896483524 0 607256 8 0
3896531130 0 607264 24 0
3898876137 0 607248 8 0
3909323717 0 608176 8 0
3909708543 0 608208 8 0
3909757744 0 608216 32 0
3910133000 0 608248 64 0
3911292148 0 608336 8 0
3911688527 0 608136 8 0
3911732126 0 608144 32 0
3912194530 0 608344 32 0
3913466744 0 608376 64 0
3913884990 0 608328 8 0
3914604512 0 608192 8 0
3917844544 0 608120 16 0
3917855987 0 608184 8 0
3917858172 0 608200 8 0
3917858866 0 608312 16 0
3962016509 0 609632 24 0
3963848037 0 610088 8 0
3963862585 0 610104 24 0
3963863232 0 610136 16 0
3966148066 0 4540336 8 0
3966230222 0 4540344 32 0
3967347977 0 4540048 8 0
3967684529 0 4540752 8 0
3967995984 0 4541080 8 0
3968290106 0 4540216 8 0
3968700392 0 4539624 112 0
3969706149 0 4538456 8 0
3969753107 0 4538464 32 0
3970131603 0 4540240 8 0
3970178085 0 4540248 32 0
3970548062 0 4540280 8 0
3970559035 0 4540296 40 0
3970977809 0 4539432 64 0
3970989280 0 4539504 16 0
3972009548 0 4540512 8 0
3972056608 0 4540520 32 0
3972610017 0 4540472 8 0
3973469224 0 4540496 8 0
3974309319 0 4540744 8 0
3974323128 0 4540768 24 0
3974685107 0 4540592 80 0
3976280438 0 4541088 8 0
3977818393 0 4539912 8 0
3978564848 0 4540504 8 0
3979384324 0 4541680 8 0
3979430496 0 4541688 32 0
3980009554 0 4541672 8 0
3980527151 0 607344 8 0
3981396466 0 607296 48 0
3981407234 0 607352 8 0
3982460825 0 610008 40 0
3986213653 0 611864 8 0
3990767531 0 607360 8 0
3994336354 0 613480 8 0
3998773410 0 609584 8 0
4002380804 0 610784 8 0
4004022911 0 608976 8 0
4004532493 0 608952 8 0
4004647824 0 608960 16 0
4004656566 0 608984 8 0
4005401498 0 608992 48 0
4008776921 0 608656 8 0
4008876573 0 608664 32 0
4010344596 0 608488 8 0
4010391027 0 608496 32 0
4010741574 0 608464 8 0
4011571140 0 608472 8 0
4011891084 0 608704 8 0
4013861914 0 609904 48 0
4014932010 0 608648 8 0
4022171750 0 765920 8 0
4022248072 0 765928 32 0
4022503001 0 486608 32 0
4022558909 0 487256 8 0
4022616765 0 487096 160 0
4022892202 0 767064 8 0
4022935436 0 767072 32 0
4026777034 0 766984 8 0
4026835039 0 766992 8 0
4028034744 0 610696 8 0
4028072973 0 610704 8 0
4028664799 0 791112 8 0
4029113233 0 610688 8 0
4030363577 0 4540792 152 0
4030377405 0 4540984 64 0
4032197033 0 4538624 8 0
4032248804 0 4538632 32 0
4034669602 0 611872 8 0
4034983701 0 611808 8 0
4036940136 0 609480 8 0
4037037334 0 609488 32 0
4044200060 0 794568 8 0
4044982258 0 794552 8 0
4045033970 0 794560 8 0
4046101354 0 747976 64 0
4046487096 0 795600 8 0
4046672520 0 790632 8 0
4046951430 0 767040 24 0
4048188909 0 4546656 32 0
4048429594 0 4546688 64 0
4048623668 0 4546752 56 0
4048769466 0 831488 88 1
4050318060 0 4538584 8 0
4050372442 0 4538592 32 0
4050990762 0 4538568 16 0
4055450526 0 613728 48 0
4055463790 0 613816 16 0
4055465430 0 613848 24 0
4057777659 0 4541752 8 0
4057874174 0 4541760 32 0
4058504320 0 4541720 32 0
4059341607 0 789880 8 0
4059381934 0 789888 32 0
4059484833 0 789920 16 0
4059493304 0 789944 40 0
4068349670 0 611816 8 0
4068818236 0 611840 8 0
4072295709 0 610160 8 0
4072313086 0 610256 96 0
4072313844 0 610400 16 0
4080561027 0 4538960 8 0
4087209627 0 611832 8 0
4092891044 0 611120 8 0
4093273625 0 613872 56 0
4093684768 0 609424 8 0
4093730447 0 609432 32 0
4094792837 0 609536 8 0
4095734564 0 611672 8 0
4096228667 0 610912 8 0
4096268313 0 610920 32 0
4096457820 0 610952 64 0
4096604207 0 611016 96 0
4096613085 0 611128 8 0
4098491699 0 610832 8 0
4098542937 0 610840 24 0
4102180479 0 611856 8 0
4102185832 0 611880 8 0
4108903194 0 4538664 248 0
4108912482 0 4538912 8 0
4117351911 0 609296 8 0
4117792660 0 792936 8 0
4120294216 0 792928 8 0
4122378741 0 792912 8 0
4124334298 0 792904 8 0
4130468158 0 792896 8 0
4143985919 0 611448 32 0
4144004035 0 611488 40 0
4144005542 0 611536 24 0
4144010494 0 611600 72 0
4144011736 0 611680 24 0
4148574101 0 733736 8 0
4148686174 0 729320 248 0
4148694795 0 729568 8 0
4148728169 0 729576 248 0
4148729039 0 729824 8 0
4148845696 0 729832 248 0
4148846371 0 730080 8 0
4149563060 0 730088 248 0
4149567163 0 730336 8 0
4149639333 0 730344 248 0
4149639932 0 730592 8 0
4149989889 0 730600 248 0
4149997102 0 730848 8 0
4150066561 0 730856 248 0
4150070549 0 731104 8 0
4150139589 0 731112 248 0
4150146108 0 731360 8 0
4150228347 0 731368 248 0
4150234880 0 731616 8 0
4150304106 0 731624 248 0
4150309849 0 731872 8 0
4150376274 0 731880 248 0
4150376852 0 732128 8 0
4150549789 0 732136 248 0
4150555910 0 732384 8 0
4150685122 0 732392 248 0
4150685632 0 732640 8 0
4150779283 0 732648 248 0
4150779917 0 732896 8 0
4150881721 0 732904 248 0
4150888764 0 733152 8 0
4150960157 0 733160 248 0
4150966279 0 733408 8 0
4151035356 0 733416 248 0
4151041428 0 733664 8 0
4151099224 0 733672 64 0
4155345600 0 4542752 24 0
4158346455 0 613592 8 0
4158442941 0 613600 24 0
4191358473 0 746536 8 0
4191388257 0 746552 16 0
4197382045 0 611720 8 0
4197840088 0 608848 8 0
4197857166 0 608856 32 0
4199526855 0 612008 8 0
4204360013 0 790624 8 0
4207506299 0 606808 8 0
4208591765 0 608896 8 0
4208607673 0 608904 24 0
4209746593 0 608888 8 0
4192535772 0 613584 8 0
4194013023 0 4543512 8 0
4194063951 0 4543520 32 0
4194269535 0 4543552 64 0
4194410991 0 4543616 128 0
4197978049 0 4543504 8 0
4198327932 0 2056 8 0
4200447110 0 4544128 8 0
4200496070 0 4544136 32 0
4200835535 0 4544168 64 0
4201096496 0 4544232 128 0
4201980108 0 823040 216 1
4202584777 0 793568 128 0
4202854989 0 747432 8 0
4202896857 0 747440 32 0
4203229419 0 747424 8 0
4206722950 0 4543744 248 0
4206728245 0 4543992 8 0
4207669734 0 4543496 8 0
4209943726 0 4543456 40 0
4210621854 0 609080 192 0
4211696099 0 609272 24 0
4211769825 0 609344 80 0
4211796277 0 609464 16 0
4211802030 0 609520 8 0
4213302444 0 608944 8 0
4213723727 0 608440 24 0
4213737045 0 608528 56 0
4214803091 0 608936 8 0
4216329617 0 611768 8 0
4217006137 0 611760 8 0
4220866994 0 608696 8 0
4220878750 0 608712 16 0
4225023378 0 4541520 8 0
4225038857 0 4541528 32 0
4226450268 0 4540072 8 0
4226465482 0 4540080 32 0
4227391092 0 4540200 8 0
4227405680 0 4540208 8 0
4227411792 0 4540224 16 0
4228233185 0 4540056 8 0
4229818211 0 4540176 8 0
4230158026 0 4540168 8 0
4231108514 0 4540184 16 0
4231532478 0 4540128 8 0
4231550222 0 4540136 32 0
4233738564 0 4538504 16 0
4235150540 0 4540112 16 0
4238845980 0 4540064 8 0
4239238007 0 4540384 88 0
4239260319 0 4540488 8 0
4250397620 0 4539992 8 0
4250413899 0 4540000 32 0
4251120658 0 4539984 8 0
4252333788 0 4539976 8 0
4226153270 0 747776 8 0
4226714062 0 747816 8 0
4226839134 0 747808 8 0
4226843978 0 747824 8 0
4228166699 0 747784 8 0
4228616368 0 765664 248 0
4228621429 0 765912 8 0
4230154690 0 747792 8 0
4236489779 0 751432 8 0
4238705938 0 763208 8 0
4238753955 0 763216 16 0
4238757372 0 763240 8 0
4241049560 0 751024 64 0
4242957961 0 751088 48 0
4246271433 0 747744 32 0
4246420121 0 751864 8 0
4246467911 0 751872 32 0
4246801902 0 750264 8 0
4247280897 0 750256 8 0
4249409477 0 746416 8 0
4249851450 0 758232 8 0
4249899921 0 758240 32 0
4249999121 0 758272 64 0
4250501446 0 751760 8 0
4250540790 0 751768 32 0
4250705775 0 757704 8 0
4250795939 0 757680 8 0
4250831069 0 757688 16 0
4250834365 0 757712 8 0
4250993131 0 757528 8 0
4251989343 0 548568 8 0
4252035117 0 548576 32 0
4252132837 0 548608 64 0
4253649174 0 751416 8 0
4253692799 0 751424 8 0
4253697350 0 751440 16 0
4254086316 0 547520 8 0
4254408183 0 547480 8 0
4254451886 0 547488 32 0
4255403103 0 547344 8 0
4255450594 0 547352 32 0
4255863804 0 547336 8 0
4257392291 0 794104 64 0
4258142164 0 460872 8 0
4264053589 0 612064 64 0
4541655463 0 794768 48 0
4541665834 0 794824 8 0
4542494984 0 790216 168 0
4542506750 0 790400 72 0
4546052548 0 794704 16 0
4536896897 0 611712 8 0
4538228917 0 794728 8 0
4538318336 0 794736 32 0
4542975502 0 611992 16 0
4544332964 0 4542016 8 0
4544377309 0 4542024 32 0
4545991492 0 613512 8 0
4546818341 0 606760 8 0
4546866077 0 606768 16 0
4546875140 0 606792 8 0
4552767097 0 747880 56 0
4552782242 0 748040 96 0
4554271078 0 790472 152 0
4554285044 0 790640 88 0
4554561001 0 789360 32 0
4603413904 0 608584 32 0
4603641968 0 608616 32 0
4603798048 0 608728 8 0
4603804847 0 608776 8 0
4568104207 0 611944 8 0
4568593696 0 4539856 8 0
4568654038 0 4539864 32 0
4569719008 0 4539848 8 0
4571591812 0 4539896 16 0
4571607768 0 4539920 56 0
4571608977 0 4540032 16 0
4573340455 0 4538968 8 0
4576421964 0 608800 8 0
4576486926 0 608808 32 0
4577342315 0 747608 8 0
4577797333 0 608784 8 0
4578205530 0 608792 8 0
4579800072 0 611936 8 0
4580777448 0 606296 16 0
4587923209 0 611920 8 0
4588368668 0 611928 8 0
4592523385 0 606424 144 0
4594067401 0 611184 32 0
4621404664 0 4597280 8 0
4621424822 0 4597288 64 0
4621631809 0 4597352 128 0
4625881812 0 610768 8 0
4639818609 0 611888 32 0
4643180692 0 611704 8 0
4643194549 0 611728 32 0
4643204114 0 611776 8 0
4643208551 0 611800 8 0
4643224386 0 611824 8 0
4680692337 0 610416 232 0
4832991423 0 515088 248 0
4833047974 0 515336 8 0
5613547502 0 3932160 8 1
5613592359 0 3932168 8 1
5613664508 0 3932176 8 1
5613669356 0 3932184 8 1
5613673440 0 3932192 8 1
5613677164 0 3932200 8 1
5613680711 0 3932208 8 1
5613684247 0 3932216 8 1
5613687601 0 3932224 8 1
5613691219 0 3932232 8 1
5613694745 0 3932240 8 1
5613698425 0 3932248 8 1
5613701868 0 3932256 8 1
5613705695 0 3932264 8 1
5613709083 0 3932272 8 1
5613712411 0 3932280 8 1
5613715616 0 3932288 8 1
5613718781 0 3932296 8 1
5613721897 0 3932304 8 1
5613725281 0 3932312 8 1
5613729050 0 3932320 8 1
5613732303 0 3932328 8 1
5613735767 0 3932336 8 1
5613738870 0 3932344 8 1
5613741902 0 3932352 8 1
5613746207 0 3932360 8 1
5613749810 0 3932368 8 1
5613753600 0 3932376 8 1
5613757052 0 3932384 8 1
5613760493 0 3932392 8 1
5613763915 0 3932400 8 1
5613767333 0 3932408 8 1
5613770637 0 3932416 8 1
5613773939 0 3932424 8 1
5613777054 0 3932432 8 1
5613780673 0 3932440 8 1
5613783888 0 3932448 8 1
5613786975 0 3932456 8 1
5613790284 0 3932464 8 1
5613793817 0 3932472 8 1
5613796932 0 3932480 8 1
5613800553 0 3932488 8 1
5613803637 0 3932496 8 1
5613807015 0 3932504 8 1
5613810244 0 3932512 8 1
5613813679 0 3932520 8 1
5613816977 0 3932528 8 1
5613819972 0 3932536 8 1
5613823042 0 3932544 8 1
5613826201 0 3932552 8 1
5613829733 0 3932560 8 1
5613832973 0 3932568 8 1
5613836432 0 3932576 8 1
5613839916 0 3932584 8 1
5613843083 0 3932592 8 1
5613846190 0 3932600 8 1
5613849716 0 3932608 8 1
5613853224 0 3932616 8 1
5613856486 0 3932624 8 1
5613859984 0 3932632 8 1
5613863549 0 3932640 8 1
5613866852 0 3932648 8 1
5613870384 0 3932656 8 1
5613873784 0 3932664 8 1
5613877177 0 3932672 8 1
5613880664 0 3932680 8 1
5613883858 0 3932688 8 1
5613887140 0 3932696 8 1
5613890416 0 3932704 8 1
5613893951 0 3932712 8 1
5613897229 0 3932720 8 1
5613900770 0 3932728 8 1
5613904154 0 3932736 8 1
5613907580 0 3932744 8 1
5613911288 0 3932752 8 1
5613914775 0 3932760 8 1
5613935703 0 3932768 8 1
6110970130 0 460384 8 0
6116717147 0 763728 8 0
6128890276 0 4553760 8 0
6131882728 0 4542216 8 0
6131900070 0 4542224 24 0
6134318625 0 610872 40 0
6202949640 0 609528 8 0
6238597057 0 612128 64 0
6240111858 0 606248 8 0
6241578442 0 613192 8 0
6241592261 0 613200 32 0
6242113949 0 613184 8 0
6249499770 0 612776 8 0
6249516879 0 612784 32 0
6257166465 0 613472 8 0
6263471445 0 608840 8 0
6264187906 0 613352 64 0
6280480186 0 613288 8 0
6280831969 0 4539736 8 0
6280845676 0 4539784 64 0
6282139317 0 613464 8 0
6286820031 0 613424 8 0
6287619510 0 613416 8 0
6287632186 0 613432 32 0
6287641660 0 613496 16 0
6296607602 0 613256 8 0
6302972068 0 607240 8 0
6365940273 0 762640 8 0
6335837887 0 4542080 8 0
6370746921 0 4542208 8 0
6371782464 0 4542176 32 0
6372635450 0 4541960 8 0
6385468131 0 4553768 8 0
6385512588 0 4553776 32 0
6385700117 0 4553808 32 0
6389179555 0 4553752 8 0
6392517551 0 610752 8 0
6392526426 0 610808 24 0
6405144597 0 749744 8 0
6405447161 0 749736 8 0
6405454052 0 749752 8 0
6405464956 0 749808 184 0
6366042971 0 762648 16 0
6366874626 0 762624 8 0
6366944070 0 762632 8 0
6379021537 0 610776 8 0
6379033869 0 610792 16 0
6380341902 0 610760 8 0
6451673483 0 4538448 8 0
6451969638 0 747616 8 0
6451987690 0 747624 8 0
6451992687 0 747648 8 0
6452829862 0 747656 8 0
6452841711 0 747672 8 0
6452845892 0 747688 8 0
6453169062 0 764392 16 0
6456157059 0 4553720 32 0
6463495464 0 764408 24 0
6464867449 0 764432 8 0
6470644082 0 4538920 40 0
6480469305 0 4542072 8 0
6558941063 0 4543032 16 0
6714817783 0 607176 64 0
6743381532 0 4541944 8 0
6743476368 0 4541952 8 0
6743483856 0 4541968 16 0
6863671959 0 747536 16 0
6863820641 0 747520 8 0
6864370300 0 747600 8 0
6865101451 0 763680 8 0
6865415100 0 763936 8 0
6865633892 0 763944 32 0
6865678396 0 763976 64 0
6865998430 0 763928 8 0
6866620973 0 763792 8 0
6866641394 0 763800 32 0
6866744690 0 763832 64 0
6871654902 0 747512 8 0
6967977459 0 4597480 152 0
6989611473 0 606744 8 0
7387241398 0 606240 8 0
11613596197 0 3932776 8 1
11613618345 0 3932784 8 1
11613623586 0 3932792 8 1
11613627662 0 3932800 8 1
11613631527 0 3932808 8 1
11613635110 0 3932816 8 1
11613638740 0 3932824 8 1
11613642553 0 3932832 8 1
11613655539 0 3932840 8 1
14989614056 0 0 8 1
14989640393 0 8 8 1
14989647416 0 2056 8 1
14989653152 0 2064 8 1
14989658506 0 2080 8 1
14989663995 0 2184 8 1
14989669252 0 2192 8 1
14989674005 0 2312 8 1
14989678655 0 2352 8 1
14989683504 0 2384 8 1
14989688413 0 2392 8 1
14989693131 0 2408 8 1
14989698409 0 2472 8 1
14989703359 0 2528 8 1
14989713229 0 2544 8 1
14989717669 0 2552 8 1
14989722306 0 2576 8 1
14989727502 0 2640 8 1
14989731734 0 2840 8 1
14989736483 0 5792 8 1
14989741572 0 5800 8 1
14989746871 0 5808 8 1
14989751476 0 5848 8 1
14989756076 0 5856 8 1
14989760757 0 6136 8 1
14989765371 0 6160 8 1
14989770075 0 6200 8 1
14989774522 0 6208 8 1
14989781253 0 6216 8 1
14989785913 0 6224 8 1
14989790242 0 6232 8 1
14989794614 0 6240 8 1
14989799009 0 6248 8 1
14989803714 0 6256 8 1
14989807601 0 6264 8 1
14989811822 0 6408 8 1
14989816005 0 6984 8 1
14989820515 0 6992 8 1
14989824909 0 7240 8 1
14989829763 0 8128 8 1
14989834542 0 67848 8 1
14989838985 0 68512 8 1
14989847035 0 74088 8 1
14989851988 0 75576 8 1
14989857179 0 79416 8 1
14989868361 0 4194304 8 1
14989873595 0 4194432 8 1
14989878202 0 4194560 8 1
14989882895 0 4194568 8 1
14989887587 0 4194584 8 1
14989892154 0 4194600 8 1
14989902409 0 4194832 8 1
14989908314 0 4194840 8 1
14989913255 0 4194848 8 1
14989917979 0 4194856 8 1
14989922576 0 4194864 8 1
14989929697 0 4194872 8 1
14989934236 0 4194880 8 1
14989940028 0 4194888 8 1
14989946989 0 4194920 8 1
14989954901 0 4195200 8 1
14989962116 0 4195208 8 1
14989968863 0 4195312 8 1
14989976889 0 4195320 8 1
14989983653 0 4195328 8 1
14989988561 0 4195768 8 1
14989993745 0 4195816 8 1
14989998372 0 4196672 8 1
14990003268 0 4196680 8 1
14990007842 0 4260096 8 1
14990030365 0 4262664 8 1
14990036151 0 4262760 8 1
14990041522 0 4262776 8 1
14990050501 0 4262784 8 1
14990182628 0 827456 64 1
14990258451 0 827520 96 1
14990334137 0 835584 224 1
14990418921 0 851968 8 1
15393149911 0 612768 8 0
15394324445 0 4531480 8 0
15395818487 0 4531488 32 0
15400751676 0 4549744 8 0
15401140915 0 4549728 8 0
15401475738 0 4549568 8 0
15401490916 0 4549576 32 0
15401745583 0 4549560 8 0
15402211990 0 4549040 8 0
15402491349 0 4549272 8 0
15402843472 0 4549760 8 0
15403415017 0 4549736 8 0
15403425195 0 4549752 8 0
15405824718 0 4548864 8 0
15406172112 0 4548840 8 0
15406187613 0 4548848 16 0
15406193735 0 4548872 8 0
15406762393 0 4548808 8 0
15406981120 0 4549624 8 0
15407623141 0 4549512 8 0
15408117732 0 4549608 16 0
15408131780 0 4549632 40 0
15408607747 0 4549536 8 0
15408621188 0 4549544 16 0
15409167852 0 4549496 8 0
15409662360 0 4549504 8 0
15411209092 0 4549672 56 0
15411231078 0 4549768 48 0
15420919879 0 292384 32 0
15424481869 0 292416 48 0
15431493541 0 4549936 8 0
15431544862 0 4549944 32 0
15431765833 0 4549976 64 0
15431889852 0 4550040 32 0
15433246597 0 4549920 8 0
15433417192 0 4549928 8 0
15434183414 0 4549872 8 0
15434231926 0 4549880 32 0
15434844179 0 4549912 8 0
15436847665 0 4549856 8 0
15437907444 0 4549848 8 0
15439121444 0 4549472 8 0
15442804528 0 4549488 8 0
15446181648 0 613248 8 0
15446625143 0 613240 8 0
15448897175 0 4548776 8 0
15449278583 0 4548792 8 0
15449829203 0 4549384 8 0
15451362261 0 4546984 80 0
15451566393 0 4547064 160 0
15452178552 0 822528 208 1
15452622867 0 4548712 8 0
15452682071 0 4548720 32 0
15453000435 0 4549336 8 0
15454962337 0 4549264 8 0
15456474639 0 4549520 16 0
15458037653 0 4548704 8 0
15458492339 0 4549224 8 0
15459439510 0 4549360 8 0
15465613761 0 4548688 8 0
15465667552 0 4548696 8 0
15466106487 0 4548680 8 0
15467332333 0 4548752 24 0
15467652863 0 4548992 8 0
15467876976 0 4549024 8 0
15468105200 0 4549400 8 0
15469054548 0 4549000 8 0
15469096190 0 4549008 16 0
15469102259 0 4549032 8 0
15470308319 0 4549160 8 0
15471107035 0 613232 8 0
15471128459 0 613264 24 0
15471129752 0 613296 16 0
15472867540 0 4547256 8 0
15472931817 0 4547264 32 0
15473399506 0 4547232 8 0
15476241866 0 4547248 8 0
15481200221 0 4547296 192 0
15484298951 0 4547488 248 0
15484316388 0 4547736 8 0
15487067129 0 4547240 8 0
15488677216 0 4549392 8 0
15488701364 0 4549408 16 0
15490684086 0 4548344 8 0
15491067283 0 4547768 8 0
15530746017 0 4548664 8 0
15534868328 0 612696 32 0
15535132756 0 612728 40 0
15536941248 0 4534056 8 0
15538867088 0 4534064 32 0
15541516319 0 4534232 8 0
15494159065 0 4548896 8 0
15494636419 0 4548328 8 0
15496775257 0 4549368 8 0
15496839485 0 4549376 8 0
15497879899 0 4549480 8 0
15499588501 0 748336 8 0
15499802259 0 748288 8 0
15499852384 0 748296 32 0
15504719571 0 4549352 8 0
15505329739 0 4549152 8 0
15507410720 0 4548920 8 0
15507770532 0 4548800 8 0
15507791483 0 4548816 16 0
15510946873 0 4549216 8 0
15511914090 0 4549048 32 0
15513755998 0 4549168 24 0
15514737179 0 4549232 24 0
15514820402 0 4549256 8 0
15514830259 0 4549280 24 0
15515703359 0 4548880 16 0
15515720282 0 4548904 8 0
15517495859 0 4549344 8 0
15519616989 0 4549144 8 0
15521054223 0 4549456 8 0
15521736680 0 4549120 8 0
15525862636 0 4548656 8 0
15543253961 0 4534240 32 0
15550120301 0 4603432 8 0
15550483585 0 4531592 8 0
15550563616 0 4531600 32 0
15550951656 0 4603288 8 0
15550964237 0 4603336 24 0
15551544188 0 4531552 8 0
15551853211 0 4603360 72 0
15551875340 0 4603440 96 0
15552605826 0 4530984 8 0
15552658853 0 4530992 32 0
15553264862 0 4531568 8 0
15553316853 0 4531576 16 0
15553709034 0 4531528 8 0
15553757724 0 4531536 16 0
15553764029 0 4531560 8 0
15557242232 0 4531520 8 0
15560567818 0 4531632 80 0
15564102404 0 4534272 16 0
15568320847 0 4531712 248 0
15568359999 0 4531960 8 0
15578676101 0 612816 104 0
15677840240 0 827456 40 1
15677874010 0 827608 8 1
15677934205 0 3932848 8 1
15677940510 0 3932856 8 1
15677945101 0 3932864 8 1
15677949145 0 3932872 8 1
15677953471 0 3932880 8 1
15677957337 0 3932888 8 1
15677961007 0 3932896 8 1
15677964522 0 3932904 8 1
15677967947 0 3932912 8 1
15677971582 0 3932920 8 1
15677975037 0 3932928 8 1
15677978376 0 3932936 8 1
15677988525 0 3932944 8 1
15680390722 0 0 8 1
15680399211 0 8 8 1
15680404394 0 2080 8 1
15680409504 0 2192 8 1
15680414007 0 2560 8 1
15680419278 0 6136 8 1
15680424146 0 6408 8 1
15680429053 0 8128 8 1
15680433581 0 68512 8 1
15680438692 0 4196672 8 1
15680443776 0 4196680 8 1
15686986668 0 3932160 8 1
15687480811 0 3932160 8 1
15687854199 0 3932160 8 1
15688401126 0 0 8 1
