0 0 4194560 8 0
3349 0 4194576 8 0
5033 0 4194584 8 0
6644 0 4194592 8 0
8697 0 4194600 8 0
10116 0 4194608 8 0
11714 0 4194616 8 0
13171 0 4194624 8 0
14692 0 4194632 8 0
16167 0 4194640 8 0
17277 0 4194648 8 0
20159 0 4194656 8 0
21371 0 4194664 8 0
22685 0 4194672 8 0
23931 0 4194680 8 0
25057 0 4194688 8 0
26131 0 4194696 8 0
27179 0 4194704 8 0
28285 0 4194712 8 0
29482 0 4194720 8 0
30929 0 4194728 8 0
32042 0 4194736 8 0
36155 0 4194744 8 0
37524 0 4194752 8 0
38661 0 4194760 8 0
40541 0 4194768 8 0
41791 0 4194776 8 0
42833 0 4194784 8 0
44156 0 4194792 8 0
45438 0 4194800 8 0
46684 0 4194808 8 0
48079 0 4194816 8 0
48464 0 4194568 8 0
12826759 0 6408 8 0
12850475 0 67896 8 0
12860353 0 3328 8 0
12865201 0 3336 8 0
12869328 0 3344 8 0
12872730 0 3352 8 0
1266874889709498112 0 67848 8 0
13325163 0 2184 8 0
13384000 0 2056 8 0
23107762 0 265008 8 0
24968594 0 264448 8 0
26503821 0 4260376 8 0
27550917 0 4196096 8 0
27569884 0 4196104 8 0
27571665 0 4196112 8 0
27572908 0 4196120 8 0
27574218 0 4196128 8 0
27575454 0 4196136 8 0
27580156 0 4196144 8 0
27582675 0 4196152 8 0
27584034 0 4196160 8 0
27585200 0 4196168 8 0
27586626 0 4196176 8 0
27587751 0 4196184 8 0
27588989 0 4196192 8 0
27590040 0 4196200 8 0
27591478 0 4196208 8 0
27592452 0 4196216 8 0
27593770 0 4196224 8 0
27595004 0 4196232 8 0
27596546 0 4196240 8 0
27597762 0 4196248 8 0
27599063 0 4196256 8 0
27601069 0 4196272 8 0
27602284 0 4196280 8 0
27603288 0 4196288 8 0
27604457 0 4196296 8 0
27605596 0 4196304 8 0
27606511 0 4196312 8 0
27607416 0 4196320 8 0
27608536 0 4196328 8 0
27609479 0 4196336 8 0
27610821 0 4196344 8 0
27611888 0 4196352 8 0
27612235 0 4196264 8 0
61983835 0 4472184 32 0
66366216 0 4194824 8 0
66379601 0 4194832 8 0
66381113 0 4194840 8 0
66382219 0 4194848 8 0
66383402 0 4194856 8 0
66384417 0 4194864 8 0
66385894 0 4194872 8 0
66387033 0 4194880 8 0
66388454 0 4194888 8 0
66389695 0 4194896 8 0
66390953 0 4194904 8 0
66392259 0 4194912 8 0
66394599 0 4194920 8 0
66395865 0 4194928 8 0
66396935 0 4194936 8 0
66397887 0 4194944 8 0
66398990 0 4194952 8 0
66400042 0 4194960 8 0
66401258 0 4194968 8 0
66402167 0 4194976 8 0
66403112 0 4194984 8 0
66404121 0 4194992 8 0
66405104 0 4195000 8 0
66406023 0 4195008 8 0
66407174 0 4195016 8 0
66408244 0 4195024 8 0
66410405 0 4195032 8 0
66411701 0 4195040 8 0
66413957 0 4195056 8 0
66416567 0 4195064 8 0
66418451 0 4195072 8 0
66419141 0 4195048 8 0
66460718 0 4261320 8 0
68002317 0 4261464 8 0
69228672 0 4195080 8 0
69239278 0 4195088 8 0
69240907 0 4195096 8 0
69242105 0 4195104 8 0
69243739 0 4195112 8 0
69245025 0 4195120 8 0
69246271 0 4195128 8 0
69247977 0 4195136 8 0
69250007 0 4195144 8 0
69251465 0 4195152 8 0
69252802 0 4195160 8 0
69254303 0 4195168 8 0
69257589 0 4195176 8 0
69259598 0 4195192 8 0
69261100 0 4195200 8 0
69262527 0 4195208 8 0
69264059 0 4195216 8 0
69265340 0 4195224 8 0
69266657 0 4195232 8 0
69267974 0 4195240 8 0
69269342 0 4195248 8 0
69270630 0 4195256 8 0
69272135 0 4195264 8 0
69274021 0 4195272 8 0
69276460 0 4195280 8 0
69278614 0 4195288 8 0
69281841 0 4195296 8 0
69283848 0 4195304 8 0
69285828 0 4195312 8 0
69287965 0 4195320 8 0
69290317 0 4195328 8 0
69291144 0 4195184 8 0
69894789 0 4527040 32 0
41276271 0 4262120 8 0
48130399 0 4262184 8 0
50488783 0 4262128 8 0
52708459 0 4262384 8 0
54940428 0 4260384 8 0
59045000 0 4260392 8 0
109917888 0 4472216 40 0
110052291 0 4527184 184 0
159066891 0 4527072 112 0
159361279 0 4261480 8 0
171323666 0 4262056 8 0
173948593 0 4530992 32 0
178287802 0 4534408 248 0
178297777 0 4534656 8 0
187175938 0 4531040 248 0
187183612 0 4531288 8 0
205547156 0 4531296 248 0
205556520 0 4531544 8 0
205570309 0 4531024 16 0
207981081 0 4531968 248 0
207986130 0 4532216 8 0
213902830 0 4532248 248 0
213912339 0 4532496 8 0
213988602 0 4533304 248 0
213994791 0 4533552 8 0
218344560 0 4533904 248 0
218351314 0 4534152 8 0
222524714 0 4532832 248 0
222534531 0 4533080 8 0
223311350 0 4533712 192 0
223434887 0 4531808 160 0
223565893 0 4532504 128 0
282766947 0 3932160 8 1
282842265 0 3932168 8 1
282863945 0 3932176 8 1
282868500 0 3932184 8 1
282868869 0 3932192 8 1
282869233 0 3932200 8 1
282869565 0 3932208 8 1
282869952 0 3932216 8 1
282870506 0 3932224 8 1
282870928 0 3932232 8 1
282871269 0 3932240 8 1
282871608 0 3932248 8 1
282871849 0 3932256 8 1
282872179 0 3932264 8 1
282872680 0 3932272 8 1
282873013 0 3932280 8 1
282925167 0 3932288 8 1
285731068 0 0 8 1
285735381 0 8 8 1
285736204 0 2056 8 1
285736797 0 2184 8 1
285737519 0 2312 8 1
285738432 0 2336 8 1
285739170 0 2368 8 1
285739940 0 2464 8 1
285740745 0 3352 8 1
285741587 0 67848 8 1
285742375 0 4194616 8 1
285743033 0 4195184 8 1
285743966 0 4195200 8 1
288520918 0 3932160 8 1
289167740 0 3932160 8 1
289585327 0 0 8 1
