0 0 67848 8 0
69149 0 6408 8 0
274316 0 4194560 8 0
279779 0 4194568 8 0
281030 0 4194576 8 0
282473 0 4194584 8 0
284093 0 4194592 8 0
285416 0 4194600 8 0
286533 0 4194608 8 0
288293 0 4194616 8 0
290119 0 4194632 8 0
291377 0 4194640 8 0
292349 0 4194648 8 0
293541 0 4194656 8 0
294551 0 4194664 8 0
297202 0 4194672 8 0
298876 0 4194680 8 0
299876 0 4194688 8 0
301009 0 4194696 8 0
302271 0 4194704 8 0
303249 0 4194712 8 0
304263 0 4194720 8 0
305447 0 4194728 8 0
306597 0 4194736 8 0
307662 0 4194744 8 0
308959 0 4194752 8 0
309447 0 4194624 8 0
13702881 0 67928 8 0
14058535 0 2192 8 0
14119200 0 2056 8 0
23426465 0 264512 8 0
24754160 0 264288 8 0
26284135 0 4260184 8 0
27469621 0 4260224 8 0
28634291 0 4260192 8 0
30114903 0 10504 8 0
31193963 0 68152 8 0
34305569 0 4260104 8 0
35607319 0 4456448 32 0
38463416 0 4260136 8 0
39563513 0 4458176 32 0
61056298 0 4457720 136 0
86190520 0 4458208 32 0
86400689 0 4459072 32 0
97772521 0 4459728 144 0
132848254 0 4459104 224 0
140234511 0 4456480 248 0
140241967 0 4456728 8 0
140266707 0 4459328 248 0
140267598 0 4459576 8 0
140314661 0 4456736 248 0
140315155 0 4456984 8 0
145752976 0 4459584 144 0
146032988 0 4457288 248 0
146041812 0 4457536 8 0
148164888 0 4456992 224 0
207116391 0 3932160 8 1
207208875 0 3932168 8 1
207229365 0 3932176 8 1
207234853 0 3932184 8 1
207235256 0 3932192 8 1
207235730 0 3932200 8 1
207236202 0 3932208 8 1
207236637 0 3932216 8 1
207237027 0 3932224 8 1
207237353 0 3932232 8 1
207237599 0 3932240 8 1
207238186 0 3932248 8 1
207238656 0 3932256 8 1
207239295 0 3932264 8 1
207239618 0 3932272 8 1
207239971 0 3932280 8 1
207289537 0 3932288 8 1
209107931 0 0 8 1
209119232 0 8 8 1
209125190 0 2056 8 1
209277265 0 2192 8 1
209285407 0 2312 8 1
209290174 0 2328 8 1
209294709 0 2344 8 1
209299132 0 6408 8 1
209303837 0 67848 8 1
209308279 0 4194560 8 1
209313232 0 4194568 8 1
209317632 0 4194608 8 1
209321919 0 4194616 8 1
211926674 0 3932160 8 1
212294985 0 3932160 8 1
212745918 0 0 8 1
