0 0 4194432 8 0
2014680 0 4194568 8 0
2057979 0 4194576 8 0
2059759 0 4194584 8 0
2060948 0 4194592 8 0
2062200 0 4194600 8 0
2063320 0 4194608 8 0
2065804 0 4194616 8 0
2066835 0 4194624 8 0
2068066 0 4194632 8 0
2070270 0 4194640 8 0
2072055 0 4194648 8 0
2073819 0 4194656 8 0
2075510 0 4194664 8 0
2077074 0 4194672 8 0
2079259 0 4194680 8 0
2081251 0 4194688 8 0
2083406 0 4194696 8 0
2084875 0 4194704 8 0
2086794 0 4194712 8 0
2088195 0 4194720 8 0
2091473 0 4194728 8 0
2093265 0 4194736 8 0
2095200 0 4194744 8 0
2096747 0 4194752 8 0
2102793 0 4194760 8 0
2104452 0 4194768 8 0
2105969 0 4194776 8 0
2107873 0 4194784 8 0
2109925 0 4194792 8 0
2111751 0 4194800 8 0
2113395 0 4194808 8 0
2115388 0 4194816 8 0
2116210 0 4194560 8 0
15501887 0 4194304 8 0
17092626 0 67912 8 0
17192412 0 10240 8 0
17243822 0 10248 8 0
17246238 0 10256 8 0
17248526 0 10264 8 0
17249574 0 10272 8 0
17250721 0 10280 8 0
17253769 0 10288 8 0
17255390 0 10296 8 0
17257142 0 10304 8 0
17259008 0 10312 8 0
17260993 0 10320 8 0
17262830 0 10328 8 0
17264562 0 10336 8 0
17266209 0 10344 8 0
17267818 0 10352 8 0
17269214 0 10360 8 0
17270804 0 10368 8 0
17272769 0 10376 8 0
17274602 0 10384 8 0
17276500 0 10392 8 0
17279820 0 10400 8 0
17281155 0 10408 8 0
23708301 0 4197376 8 0
23758976 0 4197384 8 0
23760423 0 4197392 8 0
23762106 0 4197400 8 0
23763918 0 4197408 8 0
23765212 0 4197416 8 0
23766445 0 4197424 8 0
23767734 0 4197432 8 0
23768703 0 4197440 8 0
23769770 0 4197448 8 0
23776550 0 4197456 8 0
23778729 0 4197464 8 0
23781059 0 4197472 8 0
23784609 0 4197480 8 0
23786399 0 4197488 8 0
23787975 0 4197496 8 0
23789693 0 4197504 8 0
23791416 0 4197512 8 0
23793226 0 4197520 8 0
23794733 0 4197528 8 0
23796448 0 4197536 8 0
23798223 0 4197544 8 0
23799754 0 4197552 8 0
23801266 0 4197560 8 0
23803188 0 4197568 8 0
23804793 0 4197576 8 0
23806382 0 4197584 8 0
23809589 0 4197592 8 0
23811240 0 4197600 8 0
23813513 0 4197608 8 0
23815802 0 4197616 8 0
23816865 0 4197624 8 0
54566612 0 704104 8 0
56043266 0 703664 8 0
57335822 0 68520 8 0
58910506 0 2816 8 0
58918758 0 2824 8 0
58924199 0 2832 8 0
58928588 0 2840 8 0
58932853 0 2848 8 0
58937372 0 2856 8 0
58941933 0 2864 8 0
58946154 0 2872 8 0
58950925 0 2888 8 0
58954978 0 2896 8 0
58959005 0 2904 8 0
58963042 0 2912 8 0
58967030 0 2920 8 0
58972515 0 2928 8 0
58976590 0 2936 8 0
58980751 0 2944 8 0
58984959 0 2952 8 0
58989181 0 2960 8 0
58993431 0 2968 8 0
58997477 0 2976 8 0
59001520 0 2984 8 0
59005499 0 2992 8 0
59009484 0 3000 8 0
59250736 0 3008 8 0
59258657 0 3016 8 0
59263258 0 3024 8 0
59267440 0 3032 8 0
59271921 0 3040 8 0
59276365 0 3048 8 0
59280611 0 3056 8 0
59285088 0 3064 8 0
59289439 0 3072 8 0
59293151 0 2880 8 0
59303910 0 69136 8 0
62337905 0 69184 8 0
71835128 0 69144 8 0
73181878 0 69216 8 0
74583140 0 68528 8 0
75933157 0 75776 8 0
77657980 0 68488 8 0
79153270 0 4260104 8 0
80660850 0 4459304 32 0
83882009 0 68424 8 0
85496084 0 4260120 8 0
86866803 0 4194832 8 0
86873751 0 4194840 8 0
86878752 0 4194848 8 0
86883045 0 4194856 8 0
86887009 0 4194864 8 0
86891337 0 4194872 8 0
86895495 0 4194880 8 0
86900258 0 4194888 8 0
86904613 0 4194896 8 0
86909022 0 4194904 8 0
86913455 0 4194912 8 0
86919863 0 4194920 8 0
86924582 0 4194928 8 0
86929234 0 4194936 8 0
86933610 0 4194944 8 0
86938057 0 4194952 8 0
86942177 0 4194960 8 0
86946505 0 4194968 8 0
86950541 0 4194976 8 0
86955272 0 4194984 8 0
86959683 0 4194992 8 0
86964052 0 4195000 8 0
86968123 0 4195008 8 0
86972673 0 4195016 8 0
86977081 0 4195024 8 0
86982520 0 4195032 8 0
86987330 0 4195040 8 0
86991721 0 4195048 8 0
86998638 0 4195056 8 0
87002881 0 4195064 8 0
87007006 0 4195072 8 0
87011092 0 4194824 8 0
87021003 0 4260496 8 0
88327862 0 4513344 32 0
93666098 0 4459416 136 0
101570285 0 4513480 144 0
109074998 0 4513376 104 0
109415196 0 704040 48 0
138733510 0 4514816 32 0
138821466 0 4518048 152 0
156673080 0 4514864 248 0
156729441 0 4515112 8 0
156759269 0 4459336 80 0
156991301 0 4515120 248 0
157048065 0 4515368 8 0
157067922 0 4514848 16 0
157131136 0 4515752 248 0
157150834 0 4516000 8 0
178410260 0 4516032 248 0
178503858 0 4516280 8 0
178532070 0 4517504 248 0
178539886 0 4517752 8 0
190143748 0 4516952 248 0
190195636 0 4517200 8 0
190350884 0 4516520 248 0
190411951 0 4516768 8 0
190572975 0 4516288 128 0
190696018 0 4515376 128 0
190770036 0 4517344 160 0
192640928 0 4517208 136 0
192959229 0 512768 8 0
194437922 0 4456448 32 0
217686389 0 4458320 144 0
227447257 0 4456480 240 0
237108111 0 4521488 32 0
242095538 0 4521648 136 0
249722223 0 4521520 128 0
250140211 0 4598848 32 0
268860379 0 4599048 136 0
274723506 0 4514272 32 0
274845669 0 4598880 168 0
275093144 0 4456720 248 0
275093824 0 4456968 8 0
277887779 0 4457784 248 0
277931448 0 4458032 8 0
277980521 0 4515592 160 0
278035785 0 4457192 248 0
278080181 0 4457440 8 0
278107408 0 4458040 240 0
283255741 0 2576 8 0
283265336 0 2584 8 0
283269968 0 2592 8 0
283274415 0 2600 8 0
283279071 0 2608 8 0
283285596 0 2616 8 0
283290956 0 2624 8 0
283295019 0 2632 8 0
283299699 0 2648 8 0
283303854 0 2656 8 0
283307725 0 2664 8 0
283311830 0 2672 8 0
283315622 0 2680 8 0
283319390 0 2688 8 0
283323503 0 2696 8 0
283327352 0 2704 8 0
283331433 0 2712 8 0
283335637 0 2720 8 0
283339762 0 2728 8 0
283343562 0 2736 8 0
283348580 0 2744 8 0
283352544 0 2752 8 0
283356345 0 2760 8 0
283360299 0 2768 8 0
283364081 0 2776 8 0
283368175 0 2784 8 0
283372455 0 2792 8 0
283376890 0 2800 8 0
283380952 0 2808 8 0
283384711 0 2640 8 0
283396547 0 68552 8 0
284968425 0 68664 8 0
286339365 0 4457048 144 0
286535803 0 69224 8 0
288539635 0 3328 8 0
288546499 0 3336 8 0
288551111 0 3344 8 0
288555266 0 3352 8 0
288559642 0 3368 8 0
288563556 0 3376 8 0
288568622 0 3384 8 0
288574461 0 3392 8 0
288580513 0 3400 8 0
288588130 0 3408 8 0
288595256 0 3416 8 0
288602977 0 3424 8 0
288613408 0 3432 8 0
288620093 0 3440 8 0
288627282 0 3448 8 0
288633410 0 3456 8 0
288637684 0 3464 8 0
288641926 0 3472 8 0
288645943 0 3480 8 0
288649776 0 3488 8 0
288654614 0 3496 8 0
288658631 0 3504 8 0
288662628 0 3512 8 0
288666867 0 3520 8 0
288670828 0 3528 8 0
288675060 0 3536 8 0
288679346 0 3544 8 0
288683373 0 3552 8 0
288687123 0 3560 8 0
288690868 0 3568 8 0
288719003 0 3576 8 0
288724960 0 3584 8 0
288728583 0 3360 8 0
288738207 0 70456 8 0
292412755 0 68672 8 0
294323138 0 302440 8 0
295741039 0 68832 8 0
297029947 0 78976 8 0
298276113 0 68848 8 0
299737290 0 68864 8 0
301517365 0 314344 56 0
307287282 0 296816 8 0
310407459 0 302464 8 0
311754521 0 296440 8 0
313126757 0 297848 8 0
314598865 0 302456 8 0
315916704 0 68680 8 0
317297884 0 296824 8 0
318795175 0 297840 8 0
320288251 0 299200 248 0
320334647 0 299448 8 0
329958063 0 301496 248 0
330006330 0 301744 8 0
376291127 0 75784 8 0
377863230 0 297400 32 0
341177683 0 302000 136 0
341279404 0 302472 8 0
345568442 0 302448 8 0
345642574 0 302136 248 0
346052478 0 302384 8 0
346148023 0 4457472 248 0
346200885 0 4457720 8 0
346253917 0 4456976 72 0
346386190 0 4515504 88 0
346473179 0 4457448 24 0
346683623 0 4260512 8 0
354380829 0 4195080 8 0
354392814 0 4195088 8 0
354402308 0 4195096 8 0
354408735 0 4195104 8 0
354415333 0 4195112 8 0
354422122 0 4195120 8 0
354428294 0 4195128 8 0
354434766 0 4195136 8 0
354440762 0 4195144 8 0
354446717 0 4195152 8 0
354453506 0 4195160 8 0
354460212 0 4195168 8 0
354466067 0 4195176 8 0
354471614 0 4195184 8 0
354480927 0 4195200 8 0
354486572 0 4195208 8 0
354493196 0 4195216 8 0
354500988 0 4195224 8 0
354508838 0 4195232 8 0
354517852 0 4195240 8 0
354526573 0 4195248 8 0
354771614 0 4195256 8 0
354782492 0 4195264 8 0
354789921 0 4195272 8 0
354795929 0 4195280 8 0
354801504 0 4195288 8 0
354807086 0 4195296 8 0
354812758 0 4195304 8 0
354818211 0 4195312 8 0
354823593 0 4195320 8 0
354828975 0 4195328 8 0
354833788 0 4195192 8 0
354871560 0 68472 8 0
361435288 0 4516784 168 0
361524055 0 265272 8 0
363818035 0 4592000 32 0
367547383 0 4592032 32 0
371165974 0 4521784 32 0
371223672 0 4521824 136 0
371304770 0 4521816 8 0
371409297 0 4592256 32 0
374950997 0 4592288 56 0
375020248 0 4592112 32 0
375070461 0 4592144 64 0
401937925 0 4460632 32 0
402155892 0 4460896 136 0
402289883 0 4460664 232 0
402395327 0 4592608 32 0
402450728 0 4593352 136 0
402596900 0 4593632 32 0
402652409 0 4593696 208 0
410670193 0 4593664 32 0
410931608 0 4592640 248 0
411411303 0 4592888 8 0
412530794 0 4593120 232 0
413925932 0 274880 32 0
384482778 0 297432 24 0
387455636 0 4516416 104 0
388736517 0 68464 8 0
393326941 0 80296 8 0
433706766 0 274912 32 0
457242519 0 713296 16 0
461512750 0 78880 8 0
461527656 0 78888 8 0
461537497 0 78904 8 0
461645141 0 713728 32 0
465544750 0 713760 80 0
468325071 0 4599424 32 0
468364124 0 4599504 136 0
468407011 0 4599456 48 0
469017319 0 78656 8 0
471171433 0 703840 8 0
472455097 0 78912 8 0
472493719 0 819200 32 0
475514625 0 958440 248 0
475584131 0 958688 8 0
437976395 0 8448 8 0
437983131 0 8456 8 0
437984566 0 8464 8 0
437985637 0 8472 8 0
437986570 0 8480 8 0
437987868 0 8488 8 0
437989423 0 8496 8 0
437990413 0 8504 8 0
437991377 0 8512 8 0
437993545 0 8520 8 0
437995071 0 8528 8 0
437996420 0 8536 8 0
437997410 0 8544 8 0
437998394 0 8552 8 0
438000108 0 8560 8 0
438001025 0 8568 8 0
438001845 0 8576 8 0
438003194 0 8584 8 0
438004571 0 8592 8 0
438005669 0 8600 8 0
438006601 0 8608 8 0
438007497 0 8616 8 0
438008503 0 8624 8 0
438010019 0 8632 8 0
438011124 0 8640 8 0
438012166 0 8648 8 0
438013261 0 8656 8 0
438014818 0 8672 8 0
438016659 0 8680 8 0
438017605 0 8688 8 0
438022092 0 8696 8 0
438023502 0 8704 8 0
438023974 0 8664 8 0
446763027 0 67920 8 0
451311870 0 8712 8 0
451319983 0 8720 8 0
451321179 0 8728 8 0
451322270 0 8736 8 0
451323732 0 8752 8 0
451324938 0 8760 8 0
451325974 0 8768 8 0
451327001 0 8776 8 0
451329624 0 8784 8 0
451330936 0 8792 8 0
451332272 0 8800 8 0
451333555 0 8808 8 0
451335013 0 8816 8 0
451336350 0 8824 8 0
451337524 0 8832 8 0
451338860 0 8840 8 0
451340742 0 8848 8 0
451342188 0 8856 8 0
451343470 0 8864 8 0
451344759 0 8872 8 0
451346344 0 8880 8 0
451347788 0 8888 8 0
451349551 0 8896 8 0
451350898 0 8904 8 0
451352142 0 8912 8 0
451353231 0 8920 8 0
451354277 0 8928 8 0
451358827 0 8936 8 0
451360253 0 8944 8 0
451361944 0 8952 8 0
451363597 0 8960 8 0
451369912 0 8744 8 0
451401947 0 78824 8 0
452705298 0 78832 8 0
454218510 0 78864 8 0
456800245 0 78872 8 0
484361244 0 958160 248 0
484369052 0 958408 8 0
493617435 0 819232 248 0
493755477 0 819480 8 0
499257305 0 327680 32 0
506019434 0 329512 144 0
512945367 0 328088 248 0
512954577 0 328336 8 0
522580599 0 4589472 32 0
527728985 0 4591392 136 0
533349859 0 4589504 224 0
538934443 0 4520176 32 0
539068818 0 4520216 136 0
539109664 0 4520208 8 0
539225230 0 327712 248 0
539273483 0 327960 8 0
544769551 0 4589728 248 0
544807078 0 4589976 8 0
544881877 0 327968 120 0
544969683 0 328344 248 0
545009794 0 328592 8 0
545263687 0 328600 248 0
545613443 0 328848 8 0
545951293 0 956896 248 0
545990943 0 957144 8 0
566140162 0 957152 248 0
566175110 0 957400 8 0
566216153 0 819488 128 0
566329194 0 957408 248 0
566455484 0 957656 8 0
566492428 0 819616 248 0
566493039 0 819864 8 0
566522560 0 819872 248 0
566523356 0 820120 8 0
568727045 0 820128 248 0
568768724 0 820376 8 0
568835718 0 820384 248 0
568912535 0 820632 8 0
568946208 0 957664 248 0
568976084 0 957912 8 0
569033953 0 820640 248 0
569108853 0 820888 8 0
569274753 0 820896 248 0
569892780 0 821144 8 0
569994104 0 821152 248 0
569995032 0 821400 8 0
573782393 0 957920 240 0
573899696 0 821408 248 0
573909395 0 821656 8 0
574007791 0 821664 248 0
574008920 0 821912 8 0
576118611 0 821920 248 0
576124980 0 822168 8 0
576289245 0 822176 248 0
576290068 0 822424 8 0
583437050 0 822432 248 0
583447331 0 822680 8 0
583519562 0 822688 248 0
583526075 0 822936 8 0
583581714 0 958416 24 0
583603013 0 822944 248 0
583603436 0 823192 8 0
583737129 0 823200 248 0
583737623 0 823448 8 0
583990226 0 329000 248 0
583990724 0 329248 8 0
585285719 0 329256 144 0
585521353 0 953944 248 0
585526205 0 954192 8 0
641885047 0 953448 248 0
641892091 0 953696 8 0
653028156 0 824512 248 0
653039125 0 824760 8 0
653156632 0 835296 248 0
653164583 0 835544 8 0
662409071 0 834440 248 0
662414254 0 834688 8 0
662593283 0 827512 248 0
662599108 0 827760 8 0
663479542 0 830424 248 0
663486930 0 830672 8 0
663643926 0 953184 248 0
663647982 0 953432 8 0
715929708 0 835552 32 0
715947304 0 950272 120 0
716212059 0 4594688 32 0
721584463 0 4594720 32 0
721704831 0 831880 248 0
721757790 0 832128 8 0
721873528 0 831296 248 0
721926077 0 831544 8 0
721972917 0 829392 176 0
722051890 0 719064 32 0
728502447 0 719200 8 0
730743835 0 719096 104 0
730888686 0 716848 32 0
696460266 0 834920 248 0
696473297 0 835168 8 0
696579193 0 953704 216 0
696710203 0 826640 248 0
696721550 0 826888 8 0
696844649 0 829976 248 0
696852572 0 830224 8 0
696953167 0 823456 248 0
696964174 0 823704 8 0
696989858 0 954208 248 0
696990773 0 954456 8 0
697103948 0 951208 248 0
697113948 0 951456 8 0
706044834 0 950928 248 0
706049702 0 951176 8 0
715339047 0 829136 248 0
715348296 0 829384 8 0
715448296 0 823768 248 0
715454762 0 824016 8 0
715620428 0 831592 248 0
715626740 0 831840 8 0
715726431 0 952544 248 0
715731794 0 952792 8 0
735875502 0 717216 8 0
738313552 0 716880 192 0
741913715 0 717072 144 0
742138793 0 824768 248 0
742188601 0 825016 8 0
742223430 0 830248 176 0
742508767 0 78920 8 0
742562247 0 4517760 248 0
742677835 0 4518008 8 0
742752506 0 950392 248 0
743068879 0 950640 8 0
743610807 0 828400 248 0
743655022 0 828648 8 0
743678443 0 830704 248 0
743729025 0 830952 8 0
743810929 0 829568 136 0
743870733 0 950648 192 0
744655611 0 68512 8 0
752079440 0 78752 8 0
754508089 0 2192 8 0
754621265 0 954200 8 0
754652394 0 952800 248 0
755001451 0 953048 8 0
755026640 0 829704 248 0
755066420 0 829952 8 0
755103082 0 827904 248 0
755144315 0 828152 8 0
755212298 0 834240 200 0
755311582 0 827352 160 0
755365269 0 825440 248 0
755406440 0 825688 8 0
755477729 0 719208 32 0
755573662 0 719272 8 0
755587705 0 719240 32 0
755740655 0 4196352 8 0
755750609 0 4196360 8 0
755755340 0 4196368 8 0
755759941 0 4196376 8 0
755766413 0 4196384 8 0
755770746 0 4196392 8 0
755775132 0 4196400 8 0
755778893 0 4196408 8 0
755783014 0 4196416 8 0
755786734 0 4196424 8 0
755790593 0 4196432 8 0
755795225 0 4196440 8 0
755799126 0 4196448 8 0
755803169 0 4196456 8 0
755807279 0 4196464 8 0
755811730 0 4196472 8 0
755816902 0 4196480 8 0
755821052 0 4196488 8 0
755824963 0 4196496 8 0
755828675 0 4196504 8 0
755832567 0 4196512 8 0
755836365 0 4196520 8 0
755840148 0 4196528 8 0
755843977 0 4196536 8 0
755847764 0 4196544 8 0
755852157 0 4196552 8 0
755856007 0 4196560 8 0
755859662 0 4196568 8 0
755863816 0 4196576 8 0
755867630 0 4196584 8 0
755871827 0 4196600 8 0
755875761 0 4196608 8 0
755878925 0 4196592 8 0
755887777 0 4266376 8 0
784829100 0 796408 8 0
786991869 0 834696 144 0
787062098 0 951704 248 0
787118120 0 951952 8 0
787145772 0 825160 248 0
787188230 0 825408 8 0
787214960 0 825024 136 0
787366570 0 951960 152 0
787471998 0 951184 24 0
787499101 0 831552 40 0
787540620 0 830232 16 0
787578270 0 950840 88 0
787665759 0 951520 184 0
787953403 0 953920 24 0
788349514 0 4590416 248 0
788406696 0 4590664 8 0
788560908 0 4590248 168 0
788789049 0 952112 192 0
789100888 0 952304 192 0
789165595 0 952496 48 0
789227507 0 831112 184 0
791392455 0 951464 56 0
791574868 0 833216 248 0
791620243 0 833464 8 0
791948307 0 830960 152 0
792039436 0 834840 80 0
792080031 0 828256 144 0
792143965 0 835176 120 0
793663933 0 833600 248 0
793713487 0 833848 8 0
793821200 0 832136 248 0
793894223 0 832384 8 0
793948375 0 835584 32 0
793978889 0 1062584 8 0
821048671 0 1059000 248 0
821106634 0 1059248 8 0
840291063 0 1059256 248 0
840336139 0 1059504 8 0
840414175 0 1059512 248 0
840713545 0 1059760 8 0
840901696 0 1059768 248 0
840902200 0 1060016 8 0
842492375 0 1060024 248 0
842525000 0 1060272 8 0
842697491 0 1060280 248 0
842698133 0 1060528 8 0
844757873 0 1060536 248 0
845284196 0 1060784 8 0
845466130 0 1060792 248 0
845466592 0 1061040 8 0
849131354 0 1061048 248 0
849165461 0 1061296 8 0
849342383 0 1061304 248 0
849384794 0 1061552 8 0
849548709 0 1061560 248 0
849582561 0 1061808 8 0
849775235 0 1061816 248 0
849775872 0 1062064 8 0
852203675 0 1062072 248 0
852234317 0 1062320 8 0
852407486 0 1062328 248 0
852407937 0 1062576 8 0
853994676 0 953056 128 0
854056875 0 827216 136 0
858107503 0 975944 8 0
860186897 0 975952 32 0
862557244 0 1058992 8 0
870934195 0 1056560 8 0
875492324 0 1058976 8 0
876949467 0 1058984 8 0
878697967 0 1058960 8 0
879940388 0 1058968 8 0
881392368 0 1058952 8 0
882949904 0 1058936 8 0
884172083 0 1058944 8 0
886151523 0 1058928 8 0
887606175 0 1058912 8 0
889107468 0 1058920 8 0
890677296 0 1058904 8 0
892566012 0 1058896 8 0
894147476 0 1058888 8 0
895593533 0 976176 8 0
898178737 0 976184 32 0
900105262 0 976152 8 0
901400011 0 976160 16 0
902918760 0 976216 40 0
903553809 0 976120 8 0
904948124 0 976128 24 0
908374750 0 976032 8 0
908392967 0 976040 32 0
908474316 0 976072 48 0
908798379 0 976296 8 0
909785776 0 976304 32 0
909878031 0 976336 64 0
910295386 0 975800 8 0
911925584 0 976016 8 0
911938212 0 976024 8 0
912249495 0 1058856 8 0
916669755 0 1058864 24 0
920208201 0 1058848 8 0
921887525 0 1058368 8 0
923423514 0 1058376 32 0
925428632 0 1058840 8 0
927768676 0 1261568 32 0
930774108 0 1291384 8 0
932723420 0 1289208 248 0
932768861 0 1289456 8 0
941162071 0 1289464 248 0
941203019 0 1289712 8 0
941256827 0 1289720 248 0
941493459 0 1289968 8 0
941654313 0 1289976 248 0
941654942 0 1290224 8 0
943592499 0 1290232 248 0
943621819 0 1290480 8 0
943795250 0 1290488 248 0
943795983 0 1290736 8 0
948152005 0 1290744 248 0
948596021 0 1290992 8 0
948750205 0 1291000 248 0
948751173 0 1291248 8 0
952332860 0 1291256 128 0
952778604 0 1058824 8 0
972390442 0 1058832 8 0
974588095 0 1058816 8 0
976446656 0 1058808 8 0
978099469 0 1058800 8 0
979684142 0 1058784 8 0
980958568 0 1058792 8 0
982510538 0 827768 136 0
984211002 0 832912 248 0
984257902 0 833160 8 0
984272109 0 953440 8 0
1000378570 0 1058592 8 0
1002343591 0 1058584 8 0
1004316174 0 704088 8 0
1004679917 0 1058712 8 0
1006582126 0 1058704 8 0
1008056789 0 1058696 8 0
1009617986 0 1058688 8 0
1011556992 0 1058680 8 0
1013174366 0 1058672 8 0
1015188221 0 1058328 8 0
1016702475 0 1058336 32 0
1019353774 0 1058408 24 0
1019633166 0 1058640 8 0
1021902751 0 1058648 24 0
1022530206 0 1058632 8 0
1022954375 0 1057544 8 0
1024464528 0 1057536 8 0
1026993805 0 1056728 8 0
1028459725 0 1052552 8 0
1029862950 0 1057248 8 0
1031434148 0 1058624 8 0
1031586962 0 975880 8 0
984723862 0 829960 16 0
985033003 0 832656 248 0
985044514 0 832904 8 0
985134142 0 1058776 8 0
987455050 0 1058736 8 0
989003179 0 1058744 32 0
991840500 0 1057880 8 0
993290099 0 1057888 32 0
995840989 0 1058728 8 0
997778789 0 1058720 8 0
1033169030 0 975872 8 0
1034850501 0 994680 8 0
1036410808 0 994688 32 0
1038147543 0 994640 8 0
1039669017 0 994648 32 0
1042846312 0 975888 24 0
1045538177 0 1057448 8 0
1048172063 0 1057456 32 0
1051213173 0 1058616 8 0
1051760231 0 1058600 16 0
1052991830 0 1055424 8 0
1054545794 0 1055416 8 0
1056369746 0 1058072 8 0
1057967595 0 1058064 8 0
1059807824 0 1058576 8 0
1060149383 0 1058568 8 0
1060680134 0 1055408 8 0
1062292105 0 993472 8 0
1063726636 0 1058552 8 0
1063768706 0 1058560 8 0
1065024527 0 1053056 8 0
1066606578 0 1053136 8 0
1067829600 0 1053144 32 0
1069893288 0 1057600 8 0
1069946644 0 1057608 32 0
1072779637 0 1058504 8 0
1072837735 0 1058512 32 0
1073176705 0 1058496 8 0
1073754544 0 975736 8 0
1075302394 0 992072 8 0
1076856595 0 1058488 8 0
1077250775 0 1058480 8 0
1077663527 0 1058472 8 0
1077969810 0 1058464 8 0
1078268774 0 1053256 8 0
1078315660 0 1053264 32 0
1078624342 0 976432 8 0
1078682970 0 976440 32 0
1078874021 0 976408 8 0
1078968010 0 976424 8 0
1079112224 0 976416 8 0
1079302459 0 1053296 64 0
1079602701 0 1058120 8 0
1086974488 0 1058128 32 0
1088801532 0 1058160 64 0
1089324507 0 1058088 8 0
1092635591 0 1058112 8 0
1095545985 0 1058104 8 0
1096936207 0 1058096 8 0
1098873378 0 978072 8 0
1100398014 0 1058456 8 0
1100910173 0 1058448 8 0
1101159649 0 1058440 8 0
1101630089 0 1058432 8 0
1102017271 0 1058544 8 0
1103286160 0 976640 8 0
1103611133 0 976648 32 0
1105651675 0 1057328 8 0
1108678120 0 1058312 8 0
1108725410 0 1058320 8 0
1109081288 0 1054264 8 0
1110785103 0 1058304 8 0
1111095026 0 1058296 8 0
1111257216 0 1058280 8 0
1111313987 0 1058288 8 0
1111777874 0 1058272 8 0
1112156138 0 992056 8 0
1113453715 0 992064 8 0
1113462653 0 992080 16 0
1114893548 0 978688 8 0
1117226076 0 1057440 8 0
1118617889 0 978208 8 0
1120041835 0 977824 8 0
1120253220 0 978216 32 0
1123626597 0 1058264 8 0
1124693263 0 78936 8 0
1125115314 0 826992 224 0
1125307540 0 1058224 40 0
1126750806 0 977984 8 0
1126890782 0 976632 8 0
1127589943 0 978056 8 0
1128985816 0 978064 8 0
1128995867 0 978080 16 0
1130344719 0 999056 8 0
1132412468 0 978256 8 0
1132498153 0 978264 32 0
1132643724 0 999016 8 0
1151365657 0 826896 96 0
1151913257 0 834000 240 0
1152105557 0 826464 176 0
1152509918 0 825696 128 0
1152551026 0 826280 184 0
1152625966 0 825824 152 0
1152659968 0 825416 24 0
1152691208 0 825976 248 0
1152729238 0 826224 8 0
1152896699 0 826232 48 0
1153135814 0 828656 152 0
1153334211 0 991520 8 0
1154699654 0 991528 32 0
1156715732 0 991560 64 0
1157667556 0 1285032 8 0
1161885323 0 1053008 8 0
1163401485 0 1286528 8 0
1164885383 0 1287136 8 0
1166202629 0 1286352 8 0
1167529627 0 1286408 8 0
1168870267 0 1286520 8 0
1170492590 0 1286216 8 0
1171758600 0 1286224 32 0
1173474129 0 1286992 8 0
1175583444 0 1287000 32 0
1177683313 0 978248 8 0
1178222021 0 1287264 8 0
1180089416 0 1287272 32 0
1181695612 0 1287304 64 0
1181972436 0 1287368 128 0
1137330849 0 999008 8 0
1139619538 0 999064 8 0
1141608433 0 975848 8 0
1143113953 0 1058080 8 0
1145938787 0 79000 8 0
1145974876 0 4195584 8 0
1145982272 0 4195592 8 0
1145983660 0 4195600 8 0
1145984978 0 4195608 8 0
1145986504 0 4195616 8 0
1145987729 0 4195624 8 0
1145989048 0 4195632 8 0
1145991397 0 4195640 8 0
1145992486 0 4195648 8 0
1145994088 0 4195656 8 0
1145995659 0 4195664 8 0
1145997214 0 4195672 8 0
1145999316 0 4195680 8 0
1146000611 0 4195688 8 0
1146002139 0 4195696 8 0
1146003698 0 4195704 8 0
1146004773 0 4195712 8 0
1146005856 0 4195720 8 0
1146007135 0 4195728 8 0
1146008248 0 4195736 8 0
1146009783 0 4195744 8 0
1146011558 0 4195752 8 0
1146012676 0 4195760 8 0
1146013687 0 4195768 8 0
1146014915 0 4195776 8 0
1146016575 0 4195784 8 0
1146020017 0 4195792 8 0
1146021128 0 4195800 8 0
1146022635 0 4195808 8 0
1146024367 0 4195824 8 0
1146025607 0 4195832 8 0
1146027420 0 4195840 8 0
1146027801 0 4195816 8 0
1146063590 0 4262024 8 0
1147527964 0 977312 8 0
1147563060 0 977320 32 0
1147857625 0 1058000 8 0
1147901544 0 1058008 32 0
1148515453 0 1058048 8 0
1149733190 0 1058056 8 0
1150302859 0 1058040 8 0
1185111866 0 1286552 8 0
1191355171 0 1286560 32 0
1193240197 0 1286592 64 0
1193483763 0 1286656 128 0
1196172240 0 1282408 8 0
1198437828 0 1282416 32 0
1200722427 0 1053384 8 0
1200854254 0 1054368 8 0
1202578029 0 1054376 32 0
1204844983 0 1053360 24 0
1204868991 0 1053392 112 0
1205266408 0 1049400 8 0
1208887661 0 1049408 32 0
1212709482 0 1055440 8 0
1214786174 0 1055448 32 0
1216865394 0 1050072 8 0
1219215434 0 1050080 32 0
1221104310 0 1050112 64 0
1221338461 0 1050176 128 0
1224540698 0 976472 64 0
1224714691 0 976536 96 0
1226571623 0 1053248 8 0
1226698838 0 1053032 8 0
1231392532 0 975912 32 0
1231801356 0 1054632 8 0
1231875492 0 1056480 8 0
1250190390 0 1057672 8 0
1250363660 0 1057424 8 0
1252055592 0 1051240 8 0
1252142146 0 975984 32 0
1252938164 0 1055328 8 0
1283600049 0 1051432 8 0
1284033997 0 1051200 8 0
1284145001 0 1053048 8 0
1290037086 0 1051696 8 0
1290262804 0 1051536 8 0
1290619149 0 1286784 208 0
1290665880 0 1287032 8 0
1291110485 0 1287104 8 0
1291125693 0 1287112 24 0
1291429015 0 1286472 8 0
1294286412 0 1286488 8 0
1296246789 0 1286456 8 0
1297605399 0 1287224 8 0
1297899587 0 978760 8 0
1298192794 0 1286256 64 0
1298900053 0 1287248 8 0
1298918783 0 1287256 8 0
1299270474 0 1286344 8 0
1299606414 0 1287040 64 0
1299745660 0 1286448 8 0
1302594712 0 1286464 8 0
1302606483 0 1286480 8 0
1302855031 0 1286512 8 0
1303160730 0 1286168 8 0
1304789569 0 1286176 32 0
1307244925 0 1286320 24 0
1307265290 0 1286360 48 0
1307294900 0 1286416 16 0
1307962978 0 1286496 16 0
1307996669 0 1286536 16 0
1308442397 0 1286432 16 0
1309189634 0 1287208 8 0
1309970151 0 1286144 8 0
1312078728 0 1286152 16 0
1313697291 0 1287216 8 0
1314905449 0 977816 8 0
1315237456 0 975784 8 0
1317254463 0 975744 8 0
1318942862 0 1054800 8 0
1318957990 0 1054808 32 0
1320716646 0 1287184 8 0
1320733334 0 1287192 16 0
1323526578 0 1287168 8 0
1323982272 0 1282224 8 0
1325495825 0 1282232 32 0
1327246866 0 1282264 64 0
1330150230 0 1057144 8 0
1332059837 0 1057152 32 0
1334759964 0 1054936 8 0
1335410041 0 1287144 24 0
1335424568 0 1287176 8 0
1335429107 0 1287232 16 0
1336493042 0 977776 8 0
1336569575 0 1055144 8 0
1338046591 0 1055152 32 0
1339794875 0 978120 8 0
1339808919 0 978128 32 0
1339881886 0 978160 48 0
1340254261 0 1056896 8 0
1342577727 0 1056904 32 0
1344304748 0 1056936 64 0
1344541673 0 1057000 128 0
1348158321 0 979032 8 0
1348214482 0 1056888 8 0
1350556529 0 1056856 8 0
1351974121 0 979080 8 0
1352089850 0 1056584 8 0
1353861781 0 979072 8 0
1353916184 0 1056840 8 0
1355241079 0 1056848 8 0
1355288649 0 1056864 16 0
1360927013 0 992608 8 0
1363079830 0 1054688 8 0
1363095875 0 1054696 32 0
1363543331 0 1053064 24 0
1365597624 0 1056712 8 0
1367926145 0 1057496 8 0
1368644736 0 1054728 64 0
1368941495 0 1054680 8 0
1369115594 0 976936 8 0
1369336900 0 1055360 8 0
1371453725 0 1055368 32 0
1373619465 0 1053112 8 0
1373785759 0 1053120 16 0
1373985971 0 1053584 8 0
1374000727 0 1053592 32 0
1374157053 0 977752 8 0
1374172261 0 977760 16 0
1374177270 0 977784 8 0
1374482247 0 1055872 8 0
1376083325 0 979144 8 0
1376336761 0 992096 48 0
1376815236 0 1056576 8 0
1379337296 0 1056568 8 0
1381104361 0 1056784 8 0
1382449420 0 1056792 32 0
1374234719 0 824048 248 0
1374241203 0 824296 8 0
1374331414 0 824304 136 0
1374404729 0 828808 240 0
1374484929 0 829048 88 0
1375853837 0 824440 72 0
1379083820 0 833864 136 0
1379487450 0 824024 24 0
1379563520 0 833472 128 0
1384489336 0 976784 8 0
1384615135 0 976848 8 0
1384627345 0 976856 32 0
1385003157 0 1054672 8 0
1385298670 0 1054408 64 0
1386119793 0 1054664 8 0
1386370355 0 1053520 8 0
1386594596 0 979136 8 0
1386699007 0 979152 32 0
1386786222 0 1053528 32 0
1387614915 0 1054656 8 0
1387820041 0 1057968 8 0
1387833631 0 1057976 24 0
1388852563 0 1057952 8 0
1388865829 0 1057960 8 0
1389158770 0 1054640 8 0
1389171930 0 1054648 8 0
1391261297 0 705232 8 0
1393229659 0 1053504 16 0
1393241627 0 1053560 24 0
1393253582 0 1053624 136 0
1393686581 0 999000 8 0
1395220344 0 704032 8 0
1396567852 0 4266384 8 0
1397822078 0 4196616 8 0
1397855883 0 4196624 8 0
1397861543 0 4196632 8 0
1397866292 0 4196640 8 0
1397870692 0 4196648 8 0
1397874818 0 4196656 8 0
1397878916 0 4196664 8 0
1397883126 0 4196672 8 0
1397887317 0 4196680 8 0
1397891225 0 4196688 8 0
1397895544 0 4196696 8 0
1397899775 0 4196704 8 0
1397905215 0 4196712 8 0
1397911319 0 4196720 8 0
1397915659 0 4196728 8 0
1397919953 0 4196736 8 0
1397924356 0 4196744 8 0
1397928277 0 4196752 8 0
1397932765 0 4196760 8 0
1397936953 0 4196768 8 0
1397941183 0 4196776 8 0
1397945152 0 4196784 8 0
1397948974 0 4196792 8 0
1397953500 0 4196808 8 0
1397957359 0 4196816 8 0
1397961204 0 4196824 8 0
1397966172 0 4196832 8 0
1397970097 0 4196840 8 0
1397974207 0 4196848 8 0
1397978039 0 4196856 8 0
1397982595 0 4196864 8 0
1397986249 0 4196800 8 0
1398022556 0 976968 8 0
1398235538 0 976960 8 0
1398326801 0 993656 8 0
1399714139 0 993688 8 0
1401051903 0 993856 8 0
1402432747 0 993864 32 0
1404393794 0 993896 64 0
1404653962 0 993616 8 0
1409726360 0 977080 8 0
1409740025 0 977088 32 0
1410188537 0 993680 8 0
1411624571 0 993848 8 0
1413881481 0 993960 144 0
1414288586 0 993624 8 0
1416833295 0 977016 8 0
1416884191 0 977040 8 0
1417839315 0 718472 32 0
1417870250 0 718608 8 0
1420234301 0 718504 64 0
1420290972 0 718568 40 0
1423784285 0 718280 32 0
1423823840 0 718336 136 0
1423919406 0 79008 8 0
1423948209 0 78968 8 0
1423971110 0 1087944 32 0
1428181307 0 1090808 144 0
1434247162 0 1088104 248 0
1434281977 0 1088352 8 0
1442508327 0 1092120 32 0
1448788026 0 1092640 136 0
1455717847 0 1092152 224 0
1460334525 0 4604544 32 0
1464744090 0 4606568 144 0
1472633348 0 4604592 248 0
1472680013 0 4604840 8 0
1477805175 0 513440 32 0
1483357265 0 4594752 32 0
1483399997 0 4594896 136 0
1483448172 0 4594784 112 0
1483511343 0 4594488 32 0
1483559689 0 4594520 136 0
1483670049 0 5888 8 0
1483847622 0 5896 8 0
1483854820 0 5904 8 0
1483859476 0 5912 8 0
1483869259 0 5920 8 0
1483876642 0 5928 8 0
1483885814 0 5936 8 0
1483893466 0 5944 8 0
1483900473 0 5952 8 0
1483907705 0 5960 8 0
1483914735 0 5968 8 0
1483919524 0 5976 8 0
1483923963 0 5984 8 0
1483928462 0 5992 8 0
1483932579 0 6000 8 0
1483937867 0 6008 8 0
1483941894 0 6016 8 0
1483946133 0 6024 8 0
1483950032 0 6032 8 0
1483956879 0 6040 8 0
1483963974 0 6048 8 0
1483970530 0 6064 8 0
1483977449 0 6072 8 0
1483983765 0 6080 8 0
1483991279 0 6088 8 0
1484030121 0 6096 8 0
1484031898 0 6104 8 0
1484033049 0 6112 8 0
1484034062 0 6120 8 0
1484035035 0 6128 8 0
1484036785 0 6136 8 0
1484038160 0 6144 8 0
1484038670 0 6056 8 0
1489533482 0 520896 32 0
1492909458 0 520928 32 0
1495488617 0 4604576 16 0
1495735594 0 4604848 240 0
1496300552 0 1087976 128 0
1496563643 0 1092376 248 0
1496613981 0 1092624 8 0
1496755822 0 1088360 128 0
1496849090 0 1088488 248 0
1496891604 0 1088736 8 0
1496914459 0 718312 24 0
1497063785 0 4605632 248 0
1497071014 0 4605880 8 0
1502040537 0 4605128 248 0
1502083694 0 4605376 8 0
1502116312 0 4605088 40 0
1502284783 0 4605384 184 0
1503456394 0 993816 8 0
1564187577 0 993824 24 0
1577218146 0 977072 8 0
1577264686 0 977056 8 0
1577895390 0 1053960 8 0
1577910837 0 1053968 32 0
1578129729 0 1054000 64 0
1578903842 0 1053944 8 0
1578917854 0 1053952 8 0
1579328362 0 977008 8 0
1579402668 0 976952 8 0
1579598372 0 993720 8 0
1584903306 0 993712 8 0
1587440508 0 4266472 8 0
1590713999 0 4661088 8 0
1595559253 0 1057944 8 0
1596196581 0 1283480 8 0
1602487219 0 1283488 32 0
1607942029 0 1283520 64 0
1608141735 0 1283584 128 0
1612089792 0 1283712 248 0
1612090818 0 1283960 8 0
1619880688 0 1055304 8 0
1686160642 0 1056768 8 0
1686214721 0 1056776 8 0
1686485163 0 1056760 8 0
1727992296 0 1281648 8 0
1731419699 0 1282904 8 0
1713936231 0 833856 8 0
1718461742 0 823712 56 0
1738688875 0 1282912 32 0
1738870663 0 1285312 8 0
1748409921 0 1281592 8 0
1750577501 0 1280816 8 0
1752238551 0 1285064 8 0
1752383784 0 1282984 8 0
1752583549 0 1284248 8 0
1752606785 0 1284256 32 0
1752788780 0 1281088 8 0
1754655671 0 1284296 8 0
1754822263 0 1282456 8 0
1754840017 0 1282464 32 0
1755016066 0 1284640 8 0
1755156929 0 1281896 8 0
1756814322 0 1283472 8 0
1757345795 0 1285192 8 0
1758740523 0 1281488 8 0
1760639874 0 1285344 8 0
1762082714 0 1285008 8 0
1762283126 0 1280992 8 0
1763991934 0 1282176 8 0
1765630438 0 1284784 8 0
1765814461 0 1280776 8 0
1767197933 0 1280784 32 0
1768984026 0 1282208 8 0
1771022348 0 1282216 8 0
1773161131 0 1282680 8 0
1773333724 0 1280896 8 0
1774008670 0 1281144 8 0
1775466121 0 1280864 8 0
1775623040 0 1285720 8 0
1777426644 0 1282872 8 0
1777448056 0 1282880 24 0
1777599853 0 1285808 8 0
1779119453 0 1281376 8 0
1780714161 0 1285368 8 0
1782706268 0 1284840 8 0
1782949736 0 1284224 8 0
1783117573 0 1281432 8 0
1784749231 0 1281904 8 0
1786235658 0 1284008 8 0
1786443985 0 1285216 8 0
1787789775 0 1285224 32 0
1789909055 0 1281720 8 0
1792678287 0 1282080 8 0
1796900845 0 1286072 8 0
1798390035 0 1281616 8 0
1799577341 0 1281624 24 0
1801246797 0 1283120 8 0
1801519856 0 1285952 8 0
1803350406 0 1282128 8 0
1804811064 0 1281856 8 0
1806285015 0 1285136 8 0
1806304288 0 1285144 32 0
1806532849 0 1283112 8 0
1806736542 0 1285176 16 0
1806815154 0 1285200 16 0
1806822578 0 1285256 56 0
1806827858 0 1285320 24 0
1806829047 0 1285352 16 0
1808796143 0 1286056 8 0
1812831929 0 1285776 8 0
1812954160 0 1284128 8 0
1813073042 0 1281008 8 0
1814588998 0 1285792 8 0
1814705117 0 1285960 8 0
1818374140 0 1284056 8 0
1818389093 0 1284064 32 0
1818616389 0 1286008 8 0
1820178130 0 1281360 8 0
1821481232 0 1281368 8 0
1821527887 0 1281384 16 0
1825223395 0 1286080 8 0
1827112784 0 1284144 8 0
1827129324 0 1284152 32 0
1827499232 0 1281728 8 0
1827669887 0 1281168 8 0
1829710166 0 1283184 8 0
1829885672 0 1284288 8 0
1829896668 0 1284304 48 0
1830153327 0 1282032 8 0
1831608331 0 1285432 8 0
1831753384 0 1284792 8 0
1831874491 0 1284568 8 0
1831888726 0 1284576 32 0
1832101240 0 1284936 8 0
1832332116 0 1281160 8 0
1833807188 0 1282064 8 0
1835144852 0 1282072 8 0
1835203827 0 1282088 16 0
1836743577 0 1283136 8 0
1837346972 0 1281264 8 0
1838659351 0 1281272 32 0
1840817840 0 1285464 8 0
1840988011 0 1285376 56 0
1841015233 0 1285440 24 0
1841027731 0 1285472 152 0
1841220663 0 1281864 8 0
1843222452 0 1286096 8 0
1843361027 0 1285640 8 0
1843635941 0 1282824 8 0
1843649572 0 1282832 32 0
1843763436 0 1285680 8 0
1843931941 0 1283128 8 0
1843940482 0 1283144 8 0
1844071999 0 1283016 8 0
1845445213 0 1281112 8 0
1849262819 0 1281120 24 0
1850967369 0 1284888 8 0
1851654164 0 1280984 8 0
1854000808 0 1285704 8 0
1854208599 0 1285992 8 0
1854550293 0 1286112 8 0
1854908950 0 1284016 8 0
1855056892 0 1283080 8 0
1855300577 0 1283152 32 0
1855539757 0 1282968 8 0
1855982546 0 1284096 32 0
1855999245 0 1284136 8 0
1856419022 0 1281936 8 0
1858593683 0 1285784 8 0
1858878407 0 1281208 8 0
1859012929 0 1282648 8 0
1859162014 0 1284400 8 0
1859420627 0 1282144 8 0
1860655603 0 1282152 24 0
1862205133 0 1284024 24 0
1862360466 0 1285672 8 0
1862494882 0 1282944 24 0
1862506429 0 1282976 8 0
1862511470 0 1282992 24 0
1862656042 0 1281960 8 0
1864890262 0 1285624 16 0
1864901112 0 1285648 24 0
1864906778 0 1285688 16 0
1864912070 0 1285712 8 0
1864917066 0 1285728 48 0
1864927313 0 1285800 8 0
1864932192 0 1285816 64 0
1865086983 0 1284776 8 0
1865237988 0 1281072 8 0
1866944064 0 1281096 8 0
1868726379 0 1284608 32 0
1868739334 0 1284648 8 0
1868871418 0 1281304 56 0
1869151444 0 1283984 8 0
1869414465 0 1280696 8 0
1872099184 0 1283024 56 0
1872116564 0 1283088 24 0
1872580956 0 1284552 8 0
1872885232 0 1284192 8 0
1873132699 0 1282768 8 0
1873752981 0 1282632 8 0
1874344109 0 1281240 8 0
1874649389 0 1285040 24 0
1874902303 0 1280768 8 0
1876342733 0 1282000 8 0
1876478735 0 1284240 8 0
1876745295 0 1285096 8 0
1876760608 0 1285104 32 0
1877120919 0 1281528 8 0
1877304518 0 1280856 8 0
1877675345 0 1280968 8 0
1879297928 0 1281056 8 0
1880618563 0 1286120 8 0
1880731654 0 1285944 8 0
1880902448 0 1281152 8 0
1880981488 0 1281176 24 0
1881531429 0 1281504 8 0
1881546572 0 1281512 16 0
1881551758 0 1281536 8 0
1882353984 0 1282864 8 0
1882993150 0 1282608 8 0
1883007606 0 1282616 16 0
1883012863 0 1282640 8 0
1883764027 0 1284928 8 0
1884106572 0 1281424 8 0
1884324612 0 1284744 8 0
1885002667 0 1286104 8 0
1885132036 0 1282104 24 0
1885142148 0 1282136 8 0
1885455110 0 1284848 8 0
1885578387 0 1284856 32 0
1885844723 0 1280832 8 0
1886494257 0 1287496 248 0
1886537995 0 1287744 8 0
1886867470 0 1282048 8 0
1886879460 0 1282056 8 0
1887151323 0 1282672 8 0
1887273437 0 1280920 8 0
1890862962 0 1284352 48 0
1890884845 0 1284408 88 0
1891104567 0 1282184 24 0
1891547413 0 1285072 24 0
1891707328 0 1282784 8 0
1891720657 0 1282792 32 0
1891865062 0 1281608 8 0
1892020627 0 1281880 8 0
1892033335 0 1281888 8 0
1892037309 0 1281912 8 0
1892183571 0 1280976 8 0
1894331392 0 1282736 8 0
1894897504 0 1284216 8 0
1895198637 0 1281456 8 0
1895320748 0 1284048 8 0
1895534927 0 1284944 24 0
1895673470 0 1284992 8 0
1896592026 0 1280936 8 0
1896606570 0 1280944 24 0
1898406422 0 1286016 8 0
1898748516 0 1285968 24 0
1899798154 0 1284760 8 0
1899818662 0 1284768 8 0
1900619775 0 1284816 8 0
1901661655 0 1286128 16 0
1901985809 0 1281464 24 0
1902586838 0 1280720 8 0
1904061393 0 1280728 32 0
1906389676 0 1281984 8 0
1906406952 0 1281992 8 0
1906412370 0 1282008 16 0
1906662463 0 1282504 8 0
1906791016 0 1286000 8 0
1906801155 0 1286024 32 0
1907209267 0 1282512 8 0
1907723046 0 1284912 8 0
1907735322 0 1284920 8 0
1907997514 0 1286088 8 0
1908900120 0 1281248 8 0
1909582359 0 1284896 16 0
1910510209 0 1282712 8 0
1911619732 0 1280688 8 0
1913454342 0 1282744 8 0
1913647544 0 1281928 8 0
1914038069 0 1280872 24 0
1914322270 0 1281080 8 0
1914545732 0 1284752 8 0
1915455214 0 1284560 8 0
1915746593 0 1282024 8 0
1915755238 0 1282040 8 0
1915875787 0 1282720 8 0
1916177894 0 1284800 16 0
1916189274 0 1284824 16 0
1916476464 0 1281496 8 0
1917286108 0 1283192 96 0
1917861185 0 1281256 8 0
1918041060 0 1281104 8 0
1919615051 0 1281872 8 0
1919789404 0 1281600 8 0
1920208256 0 1282696 8 0
1921741806 0 1281696 8 0
1922584187 0 1282520 32 0
1923141718 0 1281408 8 0
1923163904 0 1281416 8 0
1923170838 0 1281440 8 0
1923365751 0 978816 8 0
1923497788 0 978800 8 0
1923659258 0 978808 8 0
1923669158 0 978824 16 0
1924351830 0 1282576 8 0
1926017747 0 1282496 8 0
1926347469 0 1280760 8 0
1926683024 0 1281560 8 0
1926697315 0 1281568 24 0
1929175831 0 1282552 24 0
1929191269 0 1282584 24 0
1929199592 0 1282656 16 0
1929205771 0 1282688 8 0
1929209106 0 1282704 8 0
1929563126 0 1281544 16 0
1930114933 0 1284184 8 0
1930125577 0 1284200 16 0
1930130401 0 1284232 8 0
1930843611 0 1280912 8 0
1931056140 0 1281000 8 0
1931067387 0 1281016 40 0
1931076916 0 1281064 8 0
1931724676 0 1282728 8 0
1931735011 0 1282752 16 0
1931739684 0 1282776 8 0
1933232778 0 1280824 8 0
1933243876 0 1280840 16 0
1934200661 0 1281656 40 0
1934226048 0 1281704 16 0
1934236336 0 1281736 120 0
1936273873 0 1284544 8 0
1937505581 0 1285016 8 0
1940431582 0 1281448 8 0
1942729882 0 1281200 8 0
1942742719 0 1281216 24 0
1943251830 0 1284968 24 0
1943264911 0 1285000 8 0
1943268817 0 1285024 8 0
1944979500 0 1280904 8 0
1944989895 0 1280928 8 0
1951152467 0 1280712 8 0
1954825612 0 978560 8 0
1954845296 0 978568 32 0
1954927728 0 978600 64 0
1955118259 0 977744 8 0
1959475356 0 1281400 8 0
1961065885 0 1281976 8 0
1962770980 0 1282328 80 0
1962805704 0 1282448 8 0
1964273580 0 1281920 8 0
1964286582 0 1281944 16 0
1964291882 0 1281968 8 0
1972497927 0 978528 8 0
1985363354 0 1286208 8 0
1995700401 0 978464 8 0
1995862348 0 978696 8 0
1995876360 0 978704 32 0
1995950431 0 978736 24 0
1995962254 0 978768 32 0
1996282835 0 978296 160 0
1997547533 0 1057336 8 0
1997562082 0 1057344 32 0
1997924979 0 978680 8 0
1998186844 0 978672 8 0
2002932827 0 1283968 16 0
2002947211 0 1283992 16 0
2005601676 0 1284496 48 0
2005621792 0 1284656 88 0
2009020509 0 1285936 8 0
2022831049 0 1055976 8 0
2022852274 0 1055984 32 0
2022934217 0 1056016 64 0
2023154294 0 1055968 8 0
2025953572 0 977792 24 0
2025967277 0 977832 24 0
2026109849 0 1057872 8 0
2026251088 0 1056552 8 0
2044306521 0 1051616 8 0
2044331578 0 1051624 32 0
2044413294 0 1051656 40 0
2044425592 0 1051704 16 0
2045018422 0 977608 8 0
2045034434 0 977616 32 0
2050642733 0 1051584 8 0
2050660041 0 1051592 24 0
2052751295 0 1056592 48 0
2054272042 0 1285928 8 0
2055586610 0 1286064 8 0
2062759497 0 1280704 8 0
2069992782 0 1283344 8 0
2070010796 0 1283352 32 0
2070088830 0 1283384 64 0
2070657056 0 1283320 8 0
2071438885 0 1054088 8 0
2071454972 0 1054096 32 0
2083921294 0 975720 8 0
2088830545 0 1054256 8 0
2089812166 0 1283328 8 0
2090463692 0 1283456 8 0
2090705160 0 1283448 8 0
2090716780 0 1283464 8 0
2091941856 0 1283288 32 0
2091968468 0 1283336 8 0
2106358771 0 979024 8 0
2109206490 0 978008 8 0
2110129965 0 1057184 64 0
2117428404 0 1056720 8 0
2118345647 0 719928 24 0
2118536518 0 719952 32 0
2118557142 0 720088 8 0
2118575349 0 719984 104 0
2118777423 0 795096 32 0
2126213587 0 796184 8 0
2128798499 0 796040 144 0
2138473615 0 720544 32 0
2138500194 0 720696 8 0
2138524401 0 720576 120 0
2139007823 0 4658752 32 0
2146126745 0 4658808 8 0
2148242478 0 4658784 24 0
2148559512 0 720096 32 0
2148580850 0 720536 8 0
2148605868 0 720384 152 0
2148771261 0 4615728 32 0
2148791447 0 4615928 8 0
2148799505 0 4615920 8 0
2148820257 0 4615912 8 0
2148841285 0 4615904 8 0
2148861947 0 4615896 8 0
2148882516 0 4615888 8 0
2148902845 0 4615880 8 0
2148923716 0 4615872 8 0
2148944079 0 4615864 8 0
2148964500 0 4615856 8 0
2148984740 0 4615848 8 0
2149005417 0 4615840 8 0
2149025711 0 4615832 8 0
2149047064 0 4615824 8 0
2149068411 0 4615816 8 0
2149089399 0 4615808 8 0
2149110089 0 4615800 8 0
2149477692 0 796672 32 0
2149497440 0 797176 8 0
2152826749 0 797024 152 0
2172425376 0 1053880 8 0
2182944781 0 1267704 8 0
2185942740 0 1267712 32 0
2190289618 0 1267744 64 0
2192727006 0 1268200 8 0
2195353976 0 1268208 32 0
2198959251 0 1267808 144 0
2199774028 0 1268040 8 0
2207431738 0 1051720 144 0
2220638930 0 1267640 8 0
2225210343 0 1267648 32 0
2227762207 0 1267576 8 0
2231553836 0 1272312 8 0
2234332392 0 1268376 8 0
2234790137 0 1267952 88 0
2234820421 0 1268048 152 0
2234977959 0 1268256 8 0
2235651080 0 1268336 8 0
2235777660 0 1267592 8 0
2238538314 0 1268320 8 0
2238554160 0 1268328 8 0
2238559256 0 1268344 16 0
2238861677 0 1267680 24 0
2238994455 0 1268384 8 0
2239211018 0 1268392 32 0
2239541258 0 1268240 16 0
2239554224 0 1268264 40 0
2239873454 0 979040 24 0
2240209827 0 1267544 8 0
2249329936 0 979064 8 0
2249345470 0 979088 24 0
2250477565 0 1267560 8 0
2254355199 0 1268368 8 0
2273132070 0 1266832 8 0
2278115493 0 1266840 32 0
2280620926 0 1266824 8 0
2298471434 0 977976 8 0
2299180152 0 1056688 8 0
2299196605 0 1056696 16 0
2299494202 0 1056752 8 0
2299558140 0 1056744 8 0
2299915701 0 999048 8 0
2302061746 0 999072 32 0
2304286180 0 1056736 8 0
2304858414 0 1057864 8 0
2305123751 0 1056824 16 0
2305147302 0 1056880 8 0
2305443231 0 1057552 32 0
2305713375 0 978096 24 0
2305896513 0 1057520 8 0
2305909608 0 1057528 8 0
2306898591 0 1057512 8 0
2307289372 0 1055880 32 0
2307373266 0 1055912 56 0
2308238964 0 1057504 8 0
2308808460 0 1056672 8 0
2308822176 0 1056680 8 0
2309529357 0 719920 8 0
2310588985 0 977944 8 0
2310603703 0 977952 24 0
2310673717 0 977992 16 0
2310693223 0 978016 32 0
2311332315 0 977936 8 0
2311516406 0 977928 8 0
2335143467 0 1276872 8 0
2337243831 0 1270944 8 0
2337445883 0 1276912 8 0
2342139660 0 1276920 32 0
2343975782 0 1273184 8 0
2346442408 0 1273192 32 0
2348251448 0 1271560 8 0
2350679889 0 1273304 8 0
2350738634 0 1271488 8 0
2351992159 0 1273232 8 0
2352006951 0 1273240 32 0
2352258908 0 1273296 8 0
2352566014 0 1271624 8 0
2353896864 0 1271472 8 0
2356280254 0 1270936 8 0
2356641970 0 1279312 8 0
2366219150 0 1279344 8 0
2372300146 0 1279352 32 0
2374367723 0 1271544 8 0
2374635261 0 1271520 8 0
2375013835 0 1271552 8 0
2375228207 0 1271536 8 0
2376273769 0 1273344 8 0
2376489763 0 1273336 8 0
2376679402 0 1271504 8 0
2376693026 0 1271512 8 0
2376697662 0 1271528 8 0
2377114074 0 1271480 8 0
2377318660 0 1271584 8 0
2377464928 0 1271576 8 0
2377771004 0 1271600 8 0
2378159888 0 1273144 8 0
2378173695 0 1273152 32 0
2378337441 0 1273136 8 0
2378609334 0 1273224 8 0
2379328703 0 1271496 8 0
2379606470 0 1273360 8 0
2379619765 0 1273368 32 0
2386416887 0 963112 8 0
2386489837 0 958696 248 0
2386587230 0 958944 8 0
2386628321 0 958952 248 0
2387651465 0 959200 8 0
2387781837 0 959208 248 0
2387825406 0 959456 8 0
2387951850 0 959464 248 0
2388005860 0 959712 8 0
2388183731 0 959720 248 0
2388234572 0 959968 8 0
2388395707 0 959976 248 0
2388446250 0 960224 8 0
2388738654 0 960232 248 0
2388787524 0 960480 8 0
2388953399 0 960488 248 0
2389004546 0 960736 8 0
2389195465 0 960744 248 0
2389315359 0 960992 8 0
2389479287 0 961000 248 0
2389528301 0 961248 8 0
2389700989 0 961256 248 0
2389750460 0 961504 8 0
2389940943 0 961512 248 0
2390065528 0 961760 8 0
2390163463 0 961768 248 0
2390265994 0 962016 8 0
2390423205 0 962024 248 0
2390471976 0 962272 8 0
2390629746 0 962280 248 0
2390679902 0 962528 8 0
2390897135 0 962536 248 0
2391018550 0 962784 8 0
2391110758 0 962792 248 0
2391237841 0 963040 8 0
2391396386 0 963048 64 0
2408586786 0 1271464 8 0
2408778125 0 1271432 8 0
2408794193 0 1271440 24 0
2409509585 0 1280400 8 0
2432271401 0 1280392 8 0
2434005738 0 1280408 32 0
2437245401 0 1280328 8 0
2440524849 0 1280336 32 0
2452849602 0 1280368 24 0
2453727147 0 1277392 8 0
2454328900 0 1277400 32 0
2454459385 0 1277376 8 0
2454470434 0 1277384 8 0
2454860505 0 980816 8 0
2455136890 0 977856 72 0
2455563223 0 1273104 8 0
2455577523 0 1273112 24 0
2456184210 0 1273048 8 0
2456629790 0 1273064 8 0
2456644934 0 1273072 32 0
2457976062 0 1273056 8 0
2458438777 0 1273040 8 0
2459012602 0 1057640 32 0
2459039708 0 1057680 8 0
2459235094 0 978864 8 0
2459249509 0 978872 32 0
2461070742 0 1057688 160 0
2461342225 0 975584 8 0
2462979173 0 975360 8 0
2464416605 0 1054904 8 0
2464449892 0 1057432 8 0
2464565664 0 978904 64 0
2465885383 0 703848 8 0
2468076589 0 999104 64 0
2468807238 0 978968 56 0
2469047237 0 1057296 8 0
2469343184 0 1057288 8 0
2470772437 0 980824 8 0
2471479824 0 980864 8 0
2471637525 0 980808 8 0
2471933978 0 1054328 8 0
2471949341 0 1054336 32 0
2472684124 0 4261752 8 0
2474360242 0 78688 8 0
2475720546 0 703968 32 0
2479732460 0 704000 8 0
2481033211 0 980832 32 0
2483597567 0 1054296 8 0
2483618652 0 1054304 24 0
2484630990 0 1049296 8 0
2486486978 0 995296 8 0
2486504640 0 995304 32 0
2486711964 0 797184 32 0
2486853453 0 797832 8 0
2491823277 0 797672 160 0
2492558727 0 992040 8 0
2492580041 0 992048 8 0
2492908473 0 996440 8 0
2500916770 0 996448 32 0
2506127518 0 1054288 8 0
2509714720 0 996832 8 0
2515094063 0 796192 32 0
2515199548 0 796392 8 0
2515236959 0 796248 144 0
2515907657 0 797376 8 0
2515930883 0 797384 32 0
2516948655 0 797216 64 0
2517156416 0 797448 8 0
2517168735 0 797456 32 0
2518222903 0 797536 8 0
2518308087 0 797544 32 0
2518690062 0 797616 8 0
2518901955 0 977224 8 0
2519694862 0 977208 8 0
2519709071 0 977216 8 0
2519714416 0 977232 16 0
2519821626 0 797280 96 0
2519842915 0 797416 8 0
2519921206 0 797488 48 0
2520024996 0 997224 8 0
2521327301 0 997232 32 0
2523398148 0 997216 8 0
2526335457 0 1055688 8 0
2526819252 0 980872 48 0
2527338385 0 997264 32 0
2527797212 0 977288 8 0
2527811829 0 977296 16 0
2528038890 0 977264 8 0
2528187447 0 977352 40 0
2528420636 0 996328 8 0
2530033333 0 996336 32 0
2534079338 0 996368 64 0
2535211943 0 797624 8 0
2536219874 0 980920 112 0
2537031724 0 797648 8 0
2537557521 0 5632 8 0
2537569005 0 5640 8 0
2537574528 0 5648 8 0
2537579665 0 5656 8 0
2537583972 0 5664 8 0
2537588438 0 5672 8 0
2537593184 0 5680 8 0
2537701493 0 5688 8 0
2537707410 0 5696 8 0
2537712775 0 5704 8 0
2537717381 0 5712 8 0
2537721667 0 5720 8 0
2537727160 0 5728 8 0
2537731535 0 5736 8 0
2537735893 0 5744 8 0
2537740553 0 5752 8 0
2537744707 0 5760 8 0
2537749252 0 5768 8 0
2537753735 0 5784 8 0
2537758012 0 5792 8 0
2537762039 0 5800 8 0
2537765874 0 5808 8 0
2537769804 0 5816 8 0
2537773654 0 5824 8 0
2537777626 0 5832 8 0
2537781319 0 5840 8 0
2537864045 0 5848 8 0
2537871147 0 5856 8 0
2537885308 0 5864 8 0
2537889807 0 5872 8 0
2537894620 0 5880 8 0
2537898661 0 5776 8 0
2537909040 0 74032 8 0
2539280545 0 75288 8 0
2540462625 0 74040 8 0
2541732388 0 74152 8 0
2542882600 0 78728 8 0
2544142121 0 704792 32 0
2547018565 0 977400 8 0
2547274998 0 996480 64 0
2547806499 0 997208 8 0
2550228140 0 998080 8 0
2556439004 0 998088 32 0
2556581386 0 998120 64 0
2557385619 0 977480 8 0
2557402817 0 977488 32 0
2558383312 0 1050064 8 0
2577208368 0 1050056 8 0
2579417101 0 1050032 8 0
2581348619 0 1050040 8 0
2582682085 0 1050048 8 0
2583926443 0 998184 144 0
2584192428 0 997776 8 0
2584416515 0 997824 8 0
2584430621 0 997832 32 0
2584666085 0 997808 8 0
2584677825 0 997816 8 0
2584805734 0 998000 8 0
2584932716 0 997784 24 0
2585086651 0 997864 16 0
2585229108 0 998032 8 0
2585249628 0 998040 32 0
2585347245 0 998072 8 0
2586245164 0 981368 8 0
2586263439 0 981376 32 0
2586919408 0 997984 8 0
2586933000 0 997992 8 0
2586938013 0 998008 16 0
2587171436 0 1050024 8 0
2588582649 0 997696 8 0
2588596704 0 997704 32 0
2588668731 0 997736 40 0
2590444806 0 977520 48 0
2590618578 0 977248 16 0
2590629297 0 977272 8 0
2590812475 0 1050016 8 0
2593022112 0 996784 8 0
2593036926 0 996792 32 0
2593920268 0 1050000 8 0
2595055888 0 1050008 8 0
2596577525 0 996216 8 0
2597997182 0 996224 32 0
2600263081 0 977408 8 0
2600417024 0 997944 8 0
2600431106 0 997952 32 0
2600641322 0 998024 8 0
2601746713 0 997904 8 0
2602244457 0 997880 24 0
2602259620 0 997912 32 0
2606060652 0 977432 8 0
2607141651 0 704824 64 0
2613786946 0 704888 128 0
2617835319 0 1053024 8 0
2622146132 0 1053016 8 0
2622191363 0 1053040 8 0
2624206271 0 1053000 8 0
2626412368 0 1052992 8 0
2629653475 0 1052984 8 0
2637312578 0 1054472 144 0
2639146075 0 1054272 16 0
2640622676 0 720232 8 0
2641467647 0 1057920 24 0
2642216655 0 977392 8 0
2642231232 0 977416 16 0
2642243721 0 977440 40 0
2642564481 0 1057256 32 0
2642719174 0 978048 8 0
2642970014 0 1050720 8 0
2647370604 0 995384 8 0
2647747687 0 967872 8 0
2648122900 0 986768 8 0
2648876201 0 996880 8 0
2649028135 0 996872 8 0
2649771472 0 796800 8 0
2649786650 0 796808 32 0
2649974211 0 796840 64 0
2651064204 0 796984 8 0
2652014757 0 1049392 8 0
2654037704 0 1051304 8 0
2654197660 0 981344 8 0
2654975311 0 796976 8 0
2655949844 0 796904 72 0
2655975768 0 796992 32 0
2657880503 0 796720 8 0
2659198305 0 704008 8 0
2660251242 0 796776 8 0
2663404814 0 716704 32 0
2698165735 0 716840 8 0
2700418607 0 716736 64 0
2700546382 0 716800 40 0
2701348567 0 1104944 32 0
2704478050 0 1107416 144 0
2710765913 0 1104976 224 0
2716797626 0 1107560 32 0
2717144030 0 1107776 136 0
2717300639 0 1015232 32 0
2726344382 0 1015264 8 0
2726440968 0 966624 32 0
2726536834 0 1104456 32 0
2731425461 0 1104808 136 0
2737701796 0 1104488 224 0
2740415667 0 1107592 184 0
2740484940 0 1104712 96 0
2740566253 0 1105200 248 0
2740607151 0 1105448 8 0
2740849504 0 1106896 248 0
2740886824 0 1107144 8 0
2750305275 0 1105576 248 0
2750394391 0 1105824 8 0
2750459947 0 1105456 120 0
2750607675 0 79016 8 0
2750632596 0 1188392 32 0
2753711372 0 1188792 144 0
2761415827 0 1188424 248 0
2761542989 0 1188672 8 0
2761624832 0 7424 8 0
2761626464 0 7432 8 0
2761627722 0 7440 8 0
2761628943 0 7448 8 0
2761630346 0 7456 8 0
2761631278 0 7464 8 0
2761632454 0 7472 8 0
2761633595 0 7480 8 0
2761636610 0 7488 8 0
2761638696 0 7496 8 0
2761639731 0 7504 8 0
2761640751 0 7512 8 0
2761641678 0 7520 8 0
2761643598 0 7528 8 0
2761644807 0 7536 8 0
2761646222 0 7544 8 0
2761647495 0 7552 8 0
2761648496 0 7560 8 0
2761649557 0 7568 8 0
2761650570 0 7576 8 0
2761651808 0 7584 8 0
2761653012 0 7592 8 0
2761654240 0 7600 8 0
2761655920 0 7608 8 0
2761656941 0 7616 8 0
2761657841 0 7624 8 0
2761658764 0 7632 8 0
2761659564 0 7640 8 0
2761660370 0 7648 8 0
2761661569 0 7656 8 0
2761662876 0 7672 8 0
2761664526 0 7680 8 0
2761664986 0 7664 8 0
2766022659 0 735400 32 0
2770629472 0 736856 144 0
2776061021 0 735432 224 0
2781303462 0 735656 248 0
2781336696 0 735904 8 0
2781770931 0 1188680 112 0
2781844637 0 4516008 24 0
2782083520 0 1185688 32 0
2786121598 0 1186560 136 0
2791658105 0 1185720 248 0
2791834925 0 1185968 8 0
2791893684 0 1185976 248 0
2791894225 0 1186224 8 0
2797163846 0 1186288 248 0
2797326184 0 1186536 8 0
2799214921 0 1105832 144 0
2799285660 0 1105976 248 0
2799328780 0 1106224 8 0
2799381799 0 1106232 144 0
2799424691 0 1106640 248 0
2799980511 0 1106888 8 0
2800003780 0 1107152 128 0
2800041707 0 1106376 176 0
2800163035 0 1106552 88 0
2802236785 0 796752 8 0
2807922724 0 975752 24 0
2825681738 0 796744 8 0
2826225774 0 796704 16 0
2826238452 0 796728 16 0
2826244549 0 796760 16 0
2828734565 0 796784 16 0
2834206966 0 995272 8 0
2834266138 0 995280 16 0
2834589615 0 995336 40 0
2834769189 0 977568 40 0
2834779905 0 977648 80 0
2834833713 0 1049992 8 0
2841875331 0 1186232 56 0
2843917630 0 997296 128 0
2853616170 0 705016 184 0
2910851815 0 997672 8 0
2911273644 0 1050584 8 0
2911353090 0 1050592 32 0
2911475073 0 1050624 64 0
2917637056 0 995776 8 0
2920156540 0 995784 32 0
2925860046 0 995816 64 0
2927616138 0 1280128 8 0
2929651510 0 1280008 8 0
2933113858 0 1277888 8 0
2933147584 0 1277896 32 0
2933408614 0 1277312 8 0
2933512153 0 1280152 8 0
2936432993 0 1277880 8 0
2936584539 0 1277784 8 0
2936682064 0 1280168 8 0
2938054211 0 1280176 32 0
2939568366 0 1280208 64 0
2940027857 0 1277864 8 0
2941987195 0 1277872 8 0
2942208987 0 1277808 8 0
2942252546 0 1277816 32 0
2942361221 0 1277320 8 0
2942432981 0 1280104 8 0
2943919002 0 1280000 8 0
2945585945 0 1280032 8 0
2946841272 0 1279848 8 0
2948190261 0 1279872 8 0
2949836357 0 1279880 32 0
2952184209 0 1279968 8 0
2953767652 0 1280136 8 0
2955148606 0 1280144 8 0
2955154587 0 1280160 8 0
2956844078 0 1280272 56 0
2957587535 0 1280024 8 0
2957958520 0 1279856 8 0
2959417605 0 1279832 8 0
2961181089 0 1277848 16 0
2961601569 0 1277304 8 0
2961771293 0 1277680 8 0
2961808319 0 1277688 32 0
2961925254 0 1277720 64 0
2962297996 0 1280112 8 0
2963673356 0 1280120 8 0
2965482614 0 1277288 8 0
2965519445 0 1277296 8 0
2965763111 0 1280064 8 0
2967271769 0 1277616 8 0
2967309913 0 1277624 32 0
2967537823 0 1277576 8 0
2967578965 0 1277584 32 0
2967766797 0 1277112 8 0
2968040172 0 1277792 16 0
2968051239 0 1277928 24 0
2968256022 0 1277248 8 0
2968372315 0 1278080 8 0
2968412660 0 1278088 32 0
2968517254 0 1278120 64 0
2968898816 0 1277480 8 0
2968939519 0 1277488 32 0
2969232930 0 1280048 8 0
2970642519 0 1280072 8 0
2972280734 0 1280096 8 0
2973704844 0 1277216 8 0
2973743865 0 1277224 24 0
2974392915 0 1277336 8 0
2974496010 0 1277344 32 0
2974868691 0 1280040 8 0
2974877743 0 1280056 8 0
2976279630 0 1280088 8 0
2976899795 0 1280080 8 0
2977095643 0 1277200 8 0
2977181583 0 1277208 8 0
2978799397 0 1277144 8 0
2979691473 0 1054064 24 0
2979706562 0 1054128 80 0
2980409014 0 703912 8 0
2982273339 0 1277656 24 0
2982634795 0 1278184 144 0
2982916846 0 1277456 8 0
2983039927 0 1277080 8 0
2983214695 0 1277464 8 0
2983254354 0 1277472 8 0
2983375234 0 1277536 8 0
2983415296 0 1277544 32 0
2983729331 0 1278000 8 0
2983818831 0 1277440 8 0
2984008124 0 1278072 8 0
2984142346 0 1278008 8 0
2984374543 0 1278032 8 0
2984505066 0 1278024 8 0
2984615437 0 1278048 8 0
2984845553 0 1277120 8 0
2984975303 0 1277432 8 0
2984986052 0 1277448 8 0
2984987194 0 1277520 16 0
2986479451 0 1279000 8 0
2986522348 0 1279008 32 0
3008011855 0 1271616 8 0
3017912273 0 1271568 8 0
3017919952 0 1271592 8 0
3055219905 0 1057384 8 0
3055919146 0 1271608 8 0
3055937105 0 1271632 160 0
3226247464 0 975864 8 0
3227352991 0 1272568 8 0
3270418964 0 1272560 8 0
3300774171 0 1266816 8 0
3303719535 0 1266872 64 0
3305524015 0 1267624 8 0
3310495593 0 1267632 8 0
3317796412 0 1268312 8 0
3320818335 0 1272416 8 0
3386468186 0 1267536 8 0
3386865592 0 1267616 8 0
3393271176 0 1268304 8 0
3393276876 0 1268360 8 0
3393282414 0 1268424 136 0
3394111237 0 1267528 8 0
3396274465 0 1267512 8 0
3396314527 0 1267520 8 0
3397820930 0 1267504 8 0
3398703598 0 1267600 8 0
3405701347 0 1267608 8 0
3410152324 0 1268560 248 0
3410162064 0 1268808 8 0
3411499814 0 1057584 16 0
3412950775 0 1267568 8 0
3420002538 0 1267552 8 0
3420013986 0 1267584 8 0
3435314557 0 1272448 8 0
3447332718 0 1273400 64 0
3512569197 0 1267496 8 0
3530386390 0 1267152 8 0
3530408978 0 1267160 32 0
3530826899 0 1267416 8 0
3536491826 0 1263104 8 0
3542230976 0 1263112 32 0
3547037062 0 1263064 8 0
3584923475 0 1263072 8 0
3595445170 0 1263080 24 0
3595622197 0 1263144 32 0
3598015750 0 1272296 8 0
3598175671 0 1272304 8 0
3598186122 0 1272320 16 0
3604608282 0 1267400 8 0
3605220201 0 1269376 8 0
3605237697 0 1269384 32 0
3605953556 0 1268872 8 0
3615402759 0 1056648 8 0
3622152273 0 1287752 248 0
3622171057 0 1288000 8 0
3625294465 0 1276856 8 0
3625349010 0 1276864 8 0
3625356197 0 1276880 16 0
3625741211 0 1276896 16 0
3625754670 0 1276952 128 0
3626373876 0 1277088 24 0
3626384133 0 1277128 16 0
3626387669 0 1277152 48 0
3626388975 0 1277256 32 0
3626389327 0 1277328 8 0
3627917966 0 1280488 8 0
3628033035 0 1280456 8 0
3628084115 0 1280464 24 0
3628347104 0 1280440 16 0
3628505098 0 1280496 40 0
3629097971 0 1280568 8 0
3629196927 0 1280560 8 0
3629432718 0 1280552 8 0
3629631677 0 1280664 8 0
3629722277 0 1280672 16 0
3630326964 0 1280592 8 0
3630566703 0 1280576 16 0
3630574485 0 1280600 8 0
3632123931 0 1280608 56 0
3632675173 0 1280536 16 0
3633025395 0 1272672 8 0
3633069248 0 1272680 32 0
3633220704 0 1272584 8 0
3633406611 0 1272632 8 0
3633446985 0 1272640 32 0
3633542268 0 1272712 24 0
3638023064 0 1273272 24 0
3638036054 0 1273312 24 0
3638601380 0 1273352 8 0
3660394718 0 1279048 8 0
3660435442 0 1279056 32 0
3660540505 0 1279088 64 0
3661184448 0 996432 8 0
3661194983 0 996544 32 0
3661701290 0 2056 8 0
3662364610 0 1279768 8 0
3663995848 0 1279840 8 0
3664005677 0 1279864 8 0
3664209661 0 1279816 8 0
3664507738 0 1279824 8 0
3668588164 0 1278016 8 0
3668598423 0 1278040 8 0
3668729666 0 1277968 8 0
3668769654 0 1277976 24 0
3669085608 0 1278056 16 0
3670665781 0 1280016 8 0
3670984290 0 1277952 16 0
3671424585 0 1279976 8 0
3672070727 0 1279912 32 0
3672573204 0 1279808 8 0
3673280365 0 1279960 8 0
3674774382 0 992144 32 0
3674856202 0 992176 64 0
3676022428 0 1054208 48 0
3649226145 0 1276848 8 0
3649594123 0 1049144 8 0
3653187422 0 1270928 8 0
3654030983 0 1279328 8 0
3654080582 0 1279336 8 0
3654574279 0 1279320 8 0
3654954655 0 978456 8 0
3654974919 0 978472 56 0
3654978392 0 978536 24 0
3654978695 0 978664 8 0
3657484168 0 1055432 8 0
3696206093 0 1050480 8 0
3696340134 0 1050472 8 0
3697555153 0 264648 8 0
3699728311 0 4592064 32 0
3699781533 0 4592096 16 0
3704154145 0 992584 8 0
3704178613 0 992592 16 0
3704187814 0 992616 8 0
3719137452 0 797576 40 0
3719159181 0 797632 16 0
3719165223 0 797656 16 0
3722635181 0 797424 24 0
3726292740 0 4532856 8 0
3728761958 0 796240 8 0
3730224577 0 4552248 8 0
3733425036 0 1050320 8 0
3733989677 0 977280 8 0
3735482233 0 796224 16 0
3737028270 0 720240 8 0
3737835836 0 720288 8 0
3738022892 0 720304 8 0
3738037585 0 720312 32 0
3738720574 0 720344 40 0
3740359194 0 720160 8 0
3740837407 0 720128 32 0
3740852763 0 720168 24 0
3741100128 0 720256 8 0
3741114544 0 720264 24 0
3786699942 0 997680 16 0
3787046418 0 997664 8 0
3788512229 0 996256 64 0
3789970656 0 998536 8 0
3789986724 0 998544 32 0
3790065275 0 998576 64 0
3790438236 0 998528 8 0
3791099131 0 998520 8 0
3791631339 0 1050384 8 0
3791646182 0 1050392 32 0
3791729146 0 1050424 48 0
3791906913 0 1050488 96 0
3792648715 0 797840 32 0
3792673844 0 799296 16 0
3792706020 0 799104 192 0
3793254172 0 1050376 8 0
3796057873 0 1050368 8 0
3798567880 0 1050360 8 0
3799179891 0 1050344 8 0
3799193221 0 1050352 8 0
3811506366 0 996632 8 0
3811529371 0 996640 32 0
3811866691 0 996736 8 0
3811881062 0 996744 32 0
3817806781 0 996576 56 0
3817840958 0 996672 64 0
3817854906 0 996776 8 0
3818173431 0 996824 8 0
3818183280 0 996840 32 0
3818197181 0 996888 152 0
3819313812 0 997624 8 0
3819330424 0 997632 32 0
3819927032 0 1051544 8 0
3820931631 0 991968 8 0
3839956628 0 1055280 8 0
3841297924 0 997040 168 0
3842885828 0 1049968 8 0
3846117274 0 1049976 16 0
3953023246 0 1279784 8 0
3953051786 0 1279792 16 0
3953173660 0 1279776 8 0
3953565386 0 1279944 16 0
3953578392 0 1279984 16 0
3959294524 0 1051864 248 0
3959455503 0 1052112 8 0
3961044376 0 1051568 8 0
3961064835 0 1051576 8 0
3962400734 0 1056664 8 0
3962610691 0 1056656 8 0
3963340138 0 1056640 8 0
3967193632 0 976816 8 0
3989668772 0 976904 8 0
4037966565 0 1288040 8 0
4037985370 0 1288088 208 0
3991137938 0 993464 8 0
4007022351 0 993104 8 0
4009461449 0 976888 16 0
4009472531 0 976912 24 0
4009869053 0 993112 32 0
4013063190 0 993336 8 0
4018639785 0 1279184 8 0
4018741650 0 1279176 8 0
4021845358 0 1279160 8 0
4021951004 0 1279168 8 0
4021961623 0 1279192 8 0
4027396407 0 1288048 8 0
4027463017 0 1288056 32 0
4028556922 0 1288016 8 0
4029084093 0 1288008 8 0
4029095568 0 1288024 16 0
4029803492 0 1279208 8 0
4029876197 0 1279216 32 0
4030066452 0 1279200 8 0
4082632891 0 1272576 8 0
4082643541 0 1272592 8 0
4082911984 0 1272624 8 0
4083133454 0 1272600 24 0
4089936705 0 994552 8 0
4089994604 0 994560 32 0
4090164318 0 994544 8 0
4217354523 0 264608 8 0
4390466347 0 720248 8 0
5002337112 0 3932160 8 1
5002387991 0 3932168 8 1
5002490675 0 3932176 8 1
5002498911 0 3932184 8 1
5002503507 0 3932192 8 1
5002507714 0 3932200 8 1
5002511333 0 3932208 8 1
5002515375 0 3932216 8 1
5002518691 0 3932224 8 1
5002522225 0 3932232 8 1
5002525619 0 3932240 8 1
5002528746 0 3932248 8 1
5002532005 0 3932256 8 1
5002535253 0 3932264 8 1
5002539017 0 3932272 8 1
5002542636 0 3932280 8 1
5002546117 0 3932288 8 1
5002549958 0 3932296 8 1
5002553377 0 3932304 8 1
5002557285 0 3932312 8 1
5002561075 0 3932320 8 1
5002564636 0 3932328 8 1
5002567894 0 3932336 8 1
5002570973 0 3932344 8 1
5002574326 0 3932352 8 1
5002578162 0 3932360 8 1
5002581472 0 3932368 8 1
5002585119 0 3932376 8 1
5002588665 0 3932384 8 1
5002592190 0 3932392 8 1
5002595330 0 3932400 8 1
5002599303 0 3932408 8 1
5002602818 0 3932416 8 1
5002606492 0 3932424 8 1
5002610117 0 3932432 8 1
5002613674 0 3932440 8 1
5002617844 0 3932448 8 1
5002621167 0 3932456 8 1
5002624727 0 3932464 8 1
5002628542 0 3932472 8 1
5002631994 0 3932480 8 1
5002635509 0 3932488 8 1
5002638519 0 3932496 8 1
5002641777 0 3932504 8 1
5002645023 0 3932512 8 1
5002648621 0 3932520 8 1
5002651873 0 3932528 8 1
5002655070 0 3932536 8 1
5002658439 0 3932544 8 1
5002661651 0 3932552 8 1
5002664881 0 3932560 8 1
5002668159 0 3932568 8 1
5002671403 0 3932576 8 1
5002674577 0 3932584 8 1
5002677831 0 3932592 8 1
5002681561 0 3932600 8 1
5002684900 0 3932608 8 1
5002688724 0 3932616 8 1
5002692235 0 3932624 8 1
5002695592 0 3932632 8 1
5002698909 0 3932640 8 1
5002702248 0 3932648 8 1
5002705656 0 3932656 8 1
5002709137 0 3932664 8 1
5002712542 0 3932672 8 1
5002716033 0 3932680 8 1
5002719650 0 3932688 8 1
5002723341 0 3932696 8 1
5002726642 0 3932704 8 1
5002730132 0 3932712 8 1
5002733453 0 3932720 8 1
5002736695 0 3932728 8 1
5002740349 0 3932736 8 1
5002743748 0 3932744 8 1
5002747360 0 3932752 8 1
5002750808 0 3932760 8 1
5002754366 0 3932768 8 1
5002757896 0 3932776 8 1
5002761314 0 3932784 8 1
5002764900 0 3932792 8 1
5002818588 0 3932800 8 1
5002823069 0 3932808 8 1
5002826728 0 3932816 8 1
5002830286 0 3932824 8 1
5002833462 0 3932832 8 1
5002836717 0 3932840 8 1
5002860127 0 3932848 8 1
5626969082 0 975416 8 0
5628984620 0 975424 32 0
5631099900 0 975456 64 0
5631764177 0 835736 8 0
5635224522 0 975384 8 0
5636608124 0 975392 24 0
5638577702 0 975616 8 0
5638758840 0 975608 8 0
5638835929 0 975632 8 0
5639054935 0 975624 8 0
5639064773 0 975640 8 0
5639258208 0 835824 8 0
5639297995 0 835832 32 0
5639435558 0 835864 64 0
5639594033 0 975344 8 0
5642209030 0 975568 8 0
5642253439 0 975576 8 0
5642260680 0 975592 16 0
5642469050 0 835728 8 0
5642954059 0 994720 64 0
5643372828 0 994784 248 0
5643382347 0 995032 8 0
5646906729 0 976400 8 0
5647710252 0 994624 8 0
5647762811 0 994632 8 0
5675327704 0 1267312 8 0
5675384958 0 1267320 32 0
5678300257 0 1267288 8 0
5678655530 0 1269272 8 0
5678713475 0 1269280 32 0
5681100020 0 1268840 8 0
5681284703 0 1269440 8 0
5681784611 0 985928 8 0
5682373589 0 1267392 8 0
5683030588 0 1268816 24 0
5683041488 0 1268848 24 0
5683049183 0 1268880 192 0
5683165575 0 1267192 48 0
5683471179 0 1269416 24 0
5683481848 0 1269448 32 0
5683935518 0 1269352 8 0
5684392746 0 1267360 8 0
5684533568 0 1267280 8 0
5685777896 0 1267056 8 0
5705708612 0 2064 8 0
5705784162 0 507904 8 1
5709774602 0 1267384 8 0
5709970959 0 1267488 8 0
5710491051 0 1267088 8 0
5710753705 0 1267064 8 0
5711432548 0 1269152 8 0
5711612557 0 1269208 8 0
5712176268 0 1267432 8 0
5712227639 0 1267440 32 0
5713051870 0 1269312 40 0
5715399056 0 1269096 8 0
5719544068 0 507912 8 1
6989744883 0 1053192 8 0
6989804901 0 1053200 32 0
7035362018 0 2088 8 0
7037051368 0 1253376 64 1
7032989542 0 1089848 248 0
7032999612 0 1090096 8 0
7054791097 0 4465536 32 0
7058705925 0 4465568 88 0
7050717716 0 736552 248 0
7050727520 0 736800 8 0
7054089878 0 1257472 64 1
7117677821 0 3932856 8 1
7117683397 0 3932864 8 1
7117685020 0 3932872 8 1
7117685724 0 3932880 8 1
7117686279 0 3932888 8 1
7117687165 0 3932896 8 1
7117687731 0 3932904 8 1
7117688518 0 3932912 8 1
7117688928 0 3932920 8 1
7117689387 0 3932928 8 1
7117689808 0 3932936 8 1
7117690140 0 3932944 8 1
7117690383 0 3932952 8 1
7117690731 0 3932960 8 1
7117691405 0 3932968 8 1
7117691865 0 3932976 8 1
7117766527 0 3932984 8 1
7114283531 0 506688 16 1
7114326014 0 264656 8 1
7114354164 0 265528 8 1
7114377540 0 506704 16 1
7114399072 0 512776 8 1
7114425832 0 506720 8 1
7114446719 0 506728 8 1
7114461958 0 506736 8 1
7114481019 0 506744 8 1
7114508864 0 506752 16 1
7114531022 0 506768 8 1
7114546111 0 506776 8 1
7114574420 0 506784 8 1
7114595359 0 506792 8 1
7114610335 0 506800 8 1
7114636130 0 512512 80 1
7114819730 0 1291392 248 1
7114915841 0 1291640 248 1
7115007031 0 1291888 248 1
7115096634 0 1292136 248 1
7115183291 0 1292384 248 1
7115271495 0 1292632 248 1
7115356093 0 1292880 248 1
7115442550 0 1293128 248 1
7115527172 0 1293376 248 1
7115618107 0 1293624 248 1
7115707281 0 1293872 248 1
7115794206 0 1294120 248 1
7115880682 0 1294368 248 1
7115962936 0 1294616 248 1
7116047830 0 1294864 248 1
7116131363 0 1295112 248 1
7116214540 0 1295360 248 1
7116296463 0 1295608 248 1
7116384255 0 1295856 248 1
7116471341 0 1296104 248 1
7116556224 0 1296352 248 1
7116644085 0 1296600 248 1
7116733729 0 1296848 248 1
7116837661 0 1297096 248 1
7116957892 0 1297344 248 1
7117073561 0 1297592 248 1
7117183956 0 1297840 248 1
7117305266 0 1298088 248 1
7117425496 0 1298336 216 1
7117530549 0 506808 8 1
7117548292 0 512592 8 1
7117569549 0 512600 8 1
7117594903 0 512608 8 1
7117637441 0 2056 8 1
7117651491 0 2312 8 1
7117660957 0 2352 8 1
7117669238 0 2384 8 1
7117674556 0 2392 8 1
7117679242 0 2408 8 1
7117752802 0 2472 8 1
7117759827 0 2528 8 1
7117765746 0 2640 8 1
7119435932 0 2664 8 1
7119437180 0 2672 8 1
7119441287 0 2824 8 1
7119442376 0 2840 8 1
7119443242 0 6056 8 1
7119444967 0 7664 8 1
7119446019 0 8552 8 1
7119446905 0 8624 8 1
7119447727 0 8632 8 1
7119448498 0 8640 8 1
7119450026 0 8664 8 1
7119450823 0 8776 8 1
7119451473 0 8784 8 1
7119452230 0 8792 8 1
7119454842 0 8800 8 1
7119455866 0 8808 8 1
7119456921 0 8816 8 1
7119458115 0 8824 8 1
7119459051 0 8832 8 1
7119460358 0 8888 8 1
7119461488 0 8896 8 1
7119462523 0 8904 8 1
7119463838 0 8912 8 1
7119465141 0 8936 8 1
7119466212 0 10400 8 1
7119469503 0 67848 8 1
7119474287 0 68464 8 1
7119476520 0 80320 8 1
7119477462 0 80328 8 1
7119478462 0 80336 8 1
7119479399 0 80344 8 1
7119480995 0 80352 8 1
7119482994 0 80368 8 1
7119484087 0 80376 8 1
7119485084 0 80384 8 1
7119486188 0 80392 8 1
7119487190 0 80400 8 1
7119488374 0 80408 8 1
7119491749 0 80416 8 1
7119493022 0 80424 8 1
7119493730 0 80432 8 1
7119494478 0 80440 8 1
7119495924 0 4194304 8 1
7119496686 0 4194432 8 1
7119497496 0 4194560 8 1
7119498381 0 4194568 8 1
7119499769 0 4194832 8 1
7119500480 0 4194840 8 1
7119501879 0 4194848 8 1
7119502986 0 4194856 8 1
7119505757 0 4194864 8 1
7119506589 0 4194872 8 1
7119507187 0 4194880 8 1
7119507965 0 4194888 8 1
7119508831 0 4195192 8 1
7119509739 0 4195704 8 1
7119510459 0 4195712 8 1
7119511351 0 4195824 8 1
7119512115 0 4196592 8 1
7119513006 0 4196744 8 1
7119513967 0 4197624 8 1
7119515165 0 4260096 8 1
7192098533 0 0 8 1
7192115591 0 8 8 1
7192122012 0 2064 8 1
7192127737 0 2088 8 1
7192132860 0 2192 8 1
7192138184 0 6408 8 1
7192143136 0 8648 8 1
7192148024 0 10408 8 1
7192153079 0 10416 8 1
7192158013 0 10424 8 1
7192163080 0 68512 8 1
7192167983 0 78752 8 1
7192173074 0 80360 8 1
7192181279 0 80448 8 1
7192190905 0 4194584 8 1
7199230615 0 3932160 8 1
7204829858 0 3932160 8 1
7205725449 0 3932160 8 1
7206126652 0 0 8 1
