0 0 6416 8 0
27607 0 6424 8 0
30548 0 6432 8 0
31946 0 6440 8 0
33149 0 6448 8 0
34391 0 6456 8 0
35703 0 6464 8 0
36828 0 6472 8 0
37966 0 6480 8 0
39234 0 6488 8 0
40385 0 6496 8 0
41635 0 6504 8 0
42691 0 6512 8 0
44240 0 6520 8 0
45548 0 6528 8 0
46692 0 6536 8 0
48279 0 6544 8 0
49560 0 6552 8 0
51201 0 6560 8 0
52466 0 6568 8 0
53512 0 6576 8 0
54571 0 6584 8 0
55749 0 6592 8 0
57069 0 6600 8 0
58307 0 6608 8 0
59478 0 6616 8 0
60609 0 6624 8 0
61670 0 6632 8 0
62811 0 6640 8 0
63824 0 6648 8 0
66076 0 6656 8 0
67365 0 6664 8 0
67727 0 6408 8 0
7539335 0 67912 8 0
7640867 0 6672 8 0
7648720 0 6680 8 0
7651142 0 6688 8 0
7653613 0 6696 8 0
7655830 0 6704 8 0
7657632 0 6712 8 0
7660321 0 6720 8 0
7662154 0 6728 8 0
7664071 0 6736 8 0
7665929 0 6744 8 0
7667994 0 6752 8 0
7672040 0 6760 8 0
7674990 0 6768 8 0
7677333 0 6776 8 0
7683977 0 6784 8 0
7684996 0 6792 8 0
8030384 0 4195328 8 0
8042878 0 4195336 8 0
8045033 0 4195344 8 0
8047479 0 4195352 8 0
8049571 0 4195360 8 0
8051358 0 4195368 8 0
8053095 0 4195376 8 0
8055552 0 4195384 8 0
8057811 0 4195392 8 0
8061703 0 4195400 8 0
8064208 0 4195408 8 0
8066060 0 4195416 8 0
8068128 0 4195424 8 0
8070162 0 4195432 8 0
8072403 0 4195440 8 0
8079615 0 4195448 8 0
8085179 0 4195456 8 0
8086493 0 4195464 8 0
8087995 0 4195472 8 0
8089170 0 4195480 8 0
8090338 0 4195488 8 0
8091565 0 4195496 8 0
8092790 0 4195504 8 0
8093506 0 4195512 8 0
33934965 0 4534736 16 0
37801174 0 4260104 8 0
39093830 0 4459304 32 0
42188144 0 68424 8 0
43728806 0 4260120 8 0
45046367 0 4194832 8 0
45053384 0 4194840 8 0
45057978 0 4194848 8 0
45062187 0 4194856 8 0
45069195 0 4194864 8 0
45073620 0 4194872 8 0
45078320 0 4194880 8 0
45082432 0 4194888 8 0
45086570 0 4194896 8 0
45091861 0 4194904 8 0
45096089 0 4194912 8 0
45100244 0 4194920 8 0
45104520 0 4194928 8 0
45108405 0 4194936 8 0
45112724 0 4194944 8 0
45116621 0 4194952 8 0
45120381 0 4194960 8 0
45124164 0 4194968 8 0
45128139 0 4194976 8 0
45131999 0 4194984 8 0
45135921 0 4194992 8 0
45140207 0 4195000 8 0
45144555 0 4195008 8 0
45149448 0 4195016 8 0
45153374 0 4195024 8 0
45158028 0 4195032 8 0
45161995 0 4195040 8 0
45166137 0 4195048 8 0
45170211 0 4195056 8 0
45174203 0 4195064 8 0
45178601 0 4195072 8 0
45182221 0 4194824 8 0
45192527 0 4260496 8 0
46512426 0 4500800 32 0
51112779 0 4459416 136 0
56215422 0 4500936 144 0
62322747 0 4500832 104 0
62589380 0 399200 32 0
73911534 0 4502184 32 0
73955407 0 4505416 152 0
27276237 0 399184 8 0
29238721 0 399024 8 0
30648784 0 4260880 8 0
32162561 0 4260888 8 0
83268210 0 4502232 248 0
83303750 0 4502480 8 0
83326684 0 4459336 80 0
83574853 0 4502488 248 0
83611972 0 4502736 8 0
83629139 0 4502216 16 0
83675689 0 4503120 248 0
83735038 0 4503368 8 0
94774361 0 4503400 248 0
94927410 0 4503648 8 0
97003356 0 4504872 248 0
97011060 0 4505120 8 0
108192754 0 4504320 248 0
108226545 0 4504568 8 0
108332490 0 4503888 248 0
109141512 0 4504136 8 0
109260618 0 4503656 128 0
109354777 0 4502744 128 0
109405441 0 4504712 160 0
109449068 0 4504576 136 0
109736596 0 68528 8 0
171145124 0 288448 32 0
175118248 0 288480 32 0
159113960 0 2816 8 0
159123956 0 2824 8 0
159125396 0 2832 8 0
159130128 0 2840 8 0
159131460 0 2848 8 0
159132576 0 2856 8 0
159133824 0 2864 8 0
159134762 0 2872 8 0
159136100 0 2888 8 0
159137321 0 2896 8 0
159138534 0 2904 8 0
159139463 0 2912 8 0
159140531 0 2920 8 0
159144553 0 2928 8 0
159147095 0 2936 8 0
159149377 0 2944 8 0
159151215 0 2952 8 0
159153406 0 2960 8 0
159155687 0 2968 8 0
159157272 0 2976 8 0
159158588 0 2984 8 0
159159877 0 2992 8 0
159161219 0 3000 8 0
159162326 0 3008 8 0
159163427 0 3016 8 0
159164428 0 3024 8 0
159165600 0 3032 8 0
159167413 0 3040 8 0
159168582 0 3048 8 0
159169814 0 3056 8 0
159171270 0 3064 8 0
159173108 0 3072 8 0
159173656 0 2880 8 0
159208048 0 69160 8 0
163519078 0 69208 8 0
165043458 0 69168 8 0
166790152 0 69240 8 0
168276911 0 68536 8 0
169742622 0 75920 8 0
179692415 0 2576 8 0
179701095 0 2584 8 0
179702364 0 2592 8 0
179703428 0 2600 8 0
179705057 0 2608 8 0
179706328 0 2616 8 0
179707282 0 2624 8 0
179708622 0 2632 8 0
179709859 0 2648 8 0
179711027 0 2656 8 0
179712115 0 2664 8 0
179714638 0 2672 8 0
179716260 0 2680 8 0
179717785 0 2688 8 0
179722423 0 2696 8 0
179723749 0 2704 8 0
179725022 0 2712 8 0
179726607 0 2720 8 0
179727750 0 2728 8 0
179729011 0 2736 8 0
179730151 0 2744 8 0
179731306 0 2752 8 0
179732328 0 2760 8 0
179733531 0 2768 8 0
179734639 0 2776 8 0
179736258 0 2784 8 0
179737414 0 2792 8 0
179738527 0 2800 8 0
179739750 0 2808 8 0
179740721 0 2640 8 0
179774120 0 68560 8 0
181292186 0 68688 8 0
182648966 0 4502904 216 0
182746398 0 69248 8 0
184238678 0 3328 8 0
184245707 0 3336 8 0
184247534 0 3344 8 0
184248915 0 3352 8 0
184250004 0 3360 8 0
184251075 0 3368 8 0
184252388 0 3384 8 0
184254803 0 3392 8 0
184255711 0 3400 8 0
184256834 0 3408 8 0
184258041 0 3416 8 0
184259544 0 3424 8 0
184260584 0 3432 8 0
184261708 0 3440 8 0
184262811 0 3448 8 0
184264254 0 3456 8 0
184268600 0 3464 8 0
184270150 0 3472 8 0
184271509 0 3480 8 0
184272905 0 3488 8 0
184274015 0 3496 8 0
184276034 0 3504 8 0
184277133 0 3512 8 0
184278250 0 3520 8 0
184279269 0 3528 8 0
184280284 0 3536 8 0
184281660 0 3544 8 0
184282868 0 3552 8 0
184284487 0 3560 8 0
184285806 0 3568 8 0
184287275 0 3576 8 0
184289209 0 3584 8 0
184289623 0 3376 8 0
184321697 0 70504 8 0
185907629 0 68696 8 0
187540238 0 310104 8 0
188885138 0 68856 8 0
190463033 0 68872 8 0
192624712 0 68888 8 0
192659056 0 329704 56 0
202368987 0 317816 8 0
204041896 0 317832 8 0
205917353 0 310096 8 0
207336125 0 313200 8 0
208809958 0 317824 8 0
210331045 0 68704 8 0
211798595 0 313184 8 0
213344559 0 313192 8 0
214974362 0 314576 248 0
215008967 0 314824 8 0
224755135 0 316872 248 0
224785509 0 317120 8 0
236681295 0 317376 136 0
236795304 0 317840 8 0
237014260 0 313208 8 0
237199471 0 317512 248 0
237990407 0 317760 8 0
238028208 0 4503784 104 0
239900540 0 69216 8 0
268543126 0 68448 8 0
270593054 0 68464 8 0
272563866 0 4537568 8 0
238424547 0 4504144 136 0
274512460 0 75912 8 0
275927043 0 68496 8 0
278852795 0 4474368 32 0
283551855 0 4474400 32 0
287051306 0 287840 32 0
292070527 0 6144 8 0
292125566 0 6152 8 0
292127356 0 6160 8 0
292128904 0 6168 8 0
292130544 0 6176 8 0
292132282 0 6184 8 0
292135723 0 6192 8 0
292137659 0 6200 8 0
292139747 0 6208 8 0
292141344 0 6216 8 0
292142913 0 6224 8 0
292144459 0 6232 8 0
292146061 0 6240 8 0
292147526 0 6248 8 0
292149407 0 6256 8 0
292156461 0 6264 8 0
292158238 0 6272 8 0
292160353 0 6280 8 0
292162511 0 6288 8 0
292164116 0 6296 8 0
292166856 0 6304 8 0
292168543 0 6312 8 0
292170697 0 6320 8 0
292172616 0 6328 8 0
292174859 0 6336 8 0
292177314 0 6344 8 0
292179546 0 6352 8 0
292181646 0 6360 8 0
292183926 0 6368 8 0
292185668 0 6376 8 0
292187725 0 6392 8 0
292189604 0 6400 8 0
292190186 0 6384 8 0
299985178 0 67920 8 0
301466930 0 75952 8 0
302765875 0 75960 8 0
304412344 0 75976 8 0
304427768 0 75984 8 0
304481367 0 554912 16 0
307858252 0 75992 8 0
309995446 0 76000 8 0
310039750 0 76008 8 0
310154018 0 4516288 32 0
310242310 0 4516352 208 0
310350533 0 4516320 32 0
310427960 0 4522048 32 0
313785692 0 4522128 136 0
321776326 0 4522080 48 0
321807160 0 555256 32 0
341144584 0 555288 88 0
343448399 0 4507008 32 0
344018434 0 75856 8 0
347192155 0 399368 8 0
350150867 0 76016 8 0
350225419 0 606208 32 0
353555836 0 633416 248 0
353565535 0 633664 8 0
362702342 0 633088 248 0
362710429 0 633336 8 0
372836425 0 606240 248 0
372846585 0 606488 8 0
377881630 0 339464 32 0
384582863 0 341448 144 0
390506789 0 339928 248 0
390549010 0 340176 8 0
400147351 0 4511056 32 0
400198851 0 4512976 136 0
400257242 0 4511088 224 0
400656935 0 4508392 32 0
400699847 0 4508432 136 0
400740900 0 4508424 8 0
400789040 0 339496 248 0
400859870 0 339744 8 0
419570907 0 4511312 248 0
419628484 0 4511560 8 0
419722366 0 339752 176 0
419833758 0 340184 248 0
419878144 0 340432 8 0
420209307 0 340440 248 0
420619716 0 340688 8 0
421088872 0 631792 248 0
421127201 0 632040 8 0
450389566 0 607136 248 0
450455498 0 607384 8 0
450527602 0 607392 248 0
450568673 0 607640 8 0
450601712 0 632560 248 0
450632567 0 632808 8 0
450700008 0 607648 248 0
450739015 0 607896 8 0
450861290 0 607904 248 0
451417805 0 608152 8 0
451483778 0 608160 248 0
451484452 0 608408 8 0
455682751 0 632816 248 0
455769807 0 633064 8 0
455842505 0 608416 248 0
455859948 0 608664 8 0
455973927 0 608672 248 0
455974355 0 608920 8 0
458017660 0 633072 16 0
458052056 0 608928 248 0
458073267 0 609176 8 0
458191013 0 609184 248 0
458191608 0 609432 8 0
460294318 0 609440 248 0
460312488 0 609688 8 0
460381763 0 609696 248 0
460382222 0 609944 8 0
462532601 0 609952 248 0
462550874 0 610200 8 0
462562129 0 633344 72 0
462603688 0 633672 184 0
465239405 0 610208 248 0
465328671 0 610456 8 0
465479065 0 610464 248 0
465517985 0 610712 8 0
465910666 0 341056 248 0
465911140 0 341304 8 0
471975152 0 628696 248 0
472009429 0 628944 8 0
447843841 0 632048 248 0
447880971 0 632296 8 0
447935891 0 606496 128 0
447997446 0 632304 248 0
448093794 0 632552 8 0
448122715 0 606624 248 0
448123239 0 606872 8 0
448152542 0 606880 248 0
448153093 0 607128 8 0
524543000 0 628056 248 0
524630397 0 628304 8 0
536237254 0 611816 248 0
536279014 0 612064 8 0
536303997 0 623016 248 0
536335356 0 623264 8 0
545991697 0 624240 248 0
545996429 0 624488 8 0
550364608 0 620008 248 0
550405265 0 620256 8 0
550437729 0 623752 248 0
550468458 0 624000 8 0
550495819 0 622720 248 0
550524455 0 622968 8 0
557381160 0 627656 248 0
557409064 0 627904 8 0
564380026 0 615088 248 0
564431213 0 615336 8 0
564471341 0 618456 248 0
564519839 0 618704 8 0
564578403 0 628312 232 0
564667542 0 613984 248 0
564715286 0 614232 8 0
564771806 0 617920 248 0
564818173 0 618168 8 0
564860172 0 628952 208 0
564933791 0 625552 248 0
564975616 0 625800 8 0
576115359 0 625208 248 0
576144197 0 625456 8 0
587622400 0 617008 248 0
587663412 0 617256 8 0
587698661 0 610936 248 0
587741499 0 611184 8 0
587822001 0 4502872 32 0
587885500 0 4260904 8 0
588007022 0 4260968 8 0
589331032 0 619736 248 0
589376163 0 619984 8 0
589403639 0 627016 248 0
589473087 0 627264 8 0
591204079 0 624496 128 0
591275829 0 624624 248 0
591325264 0 624872 8 0
591516056 0 4517312 32 0
596316801 0 4517344 32 0
596426269 0 612072 248 0
596470120 0 612320 8 0
596502440 0 628544 152 0
596554590 0 619408 248 0
596610184 0 619656 8 0
596634369 0 617264 128 0
596687234 0 563152 32 0
599673134 0 563296 8 0
602120798 0 563184 112 0
602274775 0 559072 32 0
607284859 0 559448 8 0
608606929 0 559104 192 0
611741048 0 559304 144 0
611778056 0 559296 8 0
611898051 0 618248 208 0
611974048 0 612328 248 0
612016064 0 612576 8 0
612150916 0 614864 224 0
612237049 0 618176 72 0
612290749 0 4505128 248 0
612342384 0 4505376 8 0
612385270 0 623272 200 0
612433107 0 627912 136 0
612798850 0 616120 248 0
612841400 0 616368 8 0
612876663 0 618768 248 0
612929150 0 619016 8 0
612945847 0 617392 136 0
613010542 0 624880 216 0
613301853 0 4260512 8 0
624603612 0 4195080 8 0
624610991 0 4195088 8 0
624615425 0 4195096 8 0
624619604 0 4195104 8 0
624623646 0 4195112 8 0
624627431 0 4195120 8 0
624632416 0 4195128 8 0
624636222 0 4195136 8 0
624640305 0 4195144 8 0
624644139 0 4195152 8 0
624648545 0 4195160 8 0
624652369 0 4195168 8 0
624656751 0 4195176 8 0
624660691 0 4195184 8 0
624667876 0 4195192 8 0
624674304 0 4195208 8 0
624678764 0 4195216 8 0
624683185 0 4195224 8 0
624687744 0 4195232 8 0
624691770 0 4195240 8 0
624696332 0 4195248 8 0
624907054 0 4195256 8 0
624914674 0 4195264 8 0
624919101 0 4195272 8 0
624923221 0 4195280 8 0
624927504 0 4195288 8 0
624931495 0 4195296 8 0
624935486 0 4195304 8 0
624940449 0 4195312 8 0
624944667 0 4195320 8 0
624948518 0 4195200 8 0
624967095 0 68472 8 0
625180083 0 4504280 40 0
625219931 0 265272 8 0
659804954 0 614240 248 0
659852510 0 614488 8 0
660010147 0 625952 184 0
660103906 0 615344 128 0
660172856 0 615848 248 0
660214996 0 616096 8 0
661159845 0 626552 192 0
661421155 0 619240 168 0
661468113 0 626744 200 0
661515914 0 626944 72 0
661590694 0 623488 248 0
661655037 0 623736 8 0
664067433 0 622976 40 0
664109419 0 625808 144 0
664347970 0 621432 248 0
664400253 0 621680 8 0
664909213 0 621864 248 0
664959381 0 622112 8 0
665305772 0 616376 160 0
665447194 0 1015808 32 0
669036196 0 1142008 8 0
671509740 0 1138200 248 0
671549265 0 1138448 8 0
635217892 0 4514688 32 0
635256368 0 4514720 32 0
635303835 0 4514464 32 0
635342527 0 4514504 136 0
635411919 0 4514496 8 0
635487746 0 4514896 32 0
635521206 0 4514928 56 0
635589395 0 4514752 32 0
635623082 0 4514784 64 0
635715510 0 68520 8 0
635756838 0 75904 8 0
642991795 0 2192 8 0
643141025 0 615576 248 0
643194019 0 615824 8 0
643238171 0 624096 144 0
643322303 0 624008 88 0
643415643 0 612600 248 0
643458600 0 612848 8 0
643526810 0 563304 32 0
643698295 0 563368 8 0
643712970 0 563336 32 0
643885417 0 572752 8 0
649751704 0 626136 248 0
649807669 0 626384 8 0
649858012 0 622424 248 0
649900094 0 622672 8 0
658853344 0 617528 248 0
658894990 0 617776 8 0
659022347 0 626392 160 0
659082086 0 622680 40 0
659105014 0 625464 88 0
659156381 0 612584 16 0
659232518 0 627272 232 0
659299647 0 619664 72 0
660908795 0 616104 16 0
680138072 0 1138456 248 0
680172032 0 1138704 8 0
680227719 0 1138712 248 0
680446980 0 1138960 8 0
680593636 0 1138968 248 0
680594249 0 1139216 8 0
685348017 0 1139224 248 0
685374108 0 1139472 8 0
685561565 0 1139480 248 0
685562451 0 1139728 8 0
687418517 0 1139736 248 0
687986292 0 1139984 8 0
688172148 0 1139992 248 0
688173014 0 1140240 8 0
689657433 0 1140248 248 0
689688889 0 1140496 8 0
689861654 0 1140504 248 0
689862263 0 1140752 8 0
696524099 0 1140760 248 0
696560465 0 1141008 8 0
696745278 0 1141016 248 0
696786187 0 1141264 8 0
696961181 0 1141272 248 0
697005896 0 1141520 8 0
697181168 0 1141528 248 0
697221363 0 1141776 8 0
697401051 0 1141784 224 0
698646021 0 1135360 8 0
745431681 0 627504 152 0
745512993 0 613816 168 0
745574445 0 614728 136 0
745671875 0 623472 16 0
745750648 0 1135192 8 0
747772361 0 1135200 128 0
752035419 0 1135824 8 0
755066089 0 619024 176 0
755127795 0 1135472 8 0
755165745 0 1135744 8 0
755654747 0 1135560 8 0
755677004 0 1135568 176 0
755703662 0 1135752 72 0
755887580 0 1134480 8 0
757267067 0 1134544 8 0
758699611 0 1134552 32 0
760754004 0 1134408 8 0
763444543 0 1134416 32 0
765739513 0 1135504 8 0
765755495 0 1135512 48 0
765944790 0 1135112 8 0
767539146 0 1135120 32 0
769404196 0 1135016 8 0
771357011 0 1135024 32 0
773154617 0 1135456 8 0
773201877 0 1135064 8 0
775007373 0 1135448 8 0
775174180 0 1133344 8 0
776460283 0 1133352 32 0
778171926 0 1133464 8 0
780508179 0 1133472 32 0
780605060 0 1133272 8 0
781951517 0 1133280 32 0
783676997 0 1135488 8 0
783745578 0 1135368 8 0
783772218 0 1135408 8 0
783845241 0 1134976 8 0
785626304 0 1134984 32 0
787244115 0 1135328 32 0
787255931 0 1135376 32 0
787264979 0 1135416 32 0
787277295 0 1135464 8 0
787284793 0 1135480 8 0
787289691 0 1135496 8 0
787359272 0 1134584 32 0
787563636 0 1134616 128 0
787711828 0 1134744 232 0
787767509 0 1122336 8 0
793067273 0 619200 40 0
793104898 0 1135072 8 0
793115661 0 1135080 32 0
793294234 0 1135056 8 0
793601222 0 1131952 8 0
796894422 0 1131960 32 0
802245565 0 1132192 8 0
805744398 0 1132200 64 0
809818146 0 1132000 8 0
809831991 0 1132008 32 0
809940085 0 1132360 8 0
813163378 0 1134488 56 0
813324135 0 1134448 32 0
813780001 0 1121456 8 0
816442891 0 1121432 8 0
817789222 0 1121472 8 0
819099478 0 1121480 32 0
820876104 0 1121344 8 0
822606401 0 1121368 8 0
823870233 0 1121376 32 0
825470780 0 1121464 8 0
827514623 0 1121512 64 0
828909833 0 1135168 8 0
828924585 0 1135176 16 0
829184139 0 1135152 16 0
829324233 0 1122016 8 0
832552515 0 1122024 32 0
832723962 0 1136280 8 0
832736698 0 1136288 32 0
832773669 0 1136152 8 0
832800599 0 1136272 8 0
832873573 0 1136216 8 0
832886400 0 1136224 48 0
833039120 0 1133808 8 0
833054166 0 1133816 64 0
833210399 0 1133880 128 0
833364205 0 1131160 8 0
839383655 0 1131168 32 0
841080012 0 1122192 8 0
842956859 0 1122200 32 0
844866409 0 1122184 8 0
850789652 0 1122168 8 0
850803239 0 1122176 8 0
850886505 0 1133408 8 0
850900198 0 1133416 32 0
851022504 0 1133720 8 0
851034376 0 1133728 32 0
851768675 0 615472 104 0
853312910 0 621048 248 0
853360572 0 621296 8 0
853755871 0 617784 136 0
853813247 0 621728 136 0
853918712 0 1135880 8 0
853935070 0 1135888 32 0
854057603 0 1132424 8 0
854070215 0 1132432 32 0
854514779 0 1133448 16 0
854563166 0 1133384 24 0
854788866 0 1133504 144 0
855444600 0 1121408 24 0
855765472 0 1121440 16 0
855884128 0 1133176 8 0
855897067 0 1133184 32 0
855990370 0 1131720 8 0
865576014 0 1131728 32 0
873139080 0 1132072 8 0
873173710 0 1132584 8 0
873183853 0 1132592 32 0
873309400 0 1131928 8 0
875726767 0 1132832 8 0
875809164 0 1132840 32 0
875832753 0 1132872 64 0
876206083 0 1131824 8 0
876352653 0 620264 248 0
876397309 0 620512 8 0
876448011 0 1121576 248 0
876987914 0 1121824 8 0
902391333 0 265168 8 0
902463554 0 1122000 8 0
904701960 0 1122008 8 0
904989841 0 1133648 72 0
905009907 0 1133760 48 0
905338011 0 1120576 8 0
906808292 0 1132816 8 0
906848244 0 1132824 8 0
907608777 0 1131352 8 0
907846783 0 1132768 8 0
907861997 0 1132776 32 0
908114442 0 1132536 8 0
908129497 0 1132544 40 0
908141618 0 1132624 48 0
908418557 0 1132512 8 0
908430869 0 1132520 16 0
908476601 0 1132808 8 0
908664872 0 1132672 96 0
908938660 0 1132472 8 0
908985515 0 1132480 32 0
909388237 0 1132272 8 0
909406214 0 1132280 64 0
910261522 0 1121320 8 0
911641371 0 1121328 16 0
911693525 0 1121352 8 0
913173181 0 1121360 8 0
913292649 0 1131688 8 0
914270390 0 1131696 24 0
915664172 0 1121832 168 0
915697130 0 1122056 32 0
918223210 0 1132176 8 0
918285546 0 1132136 8 0
918865735 0 1136200 8 0
918877632 0 1136208 8 0
919105469 0 1122232 64 0
919203022 0 1122120 8 0
919215492 0 1122128 32 0
919357822 0 1136192 8 0
919578936 0 1136160 8 0
919671976 0 1131328 8 0
919685363 0 1131336 16 0
919690412 0 1131360 8 0
919761936 0 1131320 8 0
920017292 0 1121296 8 0
921750206 0 1121304 16 0
923266352 0 1135856 8 0
923278859 0 1135864 16 0
923759286 0 1121288 8 0
926432160 0 1136320 144 0
926579536 0 1136168 24 0
926867656 0 1132120 8 0
926881113 0 1132128 8 0
926886118 0 1132144 16 0
878304079 0 1132184 8 0
901414302 0 1131992 8 0
928837525 0 1122112 8 0
929038989 0 1122160 8 0
930347735 0 1121096 8 0
931836176 0 1121104 32 0
933669460 0 1131680 8 0
934143400 0 1131816 8 0
934596942 0 76032 8 0
934992863 0 614496 216 0
935122687 0 612880 248 0
935164333 0 613128 8 0
936104308 0 1132040 32 0
936118774 0 1132080 24 0
936135545 0 1132104 16 0
936142526 0 1132160 16 0
936426271 0 1120408 8 0
937924662 0 1120416 32 0
940061434 0 1131568 8 0
940082630 0 1131576 104 0
940102206 0 1131760 56 0
940283265 0 1131504 8 0
940295815 0 1131512 32 0
940748704 0 1131264 8 0
940762668 0 1131272 32 0
941017836 0 1131560 8 0
941066404 0 1131544 16 0
941473733 0 1120448 48 0
942766538 0 1120400 8 0
946800355 0 1135832 24 0
946831115 0 1135920 168 0
947162601 0 1134024 8 0
947175514 0 1134032 32 0
947356800 0 1122088 24 0
947369167 0 1122296 40 0
948803017 0 1132264 8 0
948812592 0 1132344 16 0
949024430 0 1122344 248 0
949069024 0 1122592 8 0
963375395 0 1072960 32 0
966481424 0 1080040 8 0
968941036 0 1072456 8 0
970208547 0 1072464 32 0
972249816 0 1072448 8 0
975226076 0 623744 8 0
975741175 0 612856 24 0
975780198 0 613136 248 0
975817791 0 613384 8 0
975939308 0 613392 112 0
976360610 0 1122600 248 0
976400627 0 1122848 8 0
977387421 0 1130920 8 0
977404852 0 1130928 64 0
977498141 0 1130992 128 0
959752665 0 614712 16 0
960061885 0 625096 112 0
960180848 0 616864 144 0
960307894 0 611288 248 0
960312972 0 611536 8 0
960496994 0 613656 160 0
960520658 0 611544 144 0
961220012 0 1072952 8 0
961339145 0 616632 232 0
961634288 0 613504 152 0
963209085 0 616536 96 0
963323656 0 611688 128 0
963389266 0 622280 144 0
966527040 0 621688 40 0
966755475 0 610736 200 0
978610408 0 1131208 8 0
978625638 0 1131216 48 0
978798688 0 1131200 8 0
979871760 0 1132936 240 0
979961656 0 1132368 32 0
979989567 0 1131944 8 0
980510908 0 568752 24 0
985590335 0 568776 32 0
986181250 0 568912 8 0
986200803 0 568808 104 0
986461030 0 1130896 8 0
986543685 0 1132400 24 0
986775535 0 1120520 8 0
986789357 0 1120528 32 0
986921532 0 1120512 8 0
986968095 0 1120560 16 0
986981819 0 1120584 168 0
987552783 0 265848 8 0
991286143 0 1120496 16 0
992077869 0 572776 32 0
996618471 0 572808 64 0
997342148 0 572872 104 0
1004530680 0 1120752 248 0
1004575790 0 1121000 8 0
1005100278 0 1131304 16 0
1005115363 0 1131368 136 0
1005284783 0 1130912 8 0
1006343572 0 568920 32 0
1006500683 0 571216 16 0
1014420391 0 571016 200 0
1021559955 0 572368 32 0
979387750 0 622144 136 0
1030289309 0 572496 8 0
1030508867 0 989160 32 0
1033731353 0 996696 8 0
1036017865 0 996352 248 0
1036048748 0 996600 8 0
1042970014 0 996608 88 0
1043271724 0 571232 32 0
1043451675 0 571296 8 0
1043789767 0 571392 32 0
1043810438 0 571896 8 0
1043834412 0 571728 168 0
1044151663 0 996704 32 0
1045770265 0 1000640 8 0
1049223419 0 1000312 248 0
1049255387 0 1000560 8 0
1060955114 0 1000568 72 0
1061453923 0 571904 32 0
1061479058 0 572360 8 0
1061499954 0 572216 144 0
1062739614 0 4565976 32 0
1069265909 0 4566264 8 0
1070966045 0 4566112 152 0
1074162480 0 4550776 32 0
1081566565 0 4551152 8 0
1082862517 0 4550992 160 0
1088661550 0 4582400 32 0
1092930223 0 4586368 8 0
1095163373 0 4585960 248 0
1095194890 0 4586208 8 0
1101823146 0 4586216 152 0
1102367754 0 4575488 32 0
1109587445 0 4576640 8 0
1111854013 0 4576416 224 0
1117526681 0 4668896 32 0
1125030427 0 4669848 8 0
1127384450 0 4669656 192 0
1133176278 0 4570976 32 0
1141341785 0 4572288 8 0
1143684215 0 4572032 248 0
1143691329 0 4572280 8 0
1151004281 0 4586376 32 0
1151722520 0 4586584 16 0
1151783007 0 4586440 144 0
1152071366 0 4681264 32 0
1159553267 0 4683800 8 0
1161938777 0 4683480 248 0
1161946126 0 4683728 8 0
1168333347 0 4683736 64 0
1169022558 0 4679232 32 0
1176304587 0 4679640 16 0
1179537872 0 4679480 160 0
1185466037 0 4551944 32 0
1189255454 0 4552928 8 0
1190952602 0 4552720 208 0
1197511049 0 4678192 32 0
1206423319 0 4678336 8 0
1208734306 0 4678224 112 0
1209046674 0 4563456 32 0
1213685940 0 4564048 8 0
1215431783 0 4563880 168 0
1221141607 0 4673184 32 0
1226441924 0 4678184 8 0
1231303031 0 4677728 248 0
1231313232 0 4677976 8 0
1237985924 0 4677984 200 0
1238556123 0 4667336 32 0
1242923666 0 4668888 8 0
1245556029 0 4668632 248 0
1245564400 0 4668880 8 0
1251910581 0 4578952 32 0
1256115408 0 4579136 8 0
1259271229 0 4578984 152 0
1261058845 0 4555272 32 0
1269099643 0 4559016 8 0
1271318732 0 4558616 248 0
1271326016 0 4558864 8 0
1278150999 0 4558872 144 0
1279130826 0 4663520 32 0
1286685053 0 4663664 8 0
1289211652 0 4663552 112 0
1289961649 0 4587384 32 0
1290026583 0 4587448 8 0
1290077079 0 4587416 32 0
1290348763 0 4587456 32 0
1290396345 0 4587504 8 0
1291142635 0 4579576 32 0
1291192088 0 4580568 8 0
1291252195 0 4580352 216 0
1292161258 0 4536320 32 0
1296252255 0 4537184 8 0
1298977779 0 4537024 160 0
1305447827 0 4577096 32 0
1305584861 0 4577576 8 0
1305642396 0 4577408 168 0
1306152977 0 4566272 32 0
1306208487 0 4566760 8 0
1306265668 0 4566592 168 0
1306681552 0 4661184 32 0
1324153219 0 4661616 16 0
1328295922 0 4661472 144 0
1333983622 0 4660024 32 0
1338106156 0 4661176 8 0
1339331088 0 4660960 216 0
1345542871 0 4661632 32 0
1345696416 0 4663416 8 0
1351398033 0 4663160 248 0
1351408602 0 4663408 8 0
1354164255 0 1163264 32 0
1357690754 0 1188296 8 0
1360322476 0 1186192 248 0
1360332150 0 1186440 8 0
1368463761 0 1186448 248 0
1368474098 0 1186696 8 0
1368522010 0 1186704 248 0
1368522418 0 1186952 8 0
1368665459 0 1186960 248 0
1368666015 0 1187208 8 0
1373165027 0 1187216 248 0
1373176084 0 1187464 8 0
1373318592 0 1187472 248 0
1373324975 0 1187720 8 0
1373464925 0 1187728 248 0
1373470702 0 1187976 8 0
1373613129 0 1187984 248 0
1373613578 0 1188232 8 0
1379467766 0 1188240 56 0
1383099930 0 1121008 88 0
1383180412 0 1121136 128 0
1399603819 0 1133216 56 0
1400918297 0 1167136 8 0
1403414870 0 1167144 32 0
1408534421 0 1072440 8 0
1414388752 0 1167128 8 0
1417153361 0 1169744 8 0
1418586287 0 1169752 32 0
1424171804 0 1168544 8 0
1428111480 0 1170264 8 0
1437388536 0 622120 24 0
1432132925 0 1164472 8 0
1439776978 0 4669016 8 0
1440533832 0 4668928 72 0
1442159691 0 4669032 8 0
1445324290 0 1131896 8 0
1445342824 0 1131904 24 0
1445350564 0 1131936 8 0
1445789774 0 4669000 16 0
1445800590 0 4669024 8 0
1445811693 0 4669040 248 0
1445856101 0 4669288 112 0
1449446534 0 4669584 8 0
1449462794 0 4669592 32 0
1452027060 0 799184 8 0
1476123989 0 794152 8 0
1485023251 0 794160 248 0
1485076093 0 794408 248 0
1485077070 0 794656 16 0
1504715591 0 794672 248 0
1504942259 0 794920 8 0
1505016428 0 794928 248 0
1505048770 0 795176 8 0
1505119496 0 795184 248 0
1505152171 0 795432 8 0
1505225892 0 795440 248 0
1505258281 0 795688 8 0
1505328374 0 795696 248 0
1505703003 0 795944 8 0
1505769217 0 795952 248 0
1505769791 0 796200 8 0
1524780373 0 796208 248 0
1524816348 0 796456 8 0
1524919326 0 796464 248 0
1524952990 0 796712 8 0
1525027050 0 796720 248 0
1525061460 0 796968 8 0
1525135638 0 796976 248 0
1525168229 0 797224 8 0
1525240978 0 797232 248 0
1525275008 0 797480 8 0
1525349502 0 797488 248 0
1525383760 0 797736 8 0
1525455829 0 797744 248 0
1526164942 0 797992 8 0
1526243612 0 798000 248 0
1526279631 0 798248 8 0
1526352637 0 798256 248 0
1526387796 0 798504 8 0
1526462226 0 798512 248 0
1526497743 0 798760 8 0
1526569012 0 798768 248 0
1526603436 0 799016 8 0
1526674794 0 799024 160 0
1533813632 0 611192 96 0
1534264968 0 1136464 248 0
1534270235 0 1136712 8 0
1534339555 0 1136088 64 0
1537781254 0 4680424 32 0
1537842564 0 4680656 8 0
1537893664 0 4680512 144 0
1538196941 0 4546424 32 0
1570639968 0 4547912 8 0
1573104670 0 4547648 248 0
1573115840 0 4547896 8 0
1579294419 0 4547904 8 0
1579811136 0 4574680 32 0
1588209872 0 4575040 8 0
1590746981 0 4574880 160 0
1596942817 0 4680664 32 0
1596990186 0 4680904 8 0
1597034807 0 4680760 144 0
1597358486 0 4576648 32 0
1597413086 0 4577088 8 0
1597460517 0 4576920 168 0
1597762346 0 4693176 32 0
1601433726 0 4693464 8 0
1603988448 0 4693320 144 0
1606554979 0 4549560 32 0
1614046421 0 4549840 8 0
1616988543 0 4549688 152 0
1619893866 0 4680912 32 0
1619946244 0 4681256 8 0
1619996682 0 4681112 144 0
1620355127 0 4669856 32 0
1620412272 0 4673168 16 0
1620479920 0 4672920 248 0
1620887788 0 4560632 32 0
1626236326 0 4561360 8 0
1628148914 0 4561168 192 0
1634679302 0 4666104 32 0
1640502242 0 4666176 8 0
1643268698 0 4666136 40 0
1643813186 0 4536056 32 0
1650320635 0 4536296 8 0
1652625241 0 4536144 152 0
1655098857 0 4575232 32 0
1655183826 0 4575480 8 0
1655250345 0 4575328 152 0
1655559587 0 4678560 32 0
1655609555 0 4678824 8 0
1655654772 0 4678680 144 0
1656045255 0 4718592 32 0
1661534771 0 4732776 8 0
1664360599 0 4731800 248 0
1664372010 0 4732048 8 0
1672538000 0 4732056 248 0
1672548103 0 4732304 8 0
1672591998 0 4732312 248 0
1672592835 0 4732560 8 0
1672735696 0 4732568 208 0
1677687498 0 4553416 32 0
1677743909 0 4553880 8 0
1677789062 0 4553712 168 0
1678035798 0 4568192 32 0
1678086744 0 4569568 8 0
1678144399 0 4569344 224 0
1678427234 0 4582272 32 0
1688067405 0 4582392 8 0
1690331603 0 4582304 88 0
1690747576 0 4692880 32 0
1694844759 0 4692968 8 0
1697091060 0 4692912 56 0
1697340845 0 4663424 32 0
1697391799 0 4663512 8 0
1697436332 0 4663456 56 0
1697715062 0 4534000 32 0
1701583445 0 4534144 8 0
1704782039 0 4534032 112 0
1705102371 0 4561368 32 0
1705154366 0 4562080 8 0
1705209136 0 4561880 200 0
1705958816 0 4562088 32 0
1706010864 0 4562720 8 0
1706065404 0 4562552 168 0
1706380530 0 4546344 32 0
1713106541 0 4546416 8 0
1715016359 0 4546376 40 0
1715372385 0 4693472 32 0
1715426879 0 4693568 8 0
1715472754 0 4693504 64 0
1715827161 0 4551160 32 0
1715942999 0 4551608 8 0
1715996613 0 4551440 168 0
1716255866 0 4534152 8 0
1716517696 0 4564056 32 0
1716562306 0 4565760 8 0
1720291211 0 4565464 248 0
1720298563 0 4565712 8 0
1728923094 0 4565720 40 0
1729270518 0 4572296 32 0
1729321859 0 4573568 8 0
1729377867 0 4573336 232 0
1729661852 0 4569576 32 0
1729707636 0 4570968 8 0
1731126875 0 4570720 248 0
1739545660 0 4567528 32 0
1739591714 0 4568184 8 0
1739640088 0 4568000 184 0
1739891383 0 4577920 32 0
1739938868 0 4578944 8 0
1739990386 0 4578728 216 0
1740253976 0 4534784 32 0
1746646475 0 4535648 8 0
1748660998 0 4535440 208 0
1754448198 0 4552936 32 0
1754505630 0 4553408 8 0
1754556452 0 4553240 168 0
1754941925 0 4657464 32 0
1766246175 0 4660016 8 0
1768554183 0 4659696 248 0
1768564437 0 4659944 8 0
1775006338 0 4659952 64 0
1775271186 0 4678344 32 0
1775853700 0 4678552 8 0
1775901701 0 4678408 144 0
1776160108 0 4544280 8 0
1812282984 0 4553888 32 0
1812375556 0 4555264 8 0
1812439344 0 4555024 240 0
1812728741 0 4540192 32 0
1816442901 0 4540280 8 0
1818806500 0 4540288 32 0
1818836952 0 4540376 8 0
1822174460 0 4540320 56 0
1825734574 0 4664312 32 0
1825777203 0 4666096 8 0
1829287511 0 4665944 152 0
1838053637 0 4559704 32 0
1838105992 0 4560624 8 0
1839785531 0 4560416 208 0
1845738453 0 4581384 32 0
1849127006 0 4582184 8 0
1851555015 0 4582008 176 0
1857216951 0 4678832 32 0
1857308310 0 4678896 8 0
1857530553 0 4537192 32 0
1857661306 0 4537512 8 0
1857712469 0 4537368 144 0
1857963060 0 4586600 32 0
1858011983 0 4586752 8 0
1858054954 0 4586632 120 0
1858456440 0 4692976 32 0
1858509295 0 4693168 8 0
1858557311 0 4693032 136 0
1859111634 0 4551616 32 0
1859157899 0 4551936 8 0
1859223663 0 4551776 160 0
1859453323 0 4586760 32 0
1859505357 0 4587304 8 0
1859556475 0 4587136 168 0
1859984857 0 4573576 32 0
1860034980 0 4574672 8 0
1892436078 0 4574456 216 0
1899222407 0 4679040 32 0
1899322033 0 4679224 8 0
1899373194 0 4679088 136 0
1899631803 0 4565768 32 0
1899680350 0 4565968 8 0
1899728810 0 4565816 152 0
1899949965 0 4575048 32 0
1900025151 0 4575128 8 0
1900066266 0 4575080 48 0
1900331728 0 4663672 32 0
1900476217 0 4664304 8 0
1900553612 0 4664112 192 0
1901409682 0 4567216 32 0
1901463926 0 4567520 8 0
1901515499 0 4567360 160 0
1901816039 0 4577584 32 0
1901859798 0 4577904 16 0
1901902369 0 4577744 160 0
1902125298 0 4686736 32 0
1902169822 0 4686784 8 0
1902205905 0 4686768 16 0
1902426192 0 4579144 32 0
1902468906 0 4579568 8 0
1902507786 0 4579400 168 0
1902733004 0 4549848 32 0
1902775952 0 4550768 8 0
1902841856 0 4550552 216 0
1903109616 0 4580608 32 0
1903151877 0 4580856 8 0
1909099057 0 4580704 152 0
1915697918 0 4559024 32 0
1915723635 0 4559696 8 0
1915752782 0 4559520 176 0
1915965007 0 4679656 32 0
1915996898 0 4680416 8 0
1916025516 0 4680224 192 0
1916260838 0 4653056 32 0
1920442419 0 4657456 8 0
1922244136 0 4656992 248 0
1922276862 0 4657240 8 0
1929864206 0 4657248 208 0
1930269935 0 4548264 32 0
1930292259 0 4549552 8 0
1934130708 0 4549304 248 0
1939204402 0 4566768 32 0
1939225821 0 4567208 8 0
1939252359 0 4567048 160 0
1939460047 0 4547920 32 0
1939479098 0 4548256 8 0
1939500223 0 4548096 160 0
1939700242 0 4666184 32 0
1939719325 0 4667328 8 0
1941276196 0 4667088 240 0
1946763162 0 4535656 32 0
1946785288 0 4536048 8 0
1946806788 0 4535888 160 0
1947068898 0 4562728 32 0
1947089272 0 4563448 8 0
1949330102 0 4563264 184 0
1958663423 0 4580864 32 0
1958763895 0 4581376 8 0
1958794707 0 4581200 176 0
1959357348 0 4678912 32 0
1959377958 0 4679032 8 0
1959396861 0 4678944 88 0
1959610855 0 4690528 32 0
1959631972 0 4691360 8 0
1959659903 0 4691184 176 0
1961659540 0 1169784 64 0
1963000343 0 1170232 8 0
1966845167 0 1170240 24 0
1968549839 0 1170592 8 0
1970497325 0 1170160 8 0
1970906633 0 1170272 64 0
1972512930 0 1132464 8 0
1973724249 0 4654336 8 0
1975353348 0 4654344 32 0
1977947466 0 4654272 8 0
1979933852 0 4654376 64 0
1980515459 0 4655328 8 0
2003672701 0 4655312 8 0
2005272269 0 4655320 8 0
2005282898 0 4655336 16 0
2007365361 0 4654016 8 0
2009420000 0 4655424 8 0
2010759072 0 4655432 32 0
2013063664 0 1072272 8 0
2014861341 0 1077480 8 0
2016309338 0 1077488 8 0
2018863010 0 1171080 8 0
2020167609 0 1171088 32 0
2022588530 0 1168536 8 0
2024686006 0 1077760 8 0
2024731043 0 1077768 32 0
2029816047 0 1170168 32 0
2030459785 0 1168560 8 0
1985522755 0 4654256 8 0
1986947629 0 4654264 8 0
1987001173 0 4654280 16 0
1989119431 0 4653832 8 0
1992718710 0 4654448 8 0
1992733972 0 4654456 32 0
1993778529 0 4654328 8 0
1995488031 0 1077608 8 0
1996880275 0 1077616 32 0
1999030761 0 1077496 8 0
2001146743 0 1077504 32 0
2031821787 0 1168568 32 0
2035899193 0 4655040 8 0
2037336767 0 4655048 32 0
2039271664 0 4655080 64 0
2040716891 0 4655784 8 0
2043334810 0 4655792 32 0
2046372997 0 4654928 8 0
2049510832 0 4653184 8 0
2050469601 0 4655464 48 0
2051203322 0 4654760 8 0
2051488823 0 1078112 8 0
2053755949 0 1077928 8 0
2054180334 0 4653152 8 0
2054618124 0 4654952 8 0
2055081553 0 4654968 8 0
2055679190 0 4653880 8 0
2057680904 0 4653888 32 0
2063156209 0 4655184 8 0
2063651291 0 4653216 8 0
2063667226 0 4653224 32 0
2066051648 0 4653208 8 0
2066834254 0 4653256 192 0
2073852112 0 1168600 64 0
2075233428 0 1169632 8 0
2077574974 0 1169624 8 0
2078574933 0 610720 16 0
2084089707 0 1074920 8 0
2091040931 0 1074928 32 0
2093625525 0 1168664 128 0
2094140068 0 1168552 8 0
2097364171 0 1134064 64 0
2097948080 0 562064 32 0
2101540497 0 562248 8 0
2103278397 0 562096 64 0
2103545403 0 562160 88 0
2105265294 0 1134128 248 0
2105307965 0 1134376 32 0
2107929308 0 1073600 8 0
2110740894 0 1073608 32 0
2113446795 0 618712 56 0
2113565835 0 1121264 24 0
2113834687 0 1133312 32 0
2117184270 0 76064 8 0
2117212328 0 75888 8 0
2118775303 0 399120 32 0
2122998558 0 399152 8 0
2124687792 0 799192 32 0
2124711351 0 800408 8 0
2124739625 0 800248 160 0
2125574684 0 1134008 16 0
2129233805 0 1077880 8 0
2129249265 0 1077888 32 0
2130230232 0 1115016 8 0
2131858550 0 1115024 32 0
2135579873 0 4654304 8 0
2135595426 0 4654312 16 0
2136565334 0 4655296 8 0
2136579552 0 4655304 8 0
2136894178 0 4654248 8 0
2137495812 0 4654024 8 0
2137942577 0 4655512 160 0
2138917008 0 4655240 8 0
2138932839 0 4655248 32 0
2141209309 0 4653752 8 0
2143056162 0 4653864 8 0
2144314752 0 4654568 8 0
2144332615 0 4654576 32 0
2145936514 0 1167376 8 0
2147971780 0 1169712 8 0
2148447659 0 4654704 8 0
2149181508 0 4654712 32 0
2149834589 0 4654696 8 0
2151070924 0 4654680 8 0
2151086419 0 4654688 8 0
2151700891 0 4260896 8 0
2153880601 0 1164480 32 0
2161474213 0 4653136 8 0
2162021902 0 1169648 8 0
2162039658 0 1169656 32 0
2163164525 0 1169616 8 0
2163539838 0 1169704 8 0
2164202844 0 1170464 8 0
2165814994 0 4704096 8 0
2167265345 0 1170656 8 0
2168469981 0 1170664 32 0
2171956610 0 1170616 8 0
2173517430 0 1170624 32 0
2176188873 0 1170720 8 0
2177455254 0 4661240 8 0
2177471001 0 4661248 32 0
2178891394 0 4663720 8 0
2178906374 0 4663728 32 0
2179527301 0 4661280 192 0
2181882711 0 1169736 8 0
2182200965 0 1169696 8 0
2182669162 0 4661224 8 0
2182757021 0 4661232 8 0
2183449495 0 4663704 16 0
2183461298 0 4663760 16 0
2185433122 0 4661216 8 0
2186620944 0 1072120 8 0
2190074824 0 1072128 32 0
2196633709 0 4663776 208 0
2203989078 0 1079832 8 0
2206521682 0 1170728 32 0
2207422258 0 1170704 8 0
2208027801 0 1170696 8 0
2208049878 0 1170712 8 0
2208051034 0 1170760 24 0
2212528681 0 1073368 8 0
2214031519 0 1073376 224 0
2220657011 0 1073352 8 0
2225421963 0 1080624 8 0
2226848391 0 1080632 248 0
2226891015 0 1080880 8 0
2234621521 0 1080440 8 0
2238590599 0 1080448 32 0
2240486392 0 1080584 8 0
2242882198 0 1080568 8 0
2242904275 0 1080576 8 0
2242910650 0 1080592 16 0
2243059277 0 1080560 8 0
2243138916 0 1080480 64 0
2243496784 0 1080432 8 0
2245220229 0 1080544 16 0
2245232923 0 1080608 16 0
2245240096 0 1080888 40 0
2247830011 0 4664088 8 0
2247852688 0 4664096 16 0
2248540735 0 4664040 8 0
2261999379 0 1074184 8 0
2267043890 0 4664080 8 0
2270780755 0 4664056 8 0
2271493024 0 4664048 8 0
2283935126 0 4676896 8 0
2284003135 0 4676904 32 0
2284860293 0 4677120 8 0
2287264045 0 1164248 8 0
2289015545 0 1164256 32 0
2292749905 0 1164288 64 0
2293857486 0 1079736 8 0
2299066120 0 1079744 64 0
2305099707 0 1163296 64 0
2308552292 0 1072168 8 0
2308601074 0 1072208 8 0
2308878099 0 4654296 8 0
2309666954 0 4653664 8 0
2310758356 0 4654608 32 0
2311845494 0 4654640 40 0
2311861285 0 4654744 16 0
2312412297 0 4653672 8 0
2315962120 0 1074280 8 0
2316773178 0 1074248 8 0
2316867265 0 1074240 8 0
2317015607 0 1109832 8 0
2320159829 0 1109880 8 0
2321641452 0 1109888 32 0
2324046812 0 1110120 8 0
2329009847 0 1110128 64 0
2336677334 0 1109768 8 0
2339153551 0 1109776 32 0
2342342491 0 1074464 8 0
2342356573 0 1074472 32 0
2342754637 0 1110104 8 0
2345288577 0 1110112 8 0
2348586790 0 1074232 8 0
2348738303 0 1110192 96 0
2348881916 0 1109808 24 0
2348959054 0 1109840 32 0
2349483184 0 1110288 248 0
2349667390 0 1110536 8 0
2350244100 0 562256 32 0
2350274443 0 562392 8 0
2350288549 0 562288 64 0
2350316139 0 562352 40 0
2350518388 0 1110048 8 0
2351460095 0 1110056 32 0
2351533886 0 1074448 8 0
2351555556 0 1074424 8 0
2351691400 0 1110088 16 0
2352132634 0 1077648 48 0
2352634977 0 1078016 8 0
2375825510 0 1078024 32 0
2376542055 0 1074368 8 0
2376557296 0 1074376 32 0
2376745061 0 1074296 8 0
2376765444 0 1074304 64 0
2376779589 0 1074408 16 0
2377150574 0 1074264 8 0
2377164028 0 1074272 8 0
2377168374 0 1074288 8 0
2377401732 0 1074256 8 0
2377534788 0 1074432 16 0
2377544198 0 1074456 8 0
2377551201 0 1074504 88 0
2377613377 0 1074224 8 0
2377721789 0 1074592 248 0
2377766300 0 1074840 8 0
2378017576 0 1110040 8 0
2378092207 0 1110016 16 0
2378154041 0 1109760 8 0
2388953608 0 1109952 8 0
2388979329 0 1109960 32 0
2389226147 0 1109944 8 0
2389634907 0 1077152 8 0
2392616225 0 1110008 8 0
2392751216 0 1079960 8 0
2392774303 0 1079968 32 0
2392852360 0 1079936 8 0
2393036888 0 1079952 8 0
2393599870 0 1079944 8 0
2393944472 0 1110000 8 0
2395351481 0 4704104 8 0
2406885090 0 4669400 184 0
2406985318 0 4669624 32 0
2410162790 0 1071600 8 0
2412454828 0 1071472 8 0
2413863249 0 1071480 32 0
2419160207 0 1071608 128 0
2436487894 0 1016328 8 0
2438381002 0 1071536 8 0
2438396800 0 1071544 56 0
2439130149 0 1071928 8 0
2439143950 0 1071936 32 0
2439480186 0 1016472 8 0
2440808555 0 1016480 32 0
2444128530 0 1016512 192 0
2451522853 0 1016704 248 0
2451559010 0 1016952 8 0
2452061229 0 1071848 8 0
2452074640 0 1071856 32 0
2452280535 0 1016320 8 0
2456794762 0 1111688 8 0
2456822579 0 1111696 64 0
2457068369 0 1111792 8 0
2457102131 0 1111808 8 0
2457121826 0 1111800 8 0
2457313475 0 1111784 8 0
2457335523 0 1111768 8 0
2457714929 0 1111776 8 0
2457854532 0 1073336 8 0
2460011209 0 1111760 8 0
2460029381 0 1111816 248 0
2460072973 0 1112064 80 0
2460197540 0 1111680 8 0
2461201560 0 1073328 8 0
2463601136 0 1073320 8 0
2465010670 0 1016336 32 0
2469322341 0 1071888 40 0
2469344128 0 1071968 64 0
2469754254 0 1111576 8 0
2469772735 0 1111584 96 0
2470085419 0 1131832 64 0
2470717653 0 1078400 8 0
2470732077 0 1078408 32 0
2470855833 0 1078392 8 0
2470889524 0 1078384 8 0
2474187811 0 1120008 8 0
2477229448 0 1120304 8 0
2478953197 0 1120312 32 0
2481655375 0 1120344 56 0
2483642883 0 1120248 8 0
2485297894 0 1120240 8 0
2489921659 0 1120256 24 0
2493954289 0 1120280 24 0
2500115322 0 1120128 8 0
2508338159 0 1120136 32 0
2512091655 0 1120120 8 0
2516684813 0 1120112 8 0
2522021718 0 1120168 72 0
2530787158 0 1175920 8 0
2532607830 0 1175928 32 0
2538048298 0 1073200 8 0
2540139417 0 1073208 32 0
2543267654 0 1106568 8 0
2545788060 0 1106576 32 0
2549910580 0 1106560 8 0
2552089607 0 560176 32 0
2552121656 0 560248 8 0
2552136898 0 560208 40 0
2552348826 0 1106776 8 0
2554881814 0 1106784 32 0
2557908759 0 1106768 8 0
2562334860 0 1106712 8 0
2562349678 0 1106720 32 0
2564134201 0 1073288 8 0
2564145628 0 1073296 24 0
2564332420 0 1106648 8 0
2564349375 0 1106656 32 0
2564445151 0 1106704 8 0
2564492189 0 1083440 8 0
2566617377 0 1083424 8 0
2570356421 0 264648 8 0
2579470860 0 1107424 8 0
2581614829 0 1073240 48 0
2582137054 0 1106552 8 0
2596062130 0 1106688 16 0
2596173331 0 1106464 8 0
2600205601 0 1106472 32 0
2602097554 0 1029368 8 0
2607079311 0 1073184 8 0
2609051149 0 1106752 16 0
2609064866 0 1106816 80 0
2609880897 0 1176064 8 0
2610829293 0 1176072 32 0
2620642426 0 1176104 64 0
2621361567 0 1169184 8 0
2626275378 0 1168792 248 0
2626321173 0 1169040 8 0
2628556664 0 1180744 8 0
2630134673 0 1180752 32 0
2633629386 0 1167408 8 0
2635256095 0 1167552 8 0
2640121506 0 1167544 8 0
2642286211 0 1176400 8 0
2642301565 0 1176408 32 0
2643852035 0 1164512 80 0
2644982519 0 4677144 8 0
2644998379 0 4677152 32 0
2646724384 0 1164464 8 0
2647952206 0 4666656 8 0
2647968882 0 4666664 32 0
2648927200 0 4666648 8 0
2650212383 0 4666616 8 0
2650230042 0 4666624 24 0
2651747628 0 4666448 8 0
2651763600 0 4666456 32 0
2652816388 0 4666496 8 0
2653181826 0 4666488 8 0
2653196089 0 4666504 112 0
2662618544 0 4666696 144 0
2666394182 0 1078080 8 0
2666411524 0 1078088 24 0
2666420265 0 1078120 32 0
2667441703 0 1169848 144 0
2669406497 0 1176232 8 0
2669426204 0 1176240 32 0
2669744945 0 1176272 64 0
2672518717 0 1169640 8 0
2672948682 0 1072160 8 0
2673030356 0 1072176 32 0
2673475744 0 4260976 8 0
2673871537 0 4260984 8 0
2674321331 0 1164056 8 0
2679365257 0 1164152 8 0
2683028668 0 1164160 32 0
2685126912 0 1176200 8 0
2686215799 0 1164080 8 0
2691041744 0 1164088 32 0
2694385917 0 1164072 8 0
2697966846 0 1184384 8 0
2699670686 0 1184392 32 0
2702201804 0 1180816 8 0
2702776673 0 1180824 8 0
2703131674 0 1168480 8 0
2704939450 0 1168488 32 0
2707207242 0 1176392 8 0
2707448256 0 1177168 8 0
2707463111 0 1177176 32 0
2707792501 0 1164592 176 0
2708648638 0 1185976 8 0
2710935587 0 1186032 8 0
2712445924 0 1186040 32 0
2714410175 0 1186072 64 0
2714632972 0 1186024 8 0
2718869080 0 1170368 8 0
2718884324 0 1170376 32 0
2719440514 0 4666848 8 0
2720401409 0 4666840 8 0
2720419464 0 4666856 232 0
2727583762 0 1078440 64 0
2727930930 0 1078336 8 0
2727945667 0 1078344 32 0
2728164352 0 1078328 8 0
2731149270 0 1074848 72 0
2731176486 0 1074960 144 0
2732145724 0 1114760 8 0
2732424785 0 1114768 32 0
2732444675 0 1114800 64 0
2733254187 0 1115080 8 0
2733269164 0 1115088 32 0
2733430963 0 1117320 8 0
2733525973 0 1117400 8 0
2733538320 0 1117408 32 0
2734371924 0 1118352 8 0
2750288106 0 1118360 128 0
2765101570 0 1075216 8 0
2765116807 0 1075224 32 0
2766471425 0 1117312 8 0
2768022270 0 1118488 192 0
2768285324 0 1117816 8 0
2770398198 0 1117824 32 0
2775778361 0 1117896 8 0
2777919511 0 1117904 32 0
2778197420 0 1117880 8 0
2778208839 0 1117888 8 0
2778308995 0 1118208 8 0
2780227941 0 1118216 32 0
2782088376 0 1117856 24 0
2782268239 0 1118256 8 0
2799345989 0 1118000 56 0
2799353138 0 1118096 8 0
2799354451 0 1118152 32 0
2800748589 0 1075120 8 0
2800800345 0 1075128 32 0
2801211953 0 1117392 8 0
2801542003 0 1085512 8 0
2801762838 0 1085520 32 0
2801930873 0 572544 32 0
2801986490 0 572728 8 0
2802041462 0 572584 144 0
2803922697 0 562584 32 0
2803994612 0 562944 8 0
2804135902 0 562800 144 0
2804223306 0 562616 184 0
2805173523 0 571264 32 0
2807781731 0 1080416 8 0
2807878937 0 1080424 8 0
2821455615 0 799544 8 0
2821533846 0 799536 8 0
2822115131 0 799416 8 0
2822255179 0 799424 32 0
2822754689 0 1117640 8 0
2784118089 0 1118264 64 0
2784238759 0 1117976 8 0
2784868715 0 1086352 8 0
2784883295 0 1086360 32 0
2785262560 0 1118184 8 0
2785696881 0 1118192 16 0
2785986087 0 1117696 8 0
2787331094 0 1117704 64 0
2791791597 0 1117936 40 0
2791823361 0 1117984 16 0
2792340289 0 1075280 8 0
2792380483 0 1075256 24 0
2792390028 0 1075288 16 0
2793077218 0 1115848 8 0
2793636170 0 1115776 8 0
2793650856 0 1115784 32 0
2794016427 0 1115816 32 0
2794034245 0 1115856 152 0
2794111682 0 1075304 160 0
2794392118 0 1130856 8 0
2794552723 0 1114408 8 0
2794569037 0 1114416 32 0
2795352635 0 1118112 8 0
2795366559 0 1118120 32 0
2795946670 0 1118104 8 0
2796232183 0 1117776 8 0
2796245765 0 1117784 32 0
2796485882 0 1118056 8 0
2796498640 0 1118064 32 0
2796981571 0 1117768 8 0
2797725333 0 1118248 8 0
2849735029 0 1117648 32 0
2852672225 0 1085440 8 0
2852689020 0 1085448 32 0
2852987158 0 799872 8 0
2853029445 0 799880 32 0
2853101400 0 799912 64 0
2853158739 0 799840 8 0
2853169697 0 799848 24 0
2853419920 0 1085480 32 0
2853436279 0 1085552 120 0
2853591245 0 800128 8 0
2853603698 0 800136 32 0
2853766108 0 799240 8 0
2853779123 0 799248 32 0
2853902991 0 799280 64 0
2854005202 0 1117344 8 0
2854017272 0 1117352 32 0
2854287241 0 1117336 8 0
2854685816 0 1080408 8 0
2855162078 0 1117328 8 0
2856266624 0 799704 8 0
2856353181 0 799712 32 0
2856482146 0 799688 8 0
2856494700 0 799696 8 0
2856778690 0 799352 8 0
2856844983 0 1085416 8 0
2857186889 0 1113656 8 0
2857204667 0 1113664 64 0
2857449113 0 1113728 128 0
2859541700 0 4260992 8 0
2862884963 0 4676624 8 0
2863394655 0 4676584 8 0
2867929999 0 1171120 64 0
2869043419 0 1167920 8 0
2874094490 0 1167928 32 0
2883887460 0 4676632 32 0
2884630671 0 4676672 8 0
2884646165 0 4676680 32 0
2884860465 0 4676608 8 0
2885989888 0 1074136 8 0
2887144786 0 1109992 8 0
2887154932 0 1110032 8 0
2888560779 0 1108896 8 0
2889975231 0 1074128 8 0
2890236142 0 1108904 32 0
2893211113 0 1109104 8 0
2895425453 0 1109112 32 0
2897368221 0 1109096 8 0
2899861842 0 1169192 32 0
2900576861 0 1169232 8 0
2900779250 0 1167192 8 0
2901013755 0 1167216 8 0
2901928330 0 1175464 8 0
2903642374 0 1170416 8 0
2903904101 0 1170480 8 0
2903921674 0 1170488 32 0
2905025776 0 1169592 8 0
2905219264 0 1169456 8 0
2905786060 0 1181512 8 0
2907316947 0 1181720 8 0
2908913399 0 1182832 8 0
2910195578 0 1182840 32 0
2912155370 0 1182328 8 0
2913939923 0 1182656 8 0
2915572914 0 1182488 8 0
2917338069 0 1182424 8 0
2918917875 0 1182536 8 0
2920173941 0 1182544 32 0
2923355587 0 1183072 8 0
2925714711 0 1183128 8 0
2927260296 0 1183448 8 0
2928649997 0 1183560 16 0
2935154107 0 1182752 8 0
2936615117 0 1182760 32 0
2938570574 0 1183736 8 0
2940948913 0 1183984 8 0
2942606705 0 1184456 8 0
2942864573 0 1185992 8 0
2944421946 0 1186136 56 0
2946107367 0 1170336 32 0
2946122705 0 1170408 8 0
2946129053 0 1170424 40 0
2946488948 0 1170472 8 0
2947032490 0 1170128 8 0
2947832259 0 1167384 24 0
2970213825 0 1180520 8 0
2972121410 0 1180528 32 0
2974017852 0 1170784 112 0
2975244364 0 1168088 8 0
2978534931 0 1168400 8 0
2979826205 0 1168408 32 0
2983228534 0 1168520 16 0
2987491994 0 1168312 8 0
2989152094 0 1168320 32 0
2991193329 0 1168288 8 0
2993728949 0 1168304 8 0
2998230260 0 1177248 8 0
2998247687 0 1177256 32 0
2998895212 0 1177160 8 0
2999275965 0 1177240 8 0
2999521014 0 1177216 8 0
3000557169 0 1174760 8 0
3000576716 0 1174768 32 0
3003954644 0 1168168 8 0
3004277279 0 1171248 8 0
3004665537 0 1168152 8 0
3004680739 0 1168160 8 0
3004686068 0 1168176 16 0
3005151355 0 1168296 8 0
3007759404 0 1168384 8 0
3008046714 0 1168368 8 0
3008061437 0 1168376 8 0
3008065500 0 1168392 8 0
3011004142 0 1168352 16 0
3012318383 0 1180576 8 0
3013034170 0 1171264 8 0
3013049724 0 1171272 32 0
3013376280 0 1177080 8 0
3014149028 0 1175240 8 0
3014439793 0 1175624 8 0
3015023560 0 4655416 8 0
3015639296 0 4655408 8 0
3015938613 0 4655384 8 0
3017257524 0 1175296 8 0
3017564768 0 1177368 8 0
3017838246 0 1177376 32 0
3018068634 0 1178888 8 0
3018366198 0 1179000 8 0
3018554597 0 1178896 8 0
3018804607 0 1179160 8 0
3036432197 0 1179024 8 0
3036448332 0 1179032 32 0
3037056578 0 1179080 8 0
3037556145 0 1178944 8 0
3037572067 0 1178952 32 0
3038182731 0 1179192 8 0
3038672798 0 1179224 8 0
3038690281 0 1179232 32 0
3039267717 0 1179264 192 0
3040358168 0 1179608 8 0
3040374221 0 1179616 32 0
3040920770 0 1179592 8 0
3040935213 0 1179600 8 0
3041417717 0 1179648 64 0
3041783797 0 1179712 128 0
3043050484 0 1180008 8 0
3043480356 0 1180240 8 0
3043495142 0 1180248 32 0
3044331816 0 1180032 8 0
3044694381 0 1180296 8 0
3045131026 0 1180096 8 0
3045145417 0 1180104 32 0
3045595068 0 1174392 8 0
3045667007 0 1174400 32 0
3046675284 0 1174448 8 0
3047069746 0 1174432 16 0
3047086965 0 1174456 168 0
3047402109 0 1174384 8 0
3049356424 0 1177480 8 0
3049952581 0 1178264 8 0
3050328840 0 1178256 8 0
3050546001 0 1177496 8 0
3050789111 0 1178616 8 0
3051286895 0 1178480 8 0
3051492475 0 1178464 8 0
3051697761 0 1178576 8 0
3051918592 0 1178592 8 0
3052188739 0 1178664 8 0
3052427758 0 1178520 8 0
3052442100 0 1178528 32 0
3052649463 0 1178488 8 0
3052662956 0 1178496 24 0
3053144522 0 1178296 8 0
3053158755 0 1178304 32 0
3053419957 0 1177688 8 0
3053635832 0 1177784 8 0
3053652732 0 1177792 32 0
3053883637 0 1177616 8 0
3054139259 0 1177632 8 0
3054413248 0 1178224 8 0
3054691158 0 1178008 8 0
3055005268 0 1177864 8 0
3055316079 0 1177872 32 0
3055588546 0 1177920 8 0
3055601993 0 1177928 32 0
3055894315 0 1177736 8 0
3056207892 0 1177696 8 0
3056223851 0 1177704 32 0
3056582848 0 1177904 16 0
3056885737 0 1177664 8 0
3057336997 0 1177824 32 0
3057583072 0 1178648 8 0
3057596784 0 1178656 8 0
3057601879 0 1178672 16 0
3057909645 0 1178440 8 0
3058433488 0 1177592 8 0
3058729821 0 1178920 8 0
3058961322 0 1177560 8 0
3059250006 0 1178064 8 0
3059265184 0 1178072 32 0
3059532462 0 1178040 8 0
3059751774 0 1178056 8 0
3060251391 0 1178032 8 0
3060531668 0 615832 16 0
3060549711 0 1178048 8 0
3062457941 0 1178024 8 0
3063005616 0 1178016 8 0
3066161581 0 1165008 8 0
3066379293 0 1164992 8 0
3066777213 0 1164800 8 0
3066998761 0 1164784 8 0
3067252544 0 1164824 8 0
3067469974 0 1165080 8 0
3068262697 0 1164768 16 0
3068274433 0 1164792 8 0
3068278936 0 1164808 16 0
3068290374 0 1164832 160 0
3068486948 0 1165000 8 0
3068493895 0 1165016 8 0
3069844365 0 1165568 8 0
3070026923 0 1165096 8 0
3070230123 0 1165616 8 0
3070454949 0 1165488 8 0
3070665690 0 1165208 8 0
3070900440 0 1165232 8 0
3070915527 0 1165240 32 0
3071273328 0 1165288 8 0
3071843537 0 1165408 8 0
3071857899 0 1165416 32 0
3072224307 0 1165192 8 0
3072575841 0 1165272 16 0
3072588316 0 1165296 40 0
3073230595 0 1165360 8 0
3073592741 0 1165344 8 0
3074007318 0 1165392 8 0
3074907063 0 1165104 32 0
3075288950 0 1165528 8 0
3075587662 0 1165144 8 0
3075602393 0 1165152 32 0
3075812332 0 1165680 8 0
3076034595 0 1165672 8 0
3076247572 0 1165656 8 0
3076454311 0 1165720 8 0
3076469712 0 1165728 32 0
3076687781 0 1165464 8 0
3076897182 0 1165336 8 0
3076906334 0 1165352 8 0
3076910579 0 1165368 24 0
3076918442 0 1165400 8 0
3076923298 0 1165448 16 0
3076928152 0 1165472 8 0
3077131900 0 1165480 8 0
3077141874 0 1165496 32 0
3077150209 0 1165536 32 0
3077158033 0 1165576 32 0
3077560401 0 1165768 8 0
3077780957 0 1165760 8 0
3077791799 0 1165776 48 0
3078203361 0 1165136 8 0
3078803972 0 1166120 8 0
3079126609 0 1166040 8 0
3079140455 0 1166048 32 0
3079350359 0 1166992 8 0
3079364915 0 1167000 32 0
3079578458 0 1166968 8 0
3079784136 0 1165912 8 0
3079992811 0 1165888 8 0
3080192110 0 1165992 8 0
3080205905 0 1166000 32 0
3080410422 0 1166592 8 0
3080624714 0 1167096 8 0
3080834295 0 1166080 40 0
3080849473 0 1166128 16 0
3081588005 0 1165952 8 0
3081796540 0 1166376 8 0
3082001558 0 1166416 8 0
3082209229 0 1166360 8 0
3082415628 0 1166200 8 0
3082616401 0 1166264 8 0
3082813472 0 1166240 8 0
3083850582 0 1166352 8 0
3084257232 0 1166184 8 0
3084461957 0 1166168 8 0
3084667767 0 1166152 8 0
3084683760 0 1166160 8 0
3084687970 0 1166176 8 0
3085004133 0 1175872 8 0
3085916857 0 1167248 8 0
3086337809 0 1174712 8 0
3086745473 0 1180784 32 0
3086771481 0 1180832 16 0
3087273838 0 1176352 8 0
3087509182 0 1176360 32 0
3087692008 0 1180736 8 0
3087924083 0 1168248 8 0
3088416246 0 1164192 56 0
3088680831 0 1176440 160 0
3089525718 0 1183936 8 0
3089542359 0 1183944 32 0
3089941262 0 1183912 8 0
3089954743 0 1183920 16 0
3091225074 0 1183976 8 0
3091236910 0 1183992 24 0
3092307536 0 1182624 8 0
3092325704 0 1182632 24 0
3092765526 0 1182664 64 0
3093977041 0 1182576 32 0
3094004548 0 1182608 16 0
3094343725 0 1182728 24 0
3094354858 0 1182792 8 0
3095750308 0 1182800 32 0
3095769028 0 1182872 184 0
3107929097 0 4654440 8 0
3107944194 0 4654488 80 0
3108459871 0 1181216 8 0
3108475326 0 1181224 32 0
3108708524 0 1181200 8 0
3108721615 0 1181208 8 0
3109354361 0 1185840 8 0
3109541575 0 1185760 8 0
3124748565 0 1184424 32 0
3124775669 0 1184464 24 0
3125094528 0 1185984 8 0
3125104867 0 1186000 16 0
3126099620 0 1180584 8 0
3126754148 0 1180848 32 0
3127662229 0 1180880 64 0
3128144857 0 1166664 8 0
3128159743 0 1166672 32 0
3129138951 0 1180944 144 0
3129644406 0 1166800 8 0
3130519687 0 1166872 8 0
3130536332 0 1166880 32 0
3132916538 0 1169056 8 0
3133698680 0 1169088 8 0
3134091994 0 1169080 8 0
3134386209 0 1169352 8 0
3134588549 0 1169048 8 0
3134599826 0 1169064 16 0
3134798618 0 1169440 8 0
3135306023 0 1131152 8 0
3135402591 0 1131136 8 0
3135414857 0 1131144 8 0
3135739360 0 1080184 8 0
3136300290 0 1131120 16 0
3138264543 0 399376 8 0
3139974507 0 1169336 8 0
3139990281 0 1169344 8 0
3139995905 0 1169360 16 0
3141431251 0 1169224 8 0
3141443640 0 1169240 48 0
3141852035 0 1169328 8 0
3142692173 0 1169160 8 0
3142707241 0 1169168 16 0
3145017715 0 1079224 8 0
3145296917 0 1169128 8 0
3145312071 0 1169136 24 0
3146717246 0 1169528 8 0
3147569924 0 1169520 8 0
3148285589 0 1169312 8 0
3148300101 0 1169320 8 0
3148559187 0 1169376 48 0
3148787453 0 1169544 8 0
3148801315 0 1169552 32 0
3151322555 0 1169112 8 0
3151337749 0 1169120 8 0
3152231159 0 1169096 16 0
3154315748 0 1169424 16 0
3154327597 0 1169448 8 0
3154335378 0 1169464 56 0
3157019153 0 1079256 16 0
3162390688 0 4653496 8 0
3162638741 0 4653504 32 0
3163599725 0 4653592 8 0
3163616498 0 4653600 32 0
3163769308 0 4653632 32 0
3163780067 0 4653680 16 0
3164785165 0 4656792 8 0
3167011982 0 4653560 8 0
3167429842 0 4653536 24 0
3167444316 0 4653568 24 0
3167949613 0 4653448 32 0
3171127159 0 4653480 16 0
3171139777 0 4653696 40 0
3171456605 0 4653168 8 0
3171736864 0 4653160 8 0
3172180394 0 4653192 16 0
3176724352 0 4653736 16 0
3176739452 0 4653760 72 0
3176755392 0 4653840 24 0
3176762183 0 4653872 8 0
3176769106 0 4653920 72 0
3178092668 0 1079464 8 0
3179023637 0 1079840 32 0
3179453426 0 1169288 24 0
3179466797 0 1169536 8 0
3180060026 0 1169584 8 0
3180071566 0 1169600 16 0
3180078530 0 1169688 8 0
3180082511 0 1169720 16 0
3190738080 0 4654104 8 0
3190755192 0 4654112 32 0
3205867266 0 1167184 8 0
3206483644 0 1167208 8 0
3207160011 0 1175472 32 0
3207181064 0 1175504 64 0
3210043875 0 1164144 8 0
3210693540 0 4656664 8 0
3210951435 0 4656888 8 0
3211318618 0 4656656 8 0
3211551391 0 1078520 8 0
3211871103 0 4656800 32 0
3212838566 0 1176944 8 0
3213353980 0 1164064 8 0
3220857676 0 1182304 8 0
3220875983 0 1182312 16 0
3220882261 0 1182336 8 0
3221347040 0 1181520 8 0
3221723907 0 1181680 8 0
3222095087 0 1181568 8 0
3222279290 0 1181712 8 0
3222540181 0 1181584 8 0
3222802751 0 1181696 8 0
3223165869 0 1181792 8 0
3223180930 0 1181800 32 0
3223803425 0 1181664 8 0
3223818451 0 1181672 8 0
3223822732 0 1181688 8 0
3224360394 0 1181728 24 0
3224378796 0 1181752 40 0
3225750753 0 1177304 8 0
3225768427 0 1177312 32 0
3228356028 0 1182352 8 0
3228373507 0 1182360 32 0
3231987810 0 1072600 8 0
3232039801 0 1072592 8 0
3232700557 0 1111560 8 0
3232716066 0 1111568 8 0
3232944480 0 1073344 8 0
3232953642 0 1073360 8 0
3233164059 0 1080072 8 0
3233591582 0 1107288 8 0
3233608870 0 1107296 64 0
3233952917 0 1107256 8 0
3233966734 0 1107264 24 0
3234553839 0 1107248 8 0
3245954309 0 1182344 8 0
3245966531 0 1182392 16 0
3246448009 0 1182280 8 0
3247634146 0 1182296 8 0
3249182541 0 1182408 16 0
3249198128 0 1182432 56 0
3249210626 0 1182496 8 0
3254689008 0 1182504 32 0
3256328672 0 1183368 8 0
3256345368 0 1183376 32 0
3256650610 0 1183288 8 0
3257578986 0 1183064 8 0
3258074928 0 1184360 8 0
3258308877 0 1184344 8 0
3258324351 0 1184352 8 0
3258331901 0 1184368 16 0
3258918891 0 1184328 8 0
3258933766 0 1184336 8 0
3260286756 0 1164352 112 0
3266879647 0 4693008 24 0
3274280426 0 4667536 8 0
3274296961 0 4667544 32 0
3274916561 0 4667600 8 0
3274932028 0 4667608 32 0
3275185422 0 4667592 8 0
3275623526 0 4667672 8 0
3275893802 0 4667640 32 0
3275912717 0 4667680 152 0
3276536788 0 4667520 8 0
3277549362 0 4667576 16 0
3279686230 0 4667984 8 0
3283602900 0 4676800 8 0
3291974522 0 1183056 8 0
3291984268 0 1183080 8 0
3300036570 0 1183088 40 0
3300059375 0 1183136 144 0
3300732422 0 1185696 8 0
3309723134 0 1174064 8 0
3310647866 0 4676792 8 0
3311220654 0 4677136 8 0
3313652025 0 1120104 8 0
3314186746 0 1120096 8 0
3315088267 0 568728 8 0
3320964986 0 1181544 8 0
3321136521 0 1181560 8 0
3321293855 0 1181536 8 0
3322074674 0 1077728 8 0
3322091557 0 1077736 24 0
3322591278 0 1077696 32 0
3322606550 0 1077800 24 0
3323235713 0 1077824 56 0
3323252474 0 1077920 8 0
3323260257 0 1077936 80 0
3323286017 0 1078056 24 0
3324263475 0 1182288 8 0
3325172533 0 4655280 16 0
3325733752 0 4655368 8 0
3325748464 0 4655376 8 0
3325754021 0 4655392 16 0
3326881597 0 4655232 8 0
3327156042 0 4654048 8 0
3327170895 0 4654056 32 0
3328674569 0 4653992 24 0
3328688355 0 4654032 16 0
3328695825 0 4654088 16 0
3328702286 0 4654144 56 0
3329546503 0 1184032 8 0
3331583728 0 1183432 8 0
3331826219 0 1183440 8 0
3331841155 0 1183456 16 0
3333658805 0 1183416 8 0
3333883077 0 1183424 8 0
3336337906 0 1183544 8 0
3336671363 0 1183592 8 0
3336694681 0 1183600 32 0
3337582934 0 1183472 64 0
3339605782 0 1183536 8 0
3339620417 0 1183552 8 0
3339626528 0 1183576 16 0
3339646311 0 1183632 104 0
3339677191 0 1183744 168 0
3345001364 0 1181528 8 0
3345012311 0 1181552 8 0
3368290810 0 1170200 32 0
3368623414 0 4666384 8 0
3368943971 0 4666344 8 0
3369218535 0 4666240 8 0
3369548248 0 4666248 32 0
3373134001 0 4666328 8 0
3373151446 0 4666336 8 0
3373157138 0 4666352 16 0
3373657209 0 4666280 48 0
3374324395 0 4666368 16 0
3374339330 0 4666392 56 0
3381129131 0 4666232 8 0
3398153473 0 1184016 16 0
3398177645 0 1184040 120 0
3433016483 0 1166736 8 0
3433040824 0 1166744 32 0
3434881194 0 628048 8 0
3450589049 0 1186016 8 0
3456158790 0 1170600 16 0
3457490162 0 1167224 24 0
3457848529 0 1167256 64 0
3458861869 0 1170136 8 0
3460995958 0 4720280 8 0
3463007036 0 4720288 32 0
3466171479 0 1177288 16 0
3466180002 0 1177344 8 0
3466948497 0 1177224 8 0
3467325020 0 1177208 8 0
3467335256 0 1177232 8 0
3468306675 0 1171328 8 0
3468979262 0 1180504 8 0
3468995499 0 1180512 8 0
3470416391 0 1170968 8 0
3470432396 0 1170976 32 0
3470729706 0 1170960 8 0
3471030034 0 1171016 8 0
3472313431 0 1170952 8 0
3472493922 0 1170896 56 0
3472513103 0 1171008 8 0
3472518920 0 1171024 56 0
3472991649 0 1167960 64 0
3473544952 0 1168464 8 0
3473559577 0 1168472 8 0
3474158985 0 1167848 8 0
3474177173 0 1167856 32 0
3474421901 0 1167728 8 0
3474435872 0 1167736 32 0
3474997969 0 1167768 80 0
3475019665 0 1167888 32 0
3475609260 0 1168024 64 0
3475630062 0 1168096 56 0
3475642607 0 1168192 24 0
3477408068 0 1167536 8 0
3477840113 0 1167504 8 0
3477855557 0 1167512 24 0
3478148931 0 1167560 48 0
3478406019 0 1167488 8 0
3478419342 0 1167496 8 0
3478988549 0 1167448 8 0
3479002975 0 1167456 32 0
3479713798 0 1167624 8 0
3479730535 0 1167632 32 0
3482295415 0 1168440 24 0
3485012705 0 1176600 248 0
3485068368 0 1176848 8 0
3497724991 0 1176856 88 0
3497753555 0 1176952 128 0
3497780850 0 1177088 24 0
3508104151 0 1177112 48 0
3508128073 0 1177352 16 0
3513372470 0 1180608 8 0
3513389066 0 1180616 32 0
3513899877 0 1180696 8 0
3513915621 0 1180704 32 0
3514697716 0 1180568 8 0
3515176479 0 1171304 24 0
3515190462 0 1171336 16 0
3516353783 0 1171256 8 0
3520705945 0 1175248 32 0
3521302576 0 1175280 16 0
3521315993 0 1175304 40 0
3521892328 0 1175656 8 0
3521907294 0 1175664 32 0
3522312815 0 1175768 8 0
3522328574 0 1175776 32 0
3522903054 0 1175696 48 0
3523271515 0 1175808 48 0
3523758339 0 1175568 56 0
3523777084 0 1175632 24 0
3526043413 0 1175744 24 0
3526058747 0 1175856 16 0
3526066934 0 1175880 40 0
3526076593 0 1175960 40 0
3526809952 0 1166784 8 0
3527157498 0 1176000 64 0
3527177582 0 1176168 32 0
3527187084 0 1176208 24 0
3528018028 0 1167104 24 0
3528611482 0 1172120 8 0
3529118759 0 1174160 8 0
3529487656 0 1174016 8 0
3529502850 0 1174024 32 0
3529909905 0 1174072 8 0
3529923248 0 1174080 32 0
3530624334 0 1173920 8 0
3530640424 0 1173928 32 0
3531001606 0 1173960 56 0
3531407793 0 1174344 8 0
3531422167 0 1174352 32 0
3531731548 0 1173768 8 0
3531748300 0 1173776 32 0
3532550444 0 1174176 8 0
3532564610 0 1174184 32 0
3532982808 0 1173744 8 0
3533245461 0 1173736 8 0
3533543891 0 1174312 8 0
3533557490 0 1174320 24 0
3534423592 0 1173832 8 0
3534734917 0 1174216 48 0
3535359611 0 1174128 8 0
3535374976 0 1174136 24 0
3535947858 0 1173808 24 0
3536504070 0 1174288 8 0
3536517481 0 1174296 16 0
3536792263 0 1174280 8 0
3537083178 0 1173840 80 0
3537373234 0 1174264 16 0
3538155290 0 1174056 8 0
3538165656 0 1174112 16 0
3538170390 0 1174168 8 0
3540022420 0 1173752 16 0
3540638901 0 1174624 88 0
3540661403 0 1174720 40 0
3540672897 0 1174800 80 0
3549504045 0 1173728 8 0
3549823555 0 1173712 8 0
3549839978 0 1173720 8 0
3552663162 0 4671520 8 0
3552679671 0 4671528 32 0
3552840800 0 4671560 64 0
3554551912 0 1178856 8 0
3555081334 0 1179840 32 0
3555494355 0 1178824 8 0
3555509429 0 1178832 24 0
3556117024 0 1179504 8 0
3556131905 0 1179512 32 0
3556777902 0 1179544 48 0
3558985792 0 1177456 8 0
3559003474 0 1177464 16 0
3559009118 0 1177488 8 0
3559801192 0 1179008 8 0
3560036390 0 1178992 8 0
3560184116 0 1178864 24 0
3560195419 0 1178904 8 0
3560391216 0 1178912 8 0
3560400470 0 1178928 16 0
3560405669 0 1178984 8 0
3560410610 0 1179016 8 0
3560414378 0 1179064 16 0
3560421614 0 1179088 72 0
3560435481 0 1179168 24 0
3561606811 0 4676808 24 0
3562015246 0 4676736 8 0
3562030626 0 4676744 32 0
3562772605 0 4677064 8 0
3562787955 0 4677072 32 0
3563690394 0 4676856 8 0
3565331511 0 1029376 8 0
3569516952 0 1077440 8 0
3569533572 0 1077448 32 0
3570679967 0 1106504 32 0
3571018601 0 1077432 8 0
3571203800 0 1029384 24 0
3580202064 0 1106440 8 0
3582495327 0 1106448 16 0
3584958297 0 1084056 8 0
3585525110 0 4676728 8 0
3587657426 0 1179200 24 0
3594713363 0 1179456 48 0
3599020878 0 1179872 96 0
3600818720 0 1178272 24 0
3601371432 0 1178240 8 0
3601385691 0 1178248 8 0
3601859405 0 1177536 16 0
3603627641 0 1178608 8 0
3604385447 0 1178472 8 0
3605147528 0 1178448 8 0
3605161889 0 1178456 8 0
3605935712 0 1178560 16 0
3605947386 0 1178584 8 0
3605952857 0 1178600 8 0
3605957123 0 1178624 24 0
3608799566 0 1178688 136 0
3612226327 0 1178424 8 0
3612241436 0 1178432 8 0
3614103832 0 1177680 8 0
3614250268 0 1177584 8 0
3614567456 0 1177576 8 0
3615612982 0 1177608 8 0
3616145962 0 1177640 8 0
3616162192 0 1177648 16 0
3616167783 0 1177672 8 0
3617521176 0 1177776 8 0
3618185812 0 1178168 8 0
3618201397 0 1178176 32 0
3618517249 0 1178144 8 0
3618532235 0 1178152 16 0
3619923559 0 1178208 16 0
3619934414 0 1178232 8 0
3620736323 0 1177968 8 0
3620751807 0 1177976 32 0
3621886871 0 1177960 8 0
3624620388 0 1178104 40 0
3626041502 0 1177856 8 0
3630386635 0 1177760 8 0
3630401511 0 1177768 8 0
3630773680 0 1177744 16 0
3638758167 0 1177600 8 0
3638769123 0 1177624 8 0
3642247336 0 1180016 16 0
3642259258 0 1180040 8 0
3643564581 0 1177520 8 0
3643581607 0 1177528 8 0
3643586186 0 1177552 8 0
3644808545 0 1166616 8 0
3645108074 0 1166624 32 0
3645566270 0 1166776 8 0
3645576213 0 1166792 8 0
3645581917 0 1166808 32 0
3648237065 0 1166712 8 0
3650760008 0 1165064 8 0
3651004490 0 1165072 8 0
3651013772 0 1165088 8 0
3654097020 0 1166704 8 0
3654109188 0 1166720 16 0
3664798257 0 1166840 32 0
3664816484 0 1166912 56 0
3664832006 0 1166976 16 0
3664838945 0 1167032 64 0
3665959978 0 1165624 32 0
3665980500 0 1165664 8 0
3665986621 0 1165688 32 0
3667079284 0 1165608 8 0
3667091456 0 1165824 40 0
3667784637 0 1165224 8 0
3671305458 0 1165200 8 0
3677168750 0 1165184 8 0
3677178878 0 1165216 8 0
3687675130 0 1165864 24 0
3687689115 0 1165896 16 0
3687695094 0 1165920 32 0
3687706415 0 1165960 32 0
3687713374 0 1166032 8 0
3690681092 0 1166144 8 0
3697715012 0 1166192 8 0
3697730225 0 1166208 32 0
3697741127 0 1166248 16 0
3697748779 0 1166272 80 0
3697763427 0 1166368 8 0
3697770220 0 1166384 32 0
3697779191 0 1166424 24 0
3698648521 0 1166600 8 0
3699147477 0 1166608 8 0
3699561513 0 1167176 8 0
3699583222 0 1167200 8 0
3706619811 0 1170584 8 0
3706887085 0 1166448 32 0
3707187497 0 1166488 8 0
3707620840 0 1166520 8 0
3708035089 0 1166504 8 0
3708240706 0 1166528 8 0
3708924976 0 1166568 8 0
3709154808 0 1166552 8 0
3709168887 0 1166560 8 0
3709174983 0 1166576 16 0
3709393027 0 1166536 16 0
3761707581 0 1163440 8 0
3761732563 0 1163448 32 0
3762305896 0 1163480 192 0
3763479065 0 1163400 8 0
3766748411 0 1073704 8 0
3766764863 0 1073712 32 0
3766892327 0 1073744 64 0
3767340326 0 4684224 32 0
3767369480 0 4684640 8 0
3767384231 0 4684256 64 0
3767410950 0 4684320 128 0
3767444786 0 4684648 64 0
3767574691 0 4684504 136 0
3771114346 0 1171184 64 0
3773104313 0 1171352 232 0
3774599297 0 1167320 56 0
3774617163 0 1167416 32 0
3779717522 0 1180456 8 0
3779734256 0 1180464 32 0
3779885000 0 1180496 8 0
3780998566 0 1180368 8 0
3781016456 0 1180376 32 0
3781854363 0 1168232 8 0
3781869469 0 1168240 8 0
3781875101 0 1168256 16 0
3782297048 0 1168216 16 0
3782307173 0 1168272 16 0
3824364302 0 1170520 64 0
3832550814 0 1181088 112 0
3832584528 0 1181256 88 0
3838653972 0 1181368 8 0
3839511276 0 1167664 64 0
3842258443 0 1175456 8 0
3843466503 0 1184552 8 0
3843656254 0 1184544 8 0
3847821070 0 1175232 8 0
3848425127 0 1079648 8 0
3851865752 0 1184256 8 0
3853103724 0 1184176 8 0
3853122207 0 1184184 32 0
3853896748 0 1183280 8 0
3853909396 0 1183296 72 0
3853922503 0 1183408 8 0
3855073956 0 1180592 16 0
3855262699 0 1181832 176 0
3856961350 0 1181608 8 0
3856977033 0 1181616 32 0
3860225577 0 1177408 48 0
3860243476 0 1177504 16 0
3860249395 0 1177568 8 0
3861927835 0 1179968 40 0
3861945681 0 1180048 48 0
3861959768 0 1180136 88 0
3865111609 0 1182200 8 0
3865127386 0 1182208 32 0
3865972250 0 1182192 8 0
3867447245 0 1171712 8 0
3867999738 0 1182112 8 0
3868503926 0 1079656 32 0
3870575354 0 1171920 8 0
3871585224 0 4676104 8 0
3872839494 0 1182048 8 0
3873042141 0 1181648 16 0
3873741763 0 1171896 8 0
3873908756 0 1171928 8 0
3874339445 0 1182096 8 0
3874360567 0 1182104 8 0
3874369472 0 1182120 16 0
3878341006 0 1181704 8 0
3881377126 0 4676056 8 0
3881392463 0 4676064 32 0
3887048696 0 1164128 8 0
3899719026 0 1184320 8 0
3902251193 0 1184216 40 0
3902797125 0 1184264 56 0
3903073159 0 1181384 8 0
3904011235 0 1184160 16 0
3909295959 0 1184488 56 0
3909317661 0 1184560 72 0
3916093909 0 1079704 8 0
3916110655 0 1079712 24 0
3921330853 0 1174880 224 0
3926285726 0 1078992 8 0
3926303445 0 1079000 32 0
3935186909 0 4676864 8 0
3936374737 0 1079688 16 0
3937109022 0 1180560 8 0
3937133751 0 1180648 48 0
3940503053 0 4659320 8 0
3951427529 0 1167608 16 0
3961652789 0 1172744 8 0
3961670338 0 1172752 32 0
3961826629 0 1172784 64 0
3995291205 0 1180312 8 0
4008621898 0 4676712 16 0
4015421154 0 1171904 8 0
4015729857 0 1172616 8 0
4017255209 0 1172848 248 0
4017299490 0 1173096 136 0
4020884925 0 4674864 8 0
4022595564 0 1172088 8 0
4023603608 0 1171736 8 0
4026151231 0 4675528 8 0
4027934754 0 1172656 8 0
4027956028 0 1172664 32 0
4029332571 0 4673216 64 0
4029802490 0 1171680 8 0
4030097554 0 1171608 8 0
4030549196 0 1175344 112 0
4032421324 0 4676272 8 0
4032671038 0 4676192 8 0
4032686118 0 4676200 32 0
4032954557 0 4676240 8 0
4035371740 0 1172568 8 0
4035387516 0 1172576 32 0
4035672925 0 4675376 8 0
4035687077 0 4675384 32 0
4035897168 0 1172608 8 0
4035907653 0 1172624 32 0
4040378481 0 4674872 32 0
4040772934 0 4674416 8 0
4041329096 0 4675856 8 0
4041723194 0 4679272 8 0
4042145471 0 4675584 8 0
4045410058 0 4674776 8 0
4048345403 0 4676032 8 0
4048712193 0 4675552 8 0
4048727579 0 4675560 24 0
4054773163 0 1166656 8 0
4066078045 0 4674368 8 0
4066098923 0 4674376 32 0
4066462434 0 4674984 8 0
4072710366 0 1185920 8 0
4073304017 0 1185656 8 0
4073320812 0 1185664 32 0
4074543469 0 1185896 8 0
4075128334 0 1185824 8 0
4075311670 0 1185832 8 0
4075321643 0 1185848 16 0
4075568401 0 1185864 32 0
4075581338 0 1185904 16 0
4075589790 0 1185928 48 0
4075847989 0 1185736 8 0
4076069177 0 1185792 8 0
4076284793 0 1185800 24 0
4077206975 0 1185704 32 0
4077460109 0 1185744 16 0
4077471472 0 1185768 24 0
4078537915 0 1185640 8 0
4079166609 0 1185648 8 0
4144586518 0 1185632 8 0
4184862399 0 1181392 32 0
4188172887 0 1181424 88 0
4188178749 0 1181576 8 0
4188180588 0 1181592 16 0
4196147381 0 1181376 8 0
4196523089 0 1181344 24 0
4203318966 0 4659544 8 0
4203364544 0 4659552 32 0
4208896851 0 1180448 8 0
4221109052 0 4675920 8 0
4221161978 0 4675928 32 0
4223620588 0 1165024 40 0
4234958640 0 1166480 8 0
4234965658 0 1166496 8 0
4234966171 0 1166512 8 0
4241089089 0 1171912 8 0
4252978662 0 1171584 24 0
4252986408 0 1171616 64 0
4252988310 0 1171688 24 0
4252989413 0 1171720 16 0
4252993113 0 1171744 96 0
4268331848 0 4681608 8 0
4268927186 0 4681512 8 0
4269106274 0 4683288 8 0
4269342361 0 4681528 8 0
4270322408 0 4681360 8 0
4270367013 0 4681368 32 0
4270622725 0 4681344 8 0
4270654721 0 4681352 8 0
4271114612 0 4681504 8 0
4272414684 0 4676840 8 0
4272450798 0 4676848 8 0
4272454444 0 4676872 8 0
4273202983 0 4675960 64 0
4273510993 0 1176336 16 0
4275056117 0 4657736 8 0
4275095521 0 4657744 32 0
4275548104 0 4657728 8 0
4283409050 0 1175104 128 0
4283977567 0 1180328 8 0
4284181942 0 1180408 40 0
4291600098 0 1180336 8 0
4291647908 0 1180344 24 0
4313934495 0 4720528 8 0
4316050161 0 4720320 192 0
4320503990 0 4679320 8 0
4320973715 0 4679392 8 0
4321017007 0 4679400 32 0
4321261965 0 4679376 8 0
4321300125 0 4679384 8 0
4334377970 0 4659520 8 0
4335074184 0 4659424 8 0
4335117425 0 4659432 32 0
4335588867 0 4659408 8 0
4352937632 0 4681520 8 0
4352946385 0 4681536 16 0
4353463235 0 4683328 8 0
4353653122 0 4681936 8 0
4353814035 0 4681872 8 0
4355299252 0 1170104 8 0
4355368202 0 1170112 16 0
4356680110 0 4681600 8 0
4358320714 0 4681400 64 0
4364549486 0 1172152 8 0
4364732987 0 1172096 8 0
4364904790 0 1172104 16 0
4364909824 0 1172128 8 0
4368435240 0 4675592 64 0
4368995129 0 4679280 8 0
4369041647 0 4679288 32 0
4370855009 0 4679264 8 0
4371376169 0 4675480 8 0
4371415404 0 4675488 32 0
4372043186 0 4676168 8 0
4372888975 0 4675888 8 0
4374091864 0 4676048 8 0
4374310029 0 4675456 8 0
4374343314 0 4675464 16 0
4374951858 0 4676176 16 0
4375504388 0 4676024 8 0
4375510738 0 4676040 8 0
4375511861 0 4676096 8 0
4375513278 0 4676112 24 0
4376025066 0 4676280 8 0
4376067810 0 4676288 32 0
4376546107 0 4675864 8 0
4376583903 0 4675872 16 0
4376587341 0 4675896 8 0
4376988416 0 4675904 16 0
4377783244 0 4676496 8 0
4377821810 0 4676504 32 0
4378536405 0 4676464 8 0
4378574391 0 4676472 24 0
4382497661 0 4676416 8 0
4383050622 0 4676440 8 0
4384034016 0 4676456 8 0
4384632396 0 4676536 32 0
4390263451 0 4676448 8 0
4390860745 0 1170056 8 0
4391093548 0 1170064 32 0
4391399058 0 1170048 8 0
4391715589 0 1170040 8 0
4392466511 0 1170008 8 0
4422693303 0 4678592 32 0
4423995483 0 4676776 16 0
4424599860 0 1075552 8 0
4424645576 0 1075560 32 0
4425539396 0 4676264 8 0
4425828238 0 4676152 8 0
4425861417 0 4676160 8 0
4429117782 0 1180280 16 0
4429123521 0 1180304 8 0
4430126183 0 1180224 16 0
4430957685 0 1180320 8 0
4433698476 0 1169992 16 0
4433706067 0 1170016 24 0
4433707527 0 1170096 8 0
4433709218 0 1170144 16 0
4436309123 0 1173304 8 0
4437939000 0 1173272 8 0
4437977142 0 1173280 24 0
4447867652 0 1178336 88 0
4456429720 0 4675840 8 0
4496891486 0 1078984 8 0
4503713769 0 1079568 8 0
4503768581 0 1079576 64 0
4503928535 0 1079808 24 0
4503934831 0 1079872 32 0
4505562871 0 4656936 8 0
4505610044 0 4656944 32 0
4506299159 0 4656896 8 0
4506568574 0 4656904 32 0
4507339086 0 1079904 32 0
4507345136 0 1080000 40 0
4507347209 0 1080048 24 0
4507350344 0 1080080 80 0
4516452932 0 4683264 8 0
4517026944 0 4683320 8 0
4517546195 0 4683272 8 0
4518926537 0 4683256 8 0
4530368620 0 4656384 8 0
4530421844 0 4656392 32 0
4548641553 0 4659464 56 0
4548648245 0 4659528 16 0
4548650973 0 4659584 72 0
4550312436 0 4658632 8 0
4551094466 0 4657536 8 0
4551401313 0 4658752 8 0
4552516544 0 4659656 40 0
4552760950 0 4657504 8 0
4553836167 0 4658104 8 0
4555151099 0 4658112 8 0
4580769729 0 1163360 40 0
4580782034 0 1163408 32 0
4581109322 0 4684448 56 0
5090064604 0 1106896 248 0
5090076607 0 1107144 8 0
5090636241 0 1083328 8 0
5090695215 0 1083336 32 0
5090837665 0 1083368 56 0
5091940256 0 1106384 8 0
5099749328 0 1107216 8 0
5099982918 0 1108888 8 0
5104785029 0 6672 8 0
5104796860 0 6680 8 0
5104798385 0 6688 8 0
5104800132 0 6696 8 0
5104801301 0 6704 8 0
5104802381 0 6712 8 0
5104804886 0 6720 8 0
5104805931 0 6728 8 0
5104806992 0 6736 8 0
5104808036 0 6744 8 0
5104809057 0 6752 8 0
5104810003 0 6760 8 0
5104811354 0 6768 8 0
5104812395 0 6776 8 0
5104813468 0 6784 8 0
5104898816 0 3932160 8 1
5104946527 0 3932168 8 1
5105002229 0 3932176 8 1
5105006540 0 3932184 8 1
5105006910 0 3932192 8 1
5105007243 0 3932200 8 1
5105007584 0 3932208 8 1
5105007953 0 3932216 8 1
5105008215 0 3932224 8 1
5105008625 0 3932232 8 1
5105009000 0 3932240 8 1
5105009362 0 3932248 8 1
5105009645 0 3932256 8 1
5105009970 0 3932264 8 1
5105010343 0 3932272 8 1
5105010709 0 3932280 8 1
5105011269 0 3932288 8 1
5105011732 0 3932296 8 1
5105012047 0 3932304 8 1
5105012363 0 3932312 8 1
5105012613 0 3932320 8 1
5105012935 0 3932328 8 1
5105013178 0 3932336 8 1
5105013425 0 3932344 8 1
5105014640 0 3932352 8 1
5105015200 0 3932360 8 1
5105015505 0 3932368 8 1
5105015828 0 3932376 8 1
5105016383 0 3932384 8 1
5105016770 0 3932392 8 1
5105017111 0 3932400 8 1
5105017409 0 3932408 8 1
5105017648 0 3932416 8 1
5105017887 0 3932424 8 1
5105018380 0 3932432 8 1
5105018630 0 3932440 8 1
5105018875 0 3932448 8 1
5105019111 0 3932456 8 1
5105019373 0 3932464 8 1
5105019629 0 3932472 8 1
5105019871 0 3932480 8 1
5105020108 0 3932488 8 1
5105020356 0 3932496 8 1
5105020682 0 3932504 8 1
5105021344 0 3932512 8 1
5105021588 0 3932520 8 1
5105021841 0 3932528 8 1
5105022400 0 3932536 8 1
5105023256 0 3932544 8 1
5105023951 0 3932552 8 1
5105024586 0 3932560 8 1
5105024996 0 3932568 8 1
5105025337 0 3932576 8 1
5105026153 0 3932584 8 1
5105026641 0 3932592 8 1
5105027452 0 3932600 8 1
5105027909 0 3932608 8 1
5105028505 0 3932616 8 1
5105028903 0 3932624 8 1
5105170254 0 3932632 8 1
5105983353 0 4503888 24 0
5105984553 0 4503936 24 0
5105985736 0 4504040 40 0
5119723705 0 4672136 8 0
5120052874 0 4672712 8 0
5120095118 0 4672720 32 0
5121815134 0 4670600 8 0
5122323081 0 4670616 8 0
5122338977 0 4670624 32 0
5123435549 0 4672104 16 0
5123767837 0 4672056 8 0
5124100912 0 4671712 16 0
5124117623 0 4671728 32 0
5124988211 0 4669888 64 0
5125633946 0 4671384 8 0
5126263680 0 4669952 128 0
5126942407 0 4670512 8 0
5127202239 0 4670472 8 0
5127798231 0 4671864 8 0
5128211592 0 4670656 48 0
5128532520 0 4670720 8 0
5128835594 0 4671400 8 0
5129156999 0 4671416 8 0
5129171474 0 4671424 32 0
5129683344 0 4671456 64 0
5129702483 0 4671624 24 0
5132517892 0 4671880 8 0
5132867042 0 4671392 8 0
5132876059 0 4671408 8 0
5133720508 0 4671952 8 0
5134054080 0 4672008 8 0
5134430772 0 4672016 32 0
5134870173 0 4670496 8 0
5135199413 0 4671368 8 0
5135214647 0 4671376 8 0
5135530418 0 4672512 8 0
5136847352 0 4672608 8 0
5136862866 0 4672616 32 0
5137219501 0 4672592 8 0
5165960748 0 4670520 32 0
5167484921 0 4670488 8 0
5167779372 0 4670480 8 0
5167784935 0 4670504 8 0
5170050444 0 4671760 96 0
5139787277 0 4673280 144 0
5140202729 0 4672144 32 0
5141158789 0 4670608 8 0
5141620664 0 4672696 8 0
5142172975 0 4672128 8 0
5142403401 0 4676568 16 0
5142415614 0 4676592 16 0
5142423039 0 4676616 8 0
5142426771 0 4676664 8 0
5143130403 0 4672672 8 0
5143498098 0 4672664 8 0
5144010697 0 4672656 8 0
5144554273 0 4672648 8 0
5145670064 0 4672680 16 0
5145681582 0 4672704 8 0
5145690102 0 4672752 120 0
5148684500 0 4672120 8 0
5149491663 0 4670728 8 0
5149951548 0 4672064 32 0
5156034044 0 4671672 8 0
5156050552 0 4671680 32 0
5157210371 0 4672872 48 0
5171605828 0 4671872 8 0
5171619070 0 4671888 16 0
5171918605 0 4671856 8 0
5171930840 0 4671904 48 0
5171943751 0 4671960 48 0
5172309633 0 4672096 8 0
5176190456 0 4677464 8 0
5176426594 0 4677376 8 0
5176782933 0 4676832 8 0
5177574314 0 4676880 16 0
5177591417 0 4676936 128 0
5181010439 0 4677360 8 0
5181026309 0 4677368 8 0
5181031758 0 4677384 16 0
5181928558 0 4677400 64 0
5181952334 0 4677472 120 0
5184291413 0 4677592 136 0
5184911670 0 4675112 8 0
5197884783 0 4677352 8 0
5198473441 0 4677112 8 0
5215967636 0 4671360 8 0
5220502513 0 4671648 24 0
5229101518 0 4670704 16 0
5244470951 0 4672176 176 0
5255136305 0 4672600 8 0
5260191430 0 4672048 8 0
5272446306 0 4670736 224 0
5272740204 0 4671328 8 0
5278350255 0 4670080 248 0
5278396936 0 4670328 8 0
5279105076 0 4670336 136 0
5279144828 0 4670552 40 0
5281288562 0 4670592 8 0
5298337645 0 1172696 48 0
5299659705 0 1173600 8 0
5299679904 0 1173608 32 0
5355338553 0 4726600 8 0
5357053652 0 4726608 32 0
5360138358 0 4726592 8 0
5362109873 0 4726432 8 0
5365222213 0 4726456 8 0
5368021668 0 4725160 8 0
5371724417 0 4725168 32 0
5374457796 0 4720168 8 0
5375911843 0 4720176 32 0
5378121792 0 4720264 8 0
5379948082 0 4720256 8 0
5380257761 0 4720544 8 0
5380271561 0 4720552 32 0
5380683454 0 4720520 8 0
5381594547 0 4727264 8 0
5383750023 0 4731784 8 0
5385587260 0 4731792 8 0
5387763877 0 4731776 8 0
5393278051 0 4725200 80 0
5393547777 0 4725280 160 0
5394347850 0 4724280 8 0
5406704075 0 4724288 32 0
5409520271 0 4725136 8 0
5412245178 0 4725128 8 0
5414294111 0 4724528 8 0
5416797131 0 4725560 8 0
5416986354 0 4725544 8 0
5420069832 0 1086016 8 0
5421405443 0 4725488 8 0
5421652069 0 4725472 8 0
5421852992 0 4725520 8 0
5422183360 0 4725496 8 0
5422197987 0 4725504 16 0
5422203051 0 4725528 8 0
5422529315 0 4725480 8 0
5423341009 0 4725440 32 0
5423355438 0 4725536 8 0
5423359865 0 4725552 8 0
5423367455 0 4725568 128 0
5424889560 0 4727232 8 0
5428255892 0 4727240 24 0
5434154162 0 4720512 8 0
5434165016 0 4720536 8 0
5434175866 0 4720584 184 0
5434503900 0 4726464 32 0
5435374240 0 4724536 8 0
5438001240 0 4726680 8 0
5438313297 0 1072232 8 0
5438329778 0 1072240 32 0
5439843318 0 4726400 8 0
5440439204 0 4720272 8 0
5440852668 0 1073696 8 0
5443773521 0 1079216 8 0
5493506491 0 4675824 8 0
5493857011 0 4675808 8 0
5494087300 0 4675816 8 0
5494097515 0 4675832 8 0
5495306858 0 4675800 8 0
5497982256 0 1172200 8 0
5497999458 0 1172208 32 0
5498511043 0 1172240 64 0
5504874662 0 4678864 32 0
5506342672 0 4675088 8 0
5506533707 0 4674432 8 0
5506793133 0 4674552 8 0
5507345407 0 4657616 8 0
5507361121 0 4657624 32 0
5539871913 0 1079472 32 0
5540386648 0 1079312 8 0
5544226641 0 1182152 8 0
5544501298 0 1182144 8 0
5544732749 0 1182160 24 0
5545384273 0 1182184 8 0
5546179877 0 1182240 40 0
5550036830 0 1182136 8 0
5554404871 0 1172184 8 0
5554737645 0 1172192 8 0
5614358554 0 4675520 8 0
5614376669 0 4675536 16 0
5624930534 0 1079288 8 0
5624975172 0 1079280 8 0
5625094829 0 1079536 8 0
5625108071 0 1079544 24 0
5633940287 0 1079192 8 0
5636264298 0 4682200 8 0
5638190443 0 4681888 8 0
5638402816 0 4681712 8 0
5639208146 0 4681808 8 0
5639448587 0 4681904 8 0
5639607857 0 4681800 8 0
5640122506 0 4681776 8 0
5640137643 0 4681784 16 0
5640651405 0 4681816 56 0
5641804260 0 1077536 72 0
5642097812 0 1074088 8 0
5642403572 0 1074120 8 0
5642634016 0 1074152 8 0
5642723354 0 1074144 8 0
5642732489 0 1074160 16 0
5642881610 0 1074072 8 0
5643564744 0 4681768 8 0
5643820880 0 4681496 8 0
5644188533 0 4681896 8 0
5644746347 0 4681912 24 0
5645679941 0 1074176 8 0
5645691704 0 1074192 32 0
5646136295 0 1108840 8 0
5646286315 0 1109064 8 0
5646419645 0 1108872 8 0
5646431999 0 1108880 8 0
5646527970 0 1109056 8 0
5647081330 0 1109320 8 0
5647267649 0 1108848 8 0
5647281056 0 1108856 16 0
5647706029 0 1108672 8 0
5647745041 0 1108976 8 0
5657376208 0 4681880 8 0
5657388793 0 4681944 56 0
5657561863 0 4681760 8 0
5658705190 0 1073672 8 0
5661627954 0 4681568 8 0
5661646665 0 4681576 24 0
5664234321 0 4681616 56 0
5666976411 0 4681552 16 0
5669884646 0 4683360 8 0
5669900981 0 4683368 32 0
5670785918 0 4683352 8 0
5671579948 0 4683344 8 0
5672858885 0 1109080 8 0
5672874670 0 1109088 8 0
5673016690 0 1109048 8 0
5673229875 0 1109224 8 0
5673244741 0 1109232 32 0
5673357405 0 1108984 8 0
5673373678 0 1108992 56 0
5674121432 0 4681704 8 0
5674326952 0 4681672 32 0
5674342269 0 4681720 40 0
5674712838 0 1109072 8 0
5676059128 0 4681472 8 0
5676387721 0 4681464 8 0
5676398854 0 4681480 16 0
5677980605 0 1078320 8 0
5678126648 0 1078312 8 0
5679061915 0 1097464 8 0
5682121540 0 1109264 56 0
5682403223 0 1073688 8 0
5688409568 0 4677128 8 0
5735271618 0 4659392 8 0
5735320965 0 4659400 8 0
5735327453 0 4659416 8 0
5735764490 0 4659384 8 0
5736466898 0 4658712 8 0
5737872729 0 1072544 8 0
5690409064 0 1078280 8 0
5691405763 0 1078272 8 0
5691911225 0 1078264 8 0
5692031055 0 1078288 24 0
5693880996 0 1171936 32 0
5702637451 0 4683304 8 0
5702654780 0 4683312 8 0
5702659163 0 4683336 8 0
5704476887 0 4683296 8 0
5707061149 0 4682000 200 0
5707118138 0 4682208 48 0
5717695865 0 1079640 8 0
5720610585 0 1082232 8 0
5743520404 0 1072280 64 0
5741621234 0 4658840 8 0
5741683014 0 4658848 32 0
5742233201 0 4658832 8 0
5742503274 0 4658824 8 0
5750264433 0 1109184 8 0
5750285235 0 1109192 32 0
5754637398 0 1109160 8 0
5754658191 0 1109168 16 0
5755457403 0 1107448 8 0
5755472809 0 1107456 32 0
5755586032 0 1072944 8 0
5755679195 0 1073056 8 0
5755699799 0 1073064 120 0
5756984669 0 1073192 8 0
5757359937 0 1105032 8 0
5759357679 0 1105040 64 0
5764114527 0 1105024 8 0
5767654424 0 1105008 8 0
5769113885 0 1105016 8 0
5770880772 0 1104984 8 0
5772150263 0 1104992 16 0
5774054303 0 1072848 8 0
5774069818 0 1072856 32 0
5774316995 0 1072888 56 0
5775709175 0 1072672 8 0
5775733880 0 1072680 32 0
5775991474 0 1072648 8 0
5776004527 0 1072656 16 0
5776241443 0 1072624 8 0
5776254223 0 1072632 16 0
5776733165 0 1104952 8 0
5778747485 0 1104960 24 0
5780684437 0 1072712 32 0
5781253720 0 1072784 8 0
5781272521 0 1072792 56 0
5781800460 0 1096312 8 0
5783289245 0 1096320 128 0
5788208009 0 1096304 8 0
5791858269 0 1096240 8 0
5793988867 0 1096448 248 0
5794180702 0 1096696 248 0
5794231227 0 1096944 16 0
5795353811 0 1096224 8 0
5801733094 0 1096232 8 0
5801782895 0 1096248 16 0
5803519031 0 1096216 8 0
5805625120 0 1073008 8 0
5805751064 0 1072776 8 0
5810042726 0 1072744 32 0
5813463570 0 1078256 8 0
5820063925 0 1073016 8 0
5820080599 0 1073024 32 0
5834620428 0 1072992 16 0
5844354515 0 1072608 16 0
5844977510 0 1117616 8 0
5846768892 0 1117624 16 0
5848682977 0 1073640 32 0
5848707081 0 1073680 8 0
5848714612 0 1073808 88 0
9509867225 0 4659368 8 0
9510469917 0 4659376 8 0
9510993681 0 4659352 8 0
9511729829 0 4658456 8 0
9514065317 0 1078712 8 0
9514120434 0 1078720 32 0
9514454036 0 4658880 48 0
9562959735 0 2088 8 0
9563047918 0 1159168 64 1
9587189176 0 0 8 1
9587199274 0 2192 8 1
9587200395 0 2312 8 1
9587201223 0 2352 8 1
9587202642 0 2384 8 1
9587203872 0 2392 8 1
9587204914 0 2408 8 1
9587206006 0 2472 8 1
9587207322 0 2544 8 1
9587208661 0 2560 8 1
9587210099 0 2664 8 1
9587211052 0 2672 8 1
9587212240 0 2824 8 1
9587217033 0 2840 8 1
9587218995 0 6352 8 1
9587220676 0 6368 8 1
9587221897 0 6376 8 1
9587222946 0 6384 8 1
9587224179 0 6416 8 1
9587225237 0 6424 8 1
9587226250 0 6432 8 1
9587227413 0 6440 8 1
9587228297 0 6448 8 1
9587228994 0 6456 8 1
9587229728 0 6464 8 1
9587230584 0 6472 8 1
9587231461 0 6784 8 1
9587236096 0 67848 8 1
9587237082 0 75904 8 1
9587238077 0 4194304 8 1
9587239016 0 4194432 8 1
9587239883 0 4194560 8 1
9587240857 0 4194584 8 1
9587242023 0 4194600 8 1
9587243203 0 4194832 8 1
9587244008 0 4194840 8 1
9587244971 0 4194848 8 1
9587245923 0 4194856 8 1
9587247026 0 4194864 8 1
9587247768 0 4194872 8 1
9587250517 0 4194888 8 1
9587251563 0 4195200 8 1
9587252415 0 4195376 8 1
9587253088 0 4195384 8 1
9587253906 0 4195392 8 1
9587254752 0 4195400 8 1
9587255628 0 4195408 8 1
9587256320 0 4195416 8 1
9587257148 0 4195440 8 1
9587257821 0 4195448 8 1
9587258491 0 4195456 8 1
9587259111 0 4195464 8 1
9587260185 0 4195512 8 1
9587261872 0 4260096 8 1
9587288575 0 3932640 8 1
9587289187 0 3932648 8 1
9587289692 0 3932656 8 1
9587291043 0 3932664 8 1
9587440771 0 3932672 8 1
9595613471 0 8 8 1
9595623764 0 2088 8 1
9595629332 0 6792 8 1
9603089607 0 3932160 8 1
9603512419 0 3932160 8 1
9604661531 0 3932160 8 1
9605172657 0 0 8 1
