0 0 67928 8 0
351553 0 2184 8 0
405705 0 2056 8 0
22246374 0 264392 8 0
23948519 0 264232 8 0
25375098 0 4260200 8 0
26751388 0 4199680 8 0
26758223 0 4199688 8 0
26759416 0 4199696 8 0
26760675 0 4199704 8 0
26761802 0 4199712 8 0
26762874 0 4199720 8 0
26764278 0 4199728 8 0
26766834 0 4199736 8 0
26768185 0 4199744 8 0
26769275 0 4199752 8 0
26770461 0 4199760 8 0
26771550 0 4199768 8 0
26772956 0 4199776 8 0
26774339 0 4199784 8 0
26775441 0 4199792 8 0
26776468 0 4199800 8 0
26777514 0 4199808 8 0
26778976 0 4199816 8 0
26780487 0 4199832 8 0
26781528 0 4199840 8 0
26783226 0 4199848 8 0
26784768 0 4199856 8 0
26785705 0 4199864 8 0
26786596 0 4199872 8 0
26791077 0 4199880 8 0
26792574 0 4199888 8 0
26794222 0 4199896 8 0
26795528 0 4199904 8 0
26797213 0 4199912 8 0
26798390 0 4199920 8 0
26799520 0 4199928 8 0
26800747 0 4199936 8 0
26801117 0 4199824 8 0
1266874889700122624 0 67848 8 0
1266874889700149760 0 6408 8 0
1266874889700331520 0 4194560 8 0
1266874889701260032 0 4194568 8 0
1266874889701262336 0 4194576 8 0
1266874889701263872 0 4194584 8 0
1266874889701265408 0 4194592 8 0
1266874889701266432 0 4194600 8 0
1266874889701267712 0 4194608 8 0
1266874889701268992 0 4194616 8 0
1266874889701270016 0 4194624 8 0
1266874889701271040 0 4194632 8 0
1266874889701272320 0 4194640 8 0
1266874889701273600 0 4194656 8 0
1266874889701274880 0 4194664 8 0
1266874889701275904 0 4194672 8 0
1266874889701276928 0 4194680 8 0
1266874889701279232 0 4194688 8 0
1266874889701280256 0 4194696 8 0
1266874889701281280 0 4194704 8 0
1266874889701282816 0 4194712 8 0
1266874889701284352 0 4194720 8 0
1266874889701285888 0 4194728 8 0
1266874889701286912 0 4194736 8 0
1266874889701287936 0 4194744 8 0
1266874889701288960 0 4194752 8 0
1266874889701290496 0 4194760 8 0
1266874889701291264 0 4194768 8 0
1266874889701292800 0 4194776 8 0
1266874889701293824 0 4194784 8 0
1266874889701295104 0 4194792 8 0
1266874889701297408 0 4194800 8 0
1266874889701298432 0 4194808 8 0
1266874889701300224 0 4194816 8 0
1266874889701300736 0 4194648 8 0
74133580 0 4459232 32 0
77145195 0 4260120 8 0
78427398 0 4463184 32 0
81632263 0 4459264 24 0
81702834 0 4463320 184 0
51691789 0 4264584 8 0
53141123 0 4260208 8 0
63931132 0 4260216 8 0
65701948 0 68120 8 0
69383014 0 4260104 8 0
89833550 0 4463216 104 0
90094239 0 264296 40 0
98161513 0 4464208 32 0
100489587 0 4467424 152 0
110338777 0 4464256 248 0
110377010 0 4464504 8 0
110437910 0 4464512 248 0
110478569 0 4464760 8 0
110499186 0 4464240 16 0
110548394 0 4465144 248 0
110582732 0 4465392 8 0
110650001 0 4465424 248 0
110713849 0 4465672 8 0
113481147 0 4466888 248 0
113482317 0 4467136 8 0
155033901 0 4466336 248 0
155042782 0 4466584 8 0
179304666 0 4465912 248 0
179355671 0 4466160 8 0
179532273 0 4466712 176 0
179618151 0 4465000 144 0
217562257 0 3932160 8 1
217644275 0 3932168 8 1
217667220 0 3932176 8 1
217670389 0 3932184 8 1
217671099 0 3932192 8 1
217671464 0 3932200 8 1
217671893 0 3932208 8 1
217672333 0 3932216 8 1
217672743 0 3932224 8 1
217673084 0 3932232 8 1
217673483 0 3932240 8 1
217673858 0 3932248 8 1
217674389 0 3932256 8 1
217674838 0 3932264 8 1
217675254 0 3932272 8 1
217675693 0 3932280 8 1
217735965 0 3932288 8 1
223875956 0 0 8 1
223883937 0 8 8 1
223885083 0 2056 8 1
223886012 0 2184 8 1
223887240 0 2312 8 1
223887921 0 2320 8 1
223888741 0 2328 8 1
223889385 0 2336 8 1
223890041 0 2432 8 1
223890898 0 67848 8 1
223891917 0 4194560 8 1
223892787 0 4194584 8 1
223893691 0 4194592 8 1
235134830 0 3932160 8 1
238510413 0 3932160 8 1
244481209 0 0 8 1
