0 0 67848 8 0
39037 0 6408 8 0
292817 0 67912 8 0
358457 0 5632 8 0
414572 0 5640 8 0
416282 0 5648 8 0
417367 0 5656 8 0
418519 0 5664 8 0
419835 0 5672 8 0
420969 0 5680 8 0
421925 0 5688 8 0
425092 0 5696 8 0
426290 0 5704 8 0
427549 0 5712 8 0
428637 0 5720 8 0
429971 0 5728 8 0
430974 0 5736 8 0
432045 0 5744 8 0
433338 0 5752 8 0
434294 0 5760 8 0
435168 0 5768 8 0
435960 0 5776 8 0
9288719 0 4194432 8 0
10625632 0 4194568 8 0
10658963 0 4194576 8 0
10660450 0 4194584 8 0
10661435 0 4194592 8 0
10662479 0 4194600 8 0
10664162 0 4194608 8 0
10665353 0 4194616 8 0
10666401 0 4194624 8 0
10667348 0 4194632 8 0
10668217 0 4194640 8 0
10670250 0 4194648 8 0
10671223 0 4194656 8 0
10672362 0 4194664 8 0
10673762 0 4194672 8 0
10675182 0 4194680 8 0
10676385 0 4194688 8 0
10677508 0 4194696 8 0
10678449 0 4194704 8 0
10679890 0 4194712 8 0
10680932 0 4194720 8 0
10681894 0 4194728 8 0
10682739 0 4194736 8 0
10683661 0 4194744 8 0
10684645 0 4194752 8 0
10686234 0 4194760 8 0
10687120 0 4194768 8 0
10688068 0 4194776 8 0
10688913 0 4194784 8 0
10689758 0 4194792 8 0
10690994 0 4194800 8 0
10695374 0 4194808 8 0
10696503 0 4194816 8 0
10696853 0 4194560 8 0
23511377 0 4194304 8 0
47435875 0 265424 8 0
59106964 0 264616 8 0
60535539 0 68520 8 0
61629645 0 2816 8 0
61637232 0 2824 8 0
61638604 0 2832 8 0
61639918 0 2840 8 0
61641054 0 2848 8 0
61642303 0 2856 8 0
61643443 0 2864 8 0
61644632 0 2872 8 0
61646320 0 2888 8 0
61648002 0 2896 8 0
61650746 0 2904 8 0
61652182 0 2912 8 0
61653844 0 2920 8 0
61655464 0 2928 8 0
61656545 0 2936 8 0
61657705 0 2944 8 0
61658945 0 2952 8 0
61660198 0 2960 8 0
61661469 0 2968 8 0
61662812 0 2976 8 0
61664462 0 2984 8 0
61665877 0 2992 8 0
61668199 0 3000 8 0
61669621 0 3008 8 0
61671909 0 3016 8 0
61673638 0 3024 8 0
61675069 0 3032 8 0
61676856 0 3040 8 0
61678312 0 3048 8 0
61683184 0 3056 8 0
61684506 0 3064 8 0
61686019 0 3072 8 0
61686747 0 2880 8 0
61717648 0 69136 8 0
63230850 0 69184 8 0
64359472 0 69144 8 0
65723828 0 69216 8 0
67390027 0 68528 8 0
71096498 0 68488 8 0
73936762 0 4260104 8 0
75373101 0 4459584 32 0
78265441 0 68424 8 0
79382063 0 4260120 8 0
83058794 0 4194832 8 0
83066682 0 4194840 8 0
83071987 0 4194848 8 0
83076964 0 4194856 8 0
83084910 0 4194864 8 0
83092898 0 4194872 8 0
83099713 0 4194880 8 0
83106844 0 4194888 8 0
83113785 0 4194896 8 0
83121187 0 4194904 8 0
83125812 0 4194912 8 0
83130142 0 4194920 8 0
83134230 0 4194928 8 0
83139461 0 4194936 8 0
83143518 0 4194944 8 0
83147802 0 4194952 8 0
83151839 0 4194960 8 0
83156863 0 4194968 8 0
83164851 0 4194976 8 0
83172035 0 4194984 8 0
83180572 0 4194992 8 0
83188619 0 4195000 8 0
83196339 0 4195008 8 0
83201711 0 4195016 8 0
83206115 0 4195024 8 0
83210378 0 4195032 8 0
83214684 0 4195040 8 0
83219723 0 4195048 8 0
83261868 0 4195056 8 0
83272431 0 4195064 8 0
83278638 0 4195072 8 0
83282437 0 4194824 8 0
83293006 0 4260496 8 0
84626495 0 4500752 32 0
87852595 0 4459616 32 0
87993958 0 4500888 144 0
95307224 0 4500784 104 0
95621226 0 265120 16 0
105285900 0 4502152 32 0
105338258 0 4505384 152 0
110205715 0 4502200 248 0
110245263 0 4502448 8 0
110304140 0 4502456 248 0
110341694 0 4502704 8 0
110360400 0 4502184 16 0
110418995 0 4503088 248 0
110487847 0 4503336 8 0
115475543 0 4503368 248 0
115655902 0 4503616 8 0
118240021 0 4504840 248 0
118246174 0 4505088 8 0
135827547 0 4504288 248 0
135868682 0 4504536 8 0
135955275 0 4503856 248 0
136810490 0 4504104 8 0
136967931 0 4504664 176 0
137075738 0 4502944 144 0
210937033 0 3932160 8 1
210973691 0 3932168 8 1
210992067 0 3932176 8 1
210992521 0 3932184 8 1
210993081 0 3932192 8 1
210993434 0 3932200 8 1
210993784 0 3932208 8 1
210994042 0 3932216 8 1
210994457 0 3932224 8 1
210994949 0 3932232 8 1
210995403 0 3932240 8 1
210995750 0 3932248 8 1
210996172 0 3932256 8 1
210996613 0 3932264 8 1
210997422 0 3932272 8 1
210997873 0 3932280 8 1
210998295 0 3932288 8 1
211044863 0 3932296 8 1
216606335 0 0 8 1
216614886 0 8 8 1
216619663 0 2312 8 1
216624619 0 2352 8 1
216629428 0 2384 8 1
216633824 0 2408 8 1
216638875 0 2472 8 1
216643348 0 67848 8 1
216647966 0 4194304 8 1
216653181 0 4194432 8 1
216657848 0 4194560 8 1
216662378 0 4194568 8 1
216666628 0 4194832 8 1
216671070 0 4194840 8 1
218988844 0 3932160 8 1
219970935 0 3932160 8 1
220853685 0 0 8 1
