0 0 67848 8 0
55919 0 6416 8 0
69070 0 6424 8 0
71183 0 6432 8 0
72775 0 6440 8 0
74298 0 6448 8 0
75648 0 6456 8 0
76890 0 6464 8 0
78094 0 6472 8 0
79183 0 6480 8 0
83056 0 6488 8 0
84188 0 6496 8 0
85217 0 6504 8 0
86314 0 6512 8 0
87479 0 6520 8 0
88816 0 6528 8 0
90979 0 6536 8 0
92175 0 6544 8 0
93508 0 6552 8 0
94641 0 6560 8 0
95645 0 6568 8 0
96651 0 6576 8 0
97673 0 6584 8 0
98614 0 6592 8 0
99514 0 6600 8 0
100882 0 6608 8 0
102132 0 6616 8 0
103378 0 6624 8 0
104812 0 6632 8 0
106010 0 6640 8 0
107838 0 6648 8 0
109428 0 6656 8 0
110558 0 6664 8 0
111985 0 6408 8 0
15954231 0 67912 8 0
16058224 0 9216 8 0
16064156 0 9224 8 0
16065281 0 9232 8 0
16066598 0 9240 8 0
16067911 0 9248 8 0
16069189 0 9256 8 0
16070471 0 9264 8 0
16073113 0 9272 8 0
16074241 0 9280 8 0
16075428 0 9288 8 0
16077067 0 9296 8 0
16078584 0 9304 8 0
16080449 0 9312 8 0
16084570 0 9320 8 0
16085551 0 9328 8 0
16086693 0 9336 8 0
16087792 0 9344 8 0
16088870 0 9352 8 0
16089973 0 9360 8 0
16090802 0 9368 8 0
21735109 0 4194432 8 0
23196735 0 4194568 8 0
23203966 0 4194576 8 0
23206885 0 4194584 8 0
23208557 0 4194592 8 0
23209701 0 4194600 8 0
23210842 0 4194608 8 0
23211989 0 4194616 8 0
23213148 0 4194624 8 0
23214182 0 4194632 8 0
23215101 0 4194640 8 0
23216182 0 4194648 8 0
23217099 0 4194656 8 0
23218178 0 4194664 8 0
23219217 0 4194672 8 0
23220452 0 4194680 8 0
23221423 0 4194688 8 0
23223001 0 4194696 8 0
23223929 0 4194704 8 0
23224963 0 4194712 8 0
23226801 0 4194720 8 0
23228000 0 4194728 8 0
23229351 0 4194736 8 0
23230718 0 4194744 8 0
23231951 0 4194752 8 0
23233001 0 4194760 8 0
23234044 0 4194768 8 0
23235062 0 4194776 8 0
23236173 0 4194784 8 0
23237203 0 4194792 8 0
23241069 0 4194800 8 0
23243037 0 4194808 8 0
23244780 0 4194816 8 0
23245229 0 4194560 8 0
73122648 0 4459304 32 0
76665482 0 68424 8 0
78120357 0 4260120 8 0
79379960 0 4194832 8 0
79386083 0 4194840 8 0
79391774 0 4194848 8 0
79395681 0 4194856 8 0
79399447 0 4194864 8 0
79403156 0 4194872 8 0
79407127 0 4194880 8 0
79411039 0 4194888 8 0
79415112 0 4194896 8 0
79418616 0 4194904 8 0
79422595 0 4194912 8 0
79426450 0 4194920 8 0
79430132 0 4194928 8 0
79433838 0 4194936 8 0
79437681 0 4194944 8 0
79441201 0 4194952 8 0
79445719 0 4194960 8 0
79449451 0 4194968 8 0
79453273 0 4194976 8 0
79457149 0 4194984 8 0
79461242 0 4194992 8 0
79465326 0 4195000 8 0
79469426 0 4195008 8 0
79473495 0 4195016 8 0
79478001 0 4195024 8 0
79481956 0 4195032 8 0
79486076 0 4195040 8 0
79490063 0 4195048 8 0
79496075 0 4195056 8 0
79500104 0 4195064 8 0
79505057 0 4195072 8 0
79508577 0 4194824 8 0
79517638 0 4260496 8 0
81309204 0 4513344 32 0
85130797 0 4459416 136 0
38427658 0 4194304 8 0
55209179 0 265424 8 0
57196873 0 264616 8 0
58610562 0 68520 8 0
59818255 0 2816 8 0
59825700 0 2824 8 0
59826720 0 2832 8 0
59827957 0 2840 8 0
59829078 0 2848 8 0
59830281 0 2856 8 0
59831297 0 2864 8 0
59833564 0 2872 8 0
59834935 0 2888 8 0
59836184 0 2896 8 0
59837261 0 2904 8 0
59838213 0 2912 8 0
59839220 0 2920 8 0
59840305 0 2928 8 0
59841373 0 2936 8 0
59842329 0 2944 8 0
59843365 0 2952 8 0
59847245 0 2960 8 0
59848492 0 2968 8 0
59849535 0 2976 8 0
59850843 0 2984 8 0
59852643 0 2992 8 0
59853666 0 3000 8 0
59854989 0 3008 8 0
59856074 0 3016 8 0
59857267 0 3024 8 0
59858411 0 3032 8 0
59860104 0 3040 8 0
59861374 0 3048 8 0
59862557 0 3056 8 0
59863662 0 3064 8 0
59865086 0 3072 8 0
59865838 0 2880 8 0
59907415 0 69136 8 0
61401641 0 69184 8 0
62977760 0 69144 8 0
64256593 0 69216 8 0
65615112 0 68528 8 0
67551149 0 78024 8 0
69132493 0 68488 8 0
71300412 0 4260104 8 0
90295084 0 4513480 144 0
96213859 0 4513376 104 0
96479997 0 694976 32 0
108023251 0 4514816 32 0
108074334 0 4518048 152 0
114490993 0 4514864 248 0
114527368 0 4515112 8 0
114548189 0 4459336 80 0
114810966 0 4515120 248 0
114846284 0 4515368 8 0
114864574 0 4514848 16 0
114909161 0 4515752 248 0
114945188 0 4516000 8 0
129723105 0 4516032 248 0
129772169 0 4516280 8 0
129811435 0 4517504 248 0
129858468 0 4517752 8 0
141922046 0 4516952 248 0
141956110 0 4517200 8 0
142068593 0 4516520 248 0
142100536 0 4516768 8 0
142251894 0 4516288 128 0
142344191 0 4515376 128 0
142395628 0 4517344 160 0
144583445 0 4517208 136 0
144658750 0 8968 8 0
144772387 0 8976 8 0
144774227 0 8984 8 0
144775607 0 8992 8 0
144778127 0 9000 8 0
144779663 0 9008 8 0
144780792 0 9016 8 0
144781936 0 9024 8 0
144783282 0 9032 8 0
144784554 0 9040 8 0
144785673 0 9048 8 0
144786690 0 9056 8 0
144787681 0 9064 8 0
144788625 0 9072 8 0
144789616 0 9080 8 0
144790667 0 9088 8 0
144791490 0 9096 8 0
144792493 0 9104 8 0
144794093 0 9112 8 0
144798052 0 9120 8 0
144799236 0 9128 8 0
144800174 0 9136 8 0
144801224 0 9144 8 0
144803267 0 9152 8 0
144804406 0 9160 8 0
144805406 0 9168 8 0
144806533 0 9176 8 0
144807536 0 9184 8 0
144808428 0 9192 8 0
144809423 0 9200 8 0
144810452 0 9208 8 0
144811709 0 8960 8 0
154375147 0 885888 8 0
155884551 0 6144 8 0
155930911 0 6152 8 0
155932914 0 6160 8 0
155934285 0 6168 8 0
155935585 0 6176 8 0
155936987 0 6184 8 0
155938261 0 6192 8 0
155939395 0 6200 8 0
155940681 0 6208 8 0
155943485 0 6216 8 0
155945446 0 6232 8 0
155946859 0 6240 8 0
155948283 0 6248 8 0
155949894 0 6256 8 0
155951450 0 6264 8 0
155952917 0 6272 8 0
155954684 0 6280 8 0
155961593 0 6288 8 0
155963870 0 6296 8 0
155965721 0 6304 8 0
155967489 0 6312 8 0
155969304 0 6320 8 0
155971168 0 6328 8 0
155974295 0 6336 8 0
155976349 0 6344 8 0
155977836 0 6352 8 0
155979451 0 6360 8 0
155981294 0 6368 8 0
155982669 0 6376 8 0
155984506 0 6384 8 0
155986288 0 6392 8 0
155988027 0 6400 8 0
155988651 0 6224 8 0
164825638 0 399936 32 0
168657209 0 69176 8 0
170309454 0 409600 32 0
174189110 0 415112 248 0
174227875 0 415360 8 0
222240997 0 414336 248 0
222269761 0 414584 8 0
259257244 0 409648 248 0
259318920 0 409896 8 0
276111287 0 4593632 32 0
287179293 0 4593696 208 0
302353374 0 4593664 32 0
302758537 0 4514272 32 0
302832313 0 4599304 24 0
320282021 0 4589472 32 0
331270144 0 4591392 136 0
345719672 0 4589504 224 0
361257717 0 4589728 248 0
361293087 0 4589976 8 0
361314716 0 409632 16 0
361666712 0 414592 248 0
361711780 0 414840 8 0
361749066 0 409904 248 0
362027534 0 410152 8 0
362058691 0 414848 248 0
362446442 0 415096 8 0
362502196 0 410160 248 0
362544342 0 410408 8 0
362588428 0 415104 8 0
362675263 0 415368 248 0
362771912 0 410416 248 0
362790112 0 410664 8 0
363071149 0 410936 248 0
363072026 0 411184 8 0
387169816 0 2576 8 0
387182602 0 2584 8 0
387190040 0 2592 8 0
387197905 0 2600 8 0
387205245 0 2608 8 0
387211402 0 2616 8 0
387215857 0 2624 8 0
387220115 0 2632 8 0
387233204 0 2648 8 0
387239719 0 2656 8 0
387246727 0 2664 8 0
387253948 0 2672 8 0
387260244 0 2680 8 0
387267126 0 2688 8 0
387274183 0 2696 8 0
387281451 0 2704 8 0
387288458 0 2712 8 0
387293281 0 2720 8 0
387297512 0 2728 8 0
387302617 0 2736 8 0
387306733 0 2744 8 0
387310556 0 2752 8 0
387317620 0 2760 8 0
387323914 0 2768 8 0
387331916 0 2776 8 0
387338680 0 2784 8 0
387345224 0 2792 8 0
387351725 0 2800 8 0
387358838 0 2808 8 0
387364889 0 2640 8 0
387379666 0 68552 8 0
400410945 0 68664 8 0
405025234 0 4515536 216 0
405103532 0 69224 8 0
406895996 0 3328 8 0
406903362 0 3336 8 0
406908121 0 3344 8 0
406912784 0 3352 8 0
406918876 0 3368 8 0
406926542 0 3376 8 0
406933953 0 3384 8 0
406940691 0 3392 8 0
406951377 0 3400 8 0
406958438 0 3408 8 0
406967418 0 3416 8 0
406972297 0 3424 8 0
406976771 0 3432 8 0
406980778 0 3440 8 0
406984938 0 3448 8 0
406989073 0 3456 8 0
406993007 0 3464 8 0
406996962 0 3472 8 0
407003653 0 3480 8 0
407011410 0 3488 8 0
407017832 0 3496 8 0
407024151 0 3504 8 0
407030404 0 3512 8 0
407036860 0 3520 8 0
407044941 0 3528 8 0
407051315 0 3536 8 0
407055727 0 3544 8 0
407059973 0 3552 8 0
407064003 0 3560 8 0
407068609 0 3568 8 0
407072969 0 3576 8 0
407077039 0 3584 8 0
407080543 0 3360 8 0
407094697 0 70456 8 0
408501253 0 68672 8 0
410198627 0 302440 8 0
421347435 0 68832 8 0
423013138 0 78376 8 0
426259075 0 68848 8 0
427937366 0 68864 8 0
429799285 0 314344 56 0
435776216 0 296816 8 0
438733633 0 302464 8 0
440100489 0 296440 8 0
441548636 0 297848 8 0
443434764 0 302456 8 0
444965885 0 68680 8 0
446473172 0 296824 8 0
448584430 0 297840 8 0
450046825 0 299200 248 0
450080095 0 299448 8 0
461444788 0 301496 248 0
461524757 0 301744 8 0
499892944 0 302000 136 0
499980525 0 302472 8 0
502858716 0 302448 8 0
502899126 0 302136 248 0
503149659 0 302384 8 0
503188410 0 412624 248 0
503244518 0 412872 8 0
503313433 0 413648 248 0
503398649 0 413896 8 0
503421262 0 412464 160 0
503540435 0 413320 248 0
503581532 0 413568 8 0
503629149 0 412040 248 0
503681547 0 412288 8 0
503712391 0 411192 184 0
503787139 0 411712 248 0
503824523 0 411960 8 0
503853768 0 411376 248 0
503889885 0 411624 8 0
503993308 0 410696 240 0
504072380 0 413904 248 0
504109747 0 414152 8 0
504391100 0 412880 248 0
504430218 0 413128 8 0
504611449 0 412296 168 0
505444776 0 410672 24 0
505501239 0 4516008 24 0
505628553 0 75544 8 0
529555495 0 6672 8 0
529570078 0 6680 8 0
529575522 0 6688 8 0
529580123 0 6696 8 0
529584982 0 6704 8 0
529589729 0 6720 8 0
529593936 0 6728 8 0
529598072 0 6736 8 0
529602212 0 6744 8 0
529608370 0 6752 8 0
529612753 0 6760 8 0
529616752 0 6768 8 0
529620873 0 6776 8 0
529624997 0 6784 8 0
529629268 0 6792 8 0
529633763 0 6800 8 0
529637861 0 6808 8 0
529641786 0 6816 8 0
529646018 0 6824 8 0
529649852 0 6832 8 0
529653595 0 6840 8 0
529657641 0 6848 8 0
529661556 0 6856 8 0
529665517 0 6864 8 0
529669415 0 6872 8 0
529673368 0 6880 8 0
529677976 0 6888 8 0
529681756 0 6896 8 0
529685489 0 6904 8 0
529690236 0 6912 8 0
529693794 0 6712 8 0
529907302 0 411632 80 0
530023798 0 4516416 104 0
531015872 0 414160 176 0
532453799 0 413136 184 0
533475689 0 4515504 32 0
534578014 0 75792 8 0
563569941 0 75800 8 0
574004036 0 890904 8 0
592577659 0 75552 8 0
594293378 0 886528 72 0
633040685 0 890912 16 0
664921756 0 413576 72 0
665189081 0 890968 8 0
667609844 0 890960 8 0
673890489 0 887208 8 0
695201416 0 886096 16 0
734174357 0 886064 24 0
739005466 0 885920 8 0
740842500 0 6920 8 0
740854613 0 6928 8 0
740859561 0 6936 8 0
740864381 0 6944 8 0
740868942 0 6960 8 0
740873130 0 6968 8 0
740876998 0 6976 8 0
740881199 0 6984 8 0
740885295 0 6992 8 0
740889209 0 7000 8 0
740892781 0 7008 8 0
740896629 0 7016 8 0
740900513 0 7024 8 0
740905291 0 7032 8 0
740909147 0 7040 8 0
740913142 0 7048 8 0
740917157 0 7056 8 0
740921268 0 7064 8 0
740925695 0 7072 8 0
740929702 0 7080 8 0
740933643 0 7088 8 0
740937591 0 7096 8 0
741047568 0 7104 8 0
741054808 0 7112 8 0
741059199 0 7120 8 0
741063095 0 7128 8 0
741066862 0 7136 8 0
741070771 0 7144 8 0
741074961 0 7152 8 0
741079132 0 7160 8 0
741084220 0 7168 8 0
741087634 0 6952 8 0
741223492 0 888528 40 0
747217249 0 888000 64 0
753934686 0 888184 8 0
756019795 0 887752 24 0
756341798 0 886456 8 0
758181334 0 885928 48 0
765431358 0 885976 8 0
766385344 0 889016 40 0
770259424 0 886024 40 0
771098689 0 68464 8 0
773136523 0 76112 8 0
774784694 0 76080 8 0
776564200 0 75936 8 0
780818912 0 411968 72 0
781250924 0 888416 32 0
781575494 0 888728 24 0
786503222 0 888768 40 0
789072222 0 888752 16 0
789784132 0 886704 16 0
790144627 0 4196096 8 0
790156181 0 4196104 8 0
790161050 0 4196112 8 0
790165166 0 4196120 8 0
790169371 0 4196128 8 0
790173233 0 4196136 8 0
790177489 0 4196144 8 0
790182203 0 4196152 8 0
790186625 0 4196160 8 0
790190341 0 4196168 8 0
790194436 0 4196176 8 0
790198397 0 4196184 8 0
790202390 0 4196192 8 0
790206052 0 4196200 8 0
790210127 0 4196208 8 0
790214276 0 4196224 8 0
790218200 0 4196232 8 0
790222109 0 4196240 8 0
790227741 0 4196248 8 0
790231997 0 4196256 8 0
790235728 0 4196264 8 0
790240452 0 4196272 8 0
790294595 0 4196280 8 0
790295746 0 4196288 8 0
790296799 0 4196296 8 0
790297909 0 4196304 8 0
790299229 0 4196312 8 0
790300574 0 4196320 8 0
790301872 0 4196328 8 0
790303344 0 4196336 8 0
790304577 0 4196344 8 0
790306712 0 4196352 8 0
790307219 0 4196216 8 0
794102914 0 4262608 8 0
796474822 0 4262616 8 0
798954543 0 4524024 8 0
799210120 0 4198912 8 0
799256014 0 4198920 8 0
799257526 0 4198928 8 0
799258780 0 4198936 8 0
799260140 0 4198944 8 0
799261387 0 4198952 8 0
799262581 0 4198960 8 0
799263717 0 4198968 8 0
799264840 0 4198976 8 0
799265832 0 4198984 8 0
799266842 0 4198992 8 0
799271151 0 4199000 8 0
799273090 0 4199008 8 0
799274889 0 4199016 8 0
799276054 0 4199024 8 0
799277158 0 4199032 8 0
799278352 0 4199040 8 0
799279760 0 4199056 8 0
799281277 0 4199064 8 0
799282373 0 4199072 8 0
799283650 0 4199080 8 0
799284814 0 4199088 8 0
799285845 0 4199096 8 0
799287008 0 4199104 8 0
799288009 0 4199112 8 0
799289100 0 4199120 8 0
799290702 0 4199128 8 0
799291593 0 4199136 8 0
799292506 0 4199144 8 0
799293399 0 4199152 8 0
799294231 0 4199160 8 0
799295149 0 4199168 8 0
799296406 0 4199048 8 0
809118350 0 4279376 8 0
810806073 0 4279384 8 0
814513442 0 4675264 8 0
817341554 0 4676056 8 0
818980207 0 885904 16 0
821962705 0 886752 112 0
822689874 0 567648 32 0
825981769 0 567680 152 0
831659739 0 265168 8 0
837903835 0 564160 32 0
842025847 0 564192 224 0
847289333 0 564416 88 0
848124446 0 553184 32 0
854526561 0 553224 248 0
854592296 0 553472 8 0
859704559 0 553216 8 0
859770225 0 553480 248 0
860290660 0 888928 88 0
860760806 0 7424 8 0
860780526 0 7432 8 0
860785837 0 7440 8 0
860790572 0 7448 8 0
860794731 0 7456 8 0
860798519 0 7464 8 0
860803319 0 7472 8 0
860807241 0 7480 8 0
860812326 0 7488 8 0
860816502 0 7496 8 0
860820641 0 7504 8 0
860824875 0 7512 8 0
860829005 0 7520 8 0
860833516 0 7536 8 0
860837372 0 7544 8 0
860841249 0 7552 8 0
860845299 0 7560 8 0
860849434 0 7568 8 0
860853673 0 7576 8 0
860857617 0 7584 8 0
860861286 0 7592 8 0
860865768 0 7600 8 0
860870573 0 7608 8 0
860877065 0 7616 8 0
860881699 0 7624 8 0
860885819 0 7632 8 0
860890172 0 7640 8 0
860894267 0 7648 8 0
860898041 0 7656 8 0
860901925 0 7664 8 0
860906089 0 7672 8 0
860910037 0 7680 8 0
860913755 0 7528 8 0
861025658 0 889472 24 0
867294107 0 559736 32 0
870944198 0 559768 64 0
871278223 0 567272 32 0
878085560 0 567304 120 0
881020497 0 888464 40 0
881310897 0 75576 8 0
883574730 0 75584 8 0
885450285 0 889632 96 0
890310064 0 887808 32 0
890945111 0 887440 8 0
891241021 0 887232 32 0
891743148 0 551240 32 0
895044975 0 551272 72 0
897901050 0 888448 16 0
899951565 0 889280 80 0
900563234 0 889400 24 0
902553664 0 887448 8 0
902880648 0 889360 40 0
903296926 0 888504 8 0
905551325 0 4675824 16 0
909143049 0 887072 48 0
909650093 0 888880 16 0
910017651 0 889496 40 0
911784263 0 4198656 8 0
911829352 0 4198664 8 0
911831507 0 4198672 8 0
911833066 0 4198680 8 0
911834470 0 4198688 8 0
911835594 0 4198696 8 0
911836633 0 4198704 8 0
911840745 0 4198712 8 0
911842100 0 4198720 8 0
911843472 0 4198728 8 0
911844894 0 4198736 8 0
911846518 0 4198752 8 0
911847662 0 4198760 8 0
911848687 0 4198768 8 0
911850680 0 4198776 8 0
911851967 0 4198784 8 0
911853085 0 4198792 8 0
911854216 0 4198800 8 0
911855211 0 4198808 8 0
911856240 0 4198816 8 0
911857220 0 4198824 8 0
911858135 0 4198832 8 0
911859202 0 4198840 8 0
911860297 0 4198848 8 0
911861342 0 4198856 8 0
911862300 0 4198864 8 0
911863153 0 4198872 8 0
911864329 0 4198880 8 0
911866292 0 4198888 8 0
911867303 0 4198896 8 0
911868202 0 4198904 8 0
911869341 0 4198744 8 0
922726775 0 4278784 8 0
924281597 0 4278792 8 0
925588879 0 4663840 8 0
927202349 0 4278944 8 0
928627624 0 4278952 8 0
930543847 0 4665056 32 0
934167850 0 75904 8 0
935792362 0 75912 8 0
937209827 0 891464 8 0
937537540 0 887944 40 0
941255966 0 891472 16 0
941565625 0 886344 24 0
942108824 0 891184 8 0
942420952 0 4262624 8 0
942617267 0 4262632 8 0
942643618 0 4524312 8 0
942942916 0 4524320 16 0
943206377 0 4663856 16 0
947225527 0 4675904 56 0
953832151 0 4675584 24 0
957765693 0 887456 80 0
959063451 0 532040 248 0
959109543 0 532288 200 0
998265632 0 2192 8 0
998810208 0 887776 32 0
1003579250 0 4590248 248 0
1003619365 0 4590496 8 0
1003638799 0 4590504 200 0
1003941111 0 553952 32 0
1003993492 0 554488 248 0
1004027993 0 554736 8 0
1004058708 0 553984 248 0
1004092323 0 554232 8 0
1004130990 0 554240 248 0
1005767856 0 4675648 32 0
1006139630 0 886688 16 0
1006868362 0 4675520 8 0
1008730410 0 887288 152 0
1009548418 0 886272 32 0
1010087491 0 887008 32 0
1010471790 0 887536 16 0
1010803154 0 558800 32 0
1014324545 0 558832 8 0
1020965304 0 77544 8 0
1022799059 0 77552 8 0
1024475615 0 898848 8 0
1026238674 0 898880 64 0
1035460871 0 4675272 8 0
1037147319 0 889192 48 0
1037540165 0 888576 64 0
1037974495 0 886248 8 0
1038278539 0 889056 136 0
1039982117 0 888344 8 0
1040225054 0 561816 32 0
1067798156 0 561848 224 0
1073040484 0 562072 40 0
1073536407 0 564096 32 0
1079575722 0 564128 32 0
1080490597 0 886368 32 0
1081581501 0 549288 32 0
1084857898 0 4514056 32 0
1084893950 0 4514088 104 0
1084984972 0 549320 64 0
1086495659 0 888368 40 0
1087494338 0 887216 16 0
1087786874 0 557648 32 0
1091617368 0 557680 112 0
1093954341 0 5888 8 0
1093991623 0 5896 8 0
1093994337 0 5904 8 0
1093995442 0 5912 8 0
1093996518 0 5920 8 0
1093997813 0 5928 8 0
1094001563 0 5936 8 0
1094002681 0 5944 8 0
1094003931 0 5952 8 0
1094005798 0 5960 8 0
1094006923 0 5968 8 0
1094008126 0 5976 8 0
1094009052 0 5984 8 0
1094010103 0 5992 8 0
1094011341 0 6000 8 0
1094012394 0 6008 8 0
1094014312 0 6016 8 0
1094015590 0 6024 8 0
1094016673 0 6032 8 0
1094017682 0 6040 8 0
1094018839 0 6056 8 0
1094019864 0 6064 8 0
1094020860 0 6072 8 0
1094021850 0 6080 8 0
1094022702 0 6088 8 0
1094024395 0 6096 8 0
1094025636 0 6104 8 0
1094026835 0 6112 8 0
1094027758 0 6120 8 0
1094028850 0 6128 8 0
1094030415 0 6136 8 0
1094031413 0 6048 8 0
1100998628 0 520320 32 0
1104577059 0 520952 136 0
1109987919 0 520352 224 0
1117931250 0 78368 8 0
1120063407 0 514688 32 0
1124803611 0 518584 136 0
1132553149 0 514920 248 0
1132595435 0 515168 8 0
1142083134 0 518232 248 0
1142124816 0 518480 8 0
1153929071 0 515176 248 0
1153969094 0 515424 8 0
1153996342 0 518488 96 0
1154029221 0 515432 248 0
1154221268 0 515680 8 0
1154320625 0 514720 200 0
1160594212 0 515688 248 0
1160635461 0 515936 8 0
1161276557 0 520576 248 0
1161319676 0 520824 8 0
1161559722 0 517432 248 0
1161565737 0 517680 8 0
1167570221 0 516696 248 0
1167602963 0 516944 8 0
1167641575 0 517688 248 0
1167801005 0 516000 248 0
1167841619 0 516248 8 0
1167908615 0 516344 248 0
1167947946 0 516592 8 0
1168092184 0 516600 96 0
1168629624 0 516984 248 0
1168663661 0 517232 8 0
1168850150 0 517240 192 0
1169007635 0 516256 88 0
1170152894 0 551344 32 0
1170233050 0 551376 40 0
1171249447 0 4675840 16 0
1171690517 0 4524352 32 0
1172084744 0 4262656 8 0
1172236939 0 4262664 8 0
1172264409 0 4524400 16 0
1172799083 0 4524088 24 0
1173426537 0 4665088 56 0
1174028325 0 886112 136 0
1175158838 0 889248 32 0
1176594046 0 887136 32 0
1177713349 0 887840 104 0
1178473547 0 69192 8 0
1198481212 0 4278832 8 0
1200915973 0 4278840 8 0
1202879997 0 4664248 8 0
1204992645 0 4664256 16 0
1207162417 0 4664280 8 0
1207486088 0 4675752 8 0
1210693405 0 4278848 8 0
1210905278 0 4278856 8 0
1210932756 0 4664288 8 0
1211293151 0 4664296 8 0
1211563007 0 4664272 8 0
1211757139 0 4278864 8 0
1211896538 0 4278872 8 0
1212748478 0 4664336 8 0
1213061124 0 4664352 16 0
1213443659 0 4664344 8 0
1213727090 0 4664368 8 0
1214061924 0 4665144 8 0
1214310315 0 4675968 16 0
1214581567 0 4279008 8 0
1218179235 0 4279016 8 0
1218206394 0 4666576 8 0
1220373052 0 4663888 8 0
1220492359 0 4279216 8 0
1220634782 0 4279224 8 0
1220660414 0 4672024 8 0
1222552090 0 4672064 24 0
1227657411 0 4666624 32 0
1233880808 0 4675792 16 0
1234110246 0 76032 8 0
1236234719 0 76040 8 0
1239560522 0 892416 128 0
1241383635 0 888864 16 0
1244279780 0 892544 56 0
1244709413 0 892600 88 0
1245236848 0 888640 40 0
1245785440 0 560144 32 0
1245843345 0 560200 248 0
1245916465 0 560448 8 0
1247771244 0 560176 24 0
1248378866 0 887040 32 0
1253117969 0 888064 96 0
1253865397 0 885984 16 0
1255156863 0 558840 32 0
1255298261 0 558920 248 0
1255352732 0 559168 8 0
1260211854 0 558872 48 0
1260293796 0 559176 208 0
1260853454 0 888320 24 0
1261692461 0 888680 48 0
1264044466 0 4278912 8 0
1264200940 0 4278920 8 0
1264230183 0 4664800 16 0
1264559354 0 4664776 8 0
1264837651 0 4664832 32 0
1265337352 0 887712 40 0
1265863129 0 75760 8 0
1267571968 0 75768 8 0
1269110373 0 890520 8 0
1269475292 0 890656 24 0
1269774702 0 890576 8 0
1270041393 0 886304 40 0
1270412704 0 563544 32 0
1273559412 0 563576 136 0
1275850041 0 4599424 32 0
1275893537 0 4599504 136 0
1282994946 0 4599456 48 0
1283479741 0 890864 16 0
1286831481 0 890688 16 0
1287729536 0 890584 8 0
1288000236 0 888352 16 0
1288393137 0 537512 40 0
1294971483 0 890880 24 0
1295294584 0 890592 32 0
1296112713 0 886400 56 0
1298399038 0 890728 40 0
1299858433 0 890768 80 0
1300450704 0 888568 8 0
1300779466 0 890624 32 0
1301342087 0 890560 16 0
1302046958 0 890680 8 0
1302350901 0 75776 8 0
1302583142 0 75784 8 0
1303055084 0 537760 8 0
1305791129 0 537776 8 0
1308080612 0 537792 8 0
1308639818 0 537784 8 0
1309274922 0 537800 8 0
1310013771 0 4279408 8 0
1310161881 0 4279416 8 0
1310188973 0 4677096 8 0
1311862296 0 4677120 88 0
1317580130 0 4663920 40 0
1322227581 0 4279264 8 0
1322390193 0 4279272 8 0
1322417669 0 4672928 8 0
1324531474 0 4672936 8 0
1326325244 0 75848 8 0
1326473955 0 75856 8 0
1326500530 0 891136 8 0
1326805962 0 891144 40 0
1332238739 0 4673064 40 0
1335645806 0 888160 24 0
1336077760 0 4663904 16 0
1339015022 0 75920 8 0
1339262029 0 75928 8 0
1339290329 0 891488 24 0
1339609973 0 891512 24 0
1340174048 0 891192 8 0
1340458788 0 557792 32 0
1340578996 0 557824 224 0
1340646628 0 558048 72 0
1341762616 0 891536 24 0
1342639810 0 569536 32 0
1348271355 0 569568 160 0
1355301710 0 4675304 8 0
1360283160 0 4675360 16 0
1364415815 0 545328 16 0
1370186835 0 4278880 8 0
1370412628 0 4278888 8 0
1370447186 0 4664440 8 0
1370922987 0 4664448 16 0
1371343709 0 4664520 8 0
1371930645 0 4664544 16 0
1372349354 0 4664528 16 0
1372766611 0 4664512 8 0
1373601498 0 4673024 40 0
1378904008 0 886464 64 0
1379484262 0 890848 16 0
1379741563 0 890704 24 0
1380880618 0 75832 8 0
1381235661 0 75840 8 0
1381263513 0 890976 8 0
1381585768 0 890984 120 0
1383540692 0 4675384 48 0
1392229591 0 4676000 32 0
1392833959 0 567832 32 0
1392908872 0 569200 248 0
1392981129 0 569448 8 0
1397622063 0 569032 168 0
1397704270 0 567864 248 0
1397756381 0 568112 8 0
1398173307 0 887168 40 0
1398994332 0 4675888 16 0
1399509358 0 4279392 8 0
1399852234 0 4279400 8 0
1399885338 0 4676912 16 0
1406508022 0 4675504 16 0
1418981585 0 4673104 40 0
1419599488 0 4278976 8 0
1419822542 0 4278984 8 0
1419864509 0 4666208 16 0
1425451216 0 4666224 16 0
1425925932 0 4279168 8 0
1426139581 0 4279176 8 0
1426175837 0 4669320 8 0
1428386377 0 4669696 120 0
1435653965 0 4666592 16 0
1439307090 0 4279200 8 0
1439460287 0 4279208 8 0
1439487924 0 4671288 8 0
1487659442 0 269368 8 0
1441252818 0 4671392 16 0
1444692736 0 4671384 8 0
1446699363 0 4671544 24 0
1449814536 0 4669816 24 0
1450037134 0 4279024 8 0
1450178801 0 4279032 8 0
1450203985 0 4666584 8 0
1452147049 0 4666656 16 0
1452705331 0 4676032 24 0
1454085660 0 4669440 8 0
1457240870 0 4676064 16 0
1459107034 0 4671408 136 0
1462851409 0 4669328 16 0
1466593191 0 4669472 80 0
1472671086 0 4279184 8 0
1472889929 0 4279192 8 0
1472933308 0 4670296 152 0
1478352755 0 889424 48 0
1478883574 0 75632 8 0
1480559033 0 75640 8 0
1482402840 0 889728 40 0
1483067460 0 551896 32 0
1483243164 0 552064 248 0
1483294091 0 552312 8 0
1483357827 0 551928 136 0
1485764952 0 889768 8 0
1486622766 0 889776 16 0
1490299300 0 269376 32 0
1511541459 0 4598744 32 0
1519919118 0 4598776 8 0
1520568408 0 4669576 40 0
1521957722 0 4279232 8 0
1522172380 0 4279240 8 0
1522241832 0 4672176 8 0
1522710740 0 4672184 88 0
1529046150 0 4663960 24 0
1529486510 0 4675496 8 0
1529812879 0 4675760 16 0
1492341550 0 270976 136 0
1499640193 0 269408 224 0
1506315497 0 269872 248 0
1506341054 0 270120 8 0
1508569858 0 270632 248 0
1508573766 0 270880 8 0
1510268635 0 270200 248 0
1510300856 0 270448 8 0
1510320486 0 270456 176 0
1510388678 0 269632 144 0
1510433557 0 270888 88 0
1510478811 0 269776 96 0
1510649500 0 270128 72 0
1768428156 0 4672448 16 0
1768891095 0 4675680 32 0
1769385372 0 4675728 24 0
1771923926 0 4675712 16 0
1772282701 0 891104 32 0
1773334946 0 886000 24 0
1783336781 0 4672464 72 0
1783993074 0 4675536 16 0
1784370661 0 4675456 32 0
1784746972 0 4675432 8 0
1787146586 0 4675488 8 0
1787829822 0 4675856 8 0
1789383407 0 4675440 16 0
1792981256 0 4675528 8 0
1796562970 0 4672272 48 0
1797636105 0 4672320 32 0
1798394230 0 4672352 80 0
1802617206 0 4671584 32 0
1803788273 0 4669448 24 0
1811208337 0 4669840 8 0
1812418371 0 4669616 24 0
1813363991 0 4669344 96 0
1818724112 0 4670496 168 0
1821410053 0 4669640 56 0
1821953522 0 886088 8 0
1822284177 0 549216 32 0
1829659061 0 549248 40 0
1829958001 0 4670448 8 0
1832375331 0 4670456 8 0
1832732547 0 4670464 32 0
1833167733 0 4664464 8 0
1833501998 0 4664488 24 0
1833889195 0 4664472 8 0
1834211311 0 563960 32 0
1834313094 0 563992 48 0
1834586644 0 4664480 8 0
1835711648 0 4666240 8 0
1836041642 0 4666256 16 0
1837233479 0 4673144 8 0
1837596618 0 4675864 24 0
1838633145 0 4279296 8 0
1838834221 0 4279304 8 0
1838892480 0 4673512 8 0
1839232864 0 4673824 16 0
1839569688 0 4673520 88 0
1840355401 0 4673608 24 0
1844641135 0 4673720 104 0
1845383435 0 4673664 56 0
1845916932 0 4675984 8 0
1848267398 0 4673904 16 0
1848961877 0 4675808 16 0
1849946642 0 4673856 24 0
1850553584 0 4673920 16 0
1852546237 0 4278960 8 0
1852882735 0 4278968 8 0
1853760055 0 4665272 8 0
1854064042 0 4665632 8 0
1854348034 0 4665176 24 0
1854752730 0 4665200 8 0
1855070371 0 4675280 24 0
1855452486 0 889536 96 0
1856325885 0 887680 32 0
1857820798 0 898944 152 0
1858964539 0 891200 64 0
1859664441 0 888808 56 0
1860189313 0 561248 32 0
1886434183 0 561304 248 0
1886444342 0 561552 8 0
1893841621 0 561280 24 0
1894428721 0 520832 120 0
1898917451 0 898856 8 0
1904552631 0 899096 8 0
1909489077 0 4196360 8 0
1909503002 0 4196368 8 0
1909504516 0 4196376 8 0
1909505496 0 4196384 8 0
1909507228 0 4196392 8 0
1909510556 0 4196400 8 0
1909511754 0 4196408 8 0
1909512834 0 4196416 8 0
1909513867 0 4196424 8 0
1909514789 0 4196432 8 0
1909515975 0 4196440 8 0
1909517438 0 4196448 8 0
1909521260 0 4196456 8 0
1909522914 0 4196464 8 0
1909524252 0 4196472 8 0
1909525690 0 4196480 8 0
1909526866 0 4196488 8 0
1909528180 0 4196496 8 0
1909529146 0 4196504 8 0
1909530775 0 4196512 8 0
1909531900 0 4196520 8 0
1909533960 0 4196528 8 0
1909535354 0 4196536 8 0
1909536733 0 4196544 8 0
1909537974 0 4196552 8 0
1909539243 0 4196560 8 0
1909540372 0 4196568 8 0
1909541488 0 4196576 8 0
1909542829 0 4196592 8 0
1909544050 0 4196600 8 0
1909545042 0 4196608 8 0
1909545528 0 4196584 8 0
1909676632 0 4264664 8 0
1916793965 0 4565776 8 0
1919066162 0 4194440 8 0
1920615586 0 4264680 8 0
1922139112 0 4565816 8 0
1924686493 0 4565824 8 0
1927361865 0 4565832 8 0
2007640652 0 2080 8 0
2007701474 0 899448 248 1
2007793658 0 899696 96 1
2007884649 0 899808 32 1
2007909943 0 2064 8 0
2007930643 0 264656 8 1
2007958857 0 265528 8 1
2007980228 0 393904 8 1
2007996416 0 899792 8 1
2008013511 0 899800 8 1
2008035548 0 899840 8 1
2008063281 0 899856 16 1
2008128681 0 4194312 8 0
2010115591 0 4681432 8 1
2010142274 0 4681440 8 1
2010157609 0 4681448 8 1
2010173777 0 4681456 8 1
2010204859 0 3932160 8 1
2010230214 0 3932168 8 1
2010322039 0 3932176 8 1
2010322576 0 3932184 8 1
2010323055 0 3932192 8 1
2010323495 0 3932200 8 1
2010323733 0 3932208 8 1
2010324079 0 3932216 8 1
2010324649 0 3932224 8 1
2010325161 0 3932232 8 1
2010325427 0 3932240 8 1
2010325780 0 3932248 8 1
2010326151 0 3932256 8 1
2010326704 0 3932264 8 1
2010327858 0 3932272 8 1
2010328512 0 3932280 8 1
2010329114 0 3932288 8 1
2010329582 0 3932296 8 1
2010330022 0 3932304 8 1
2010330567 0 3932312 8 1
2010331097 0 3932320 8 1
2010331653 0 3932328 8 1
2010332109 0 3932336 8 1
2010332559 0 3932344 8 1
2010332979 0 3932352 8 1
2010333600 0 3932360 8 1
2010334090 0 3932368 8 1
2010334866 0 3932376 8 1
2010335625 0 3932384 8 1
2010336225 0 3932392 8 1
2010336672 0 3932400 8 1
2010337198 0 3932408 8 1
2010337922 0 3932416 8 1
2010338432 0 3932424 8 1
2010338887 0 3932432 8 1
2010339707 0 3932440 8 1
2010340804 0 3932448 8 1
2010341424 0 3932456 8 1
2010341993 0 3932464 8 1
2010342617 0 3932472 8 1
2010343059 0 3932480 8 1
2010343539 0 3932488 8 1
2010344138 0 3932496 8 1
2010344860 0 3932504 8 1
2010345500 0 3932512 8 1
2010346231 0 3932520 8 1
2010346791 0 3932528 8 1
2010347319 0 3932536 8 1
2010347867 0 3932544 8 1
2010348388 0 3932552 8 1
2010348769 0 3932560 8 1
2010349250 0 3932568 8 1
2010350517 0 3932576 8 1
2010351238 0 3932584 8 1
2010351810 0 3932592 8 1
2010352602 0 3932600 8 1
2010353133 0 3932608 8 1
2010353559 0 3932616 8 1
2010353952 0 3932624 8 1
2010354443 0 3932632 8 1
2010354958 0 3932640 8 1
2010355602 0 3932648 8 1
2010355949 0 3932656 8 1
2010356391 0 3932664 8 1
2010356872 0 3932672 8 1
2010357692 0 3932680 8 1
2010358326 0 3932688 8 1
2010358950 0 3932696 8 1
2010359481 0 3932704 8 1
2010360095 0 3932712 8 1
2010360484 0 3932720 8 1
2010361522 0 3932728 8 1
2010362134 0 3932736 8 1
2010362636 0 3932744 8 1
2010363062 0 3932752 8 1
2010363508 0 3932760 8 1
2010363929 0 3932768 8 1
2010364439 0 3932776 8 1
2010364884 0 3932784 8 1
2010365303 0 3932792 8 1
2010365820 0 3932800 8 1
2010366454 0 3932808 8 1
2010366795 0 3932816 8 1
2010367251 0 3932824 8 1
2010367786 0 3932832 8 1
2010368314 0 3932840 8 1
2010368783 0 3932848 8 1
2010369377 0 3932856 8 1
2010369990 0 3932864 8 1
2010370323 0 3932872 8 1
2010371246 0 3932880 8 1
2010371842 0 3932888 8 1
2010372336 0 3932896 8 1
2010372777 0 3932904 8 1
2010373120 0 3932912 8 1
2010373542 0 3932920 8 1
2010373973 0 3932928 8 1
2010374559 0 3932936 8 1
2010374889 0 3932944 8 1
2010375421 0 3932952 8 1
2010375998 0 3932960 8 1
2010376515 0 3932968 8 1
2010377006 0 3932976 8 1
2010377541 0 3932984 8 1
2010378075 0 3932992 8 1
2010709149 0 3933000 8 1
2024963919 0 0 8 1
2024973717 0 8 8 1
2024979486 0 2064 8 1
2024984494 0 2080 8 1
2024989137 0 2192 8 1
2024994327 0 2312 8 1
2024999129 0 2352 8 1
2025003833 0 2384 8 1
2025008244 0 2408 8 1
2025012675 0 2472 8 1
2025017216 0 2496 8 1
2025021695 0 2664 8 1
2025026398 0 2672 8 1
2025030921 0 2824 8 1
2025038393 0 2880 8 1
2025043027 0 6048 8 1
2025048121 0 6224 8 1
2025053326 0 6280 8 1
2025058027 0 6328 8 1
2025062688 0 6368 8 1
2025067196 0 6432 8 1
2025072104 0 6440 8 1
2025076903 0 6448 8 1
2025080979 0 6528 8 1
2025085624 0 6592 8 1
2025090146 0 6600 8 1
2025094278 0 6608 8 1
2025098540 0 6616 8 1
2025104316 0 6624 8 1
2025109417 0 6632 8 1
2025114010 0 6688 8 1
2025118786 0 6712 8 1
2025123202 0 6736 8 1
2025128138 0 7512 8 1
2025133790 0 8960 8 1
2025138627 0 8968 8 1
2025143148 0 8976 8 1
2025148083 0 8984 8 1
2025152458 0 8992 8 1
2025156593 0 9000 8 1
2025160774 0 9008 8 1
2025164949 0 9024 8 1
2025170285 0 9032 8 1
2025174729 0 9040 8 1
2025179163 0 9080 8 1
2025183856 0 9360 8 1
2025189071 0 9368 8 1
2025193686 0 9376 8 1
2025198578 0 67848 8 1
2025203651 0 75552 8 1
2025208321 0 75768 8 1
2025212547 0 75784 8 1
2025217398 0 4194304 8 1
2025222423 0 4194312 8 1
2025226926 0 4194432 8 1
2025231745 0 4194440 8 1
2025238371 0 4194560 8 1
2025243581 0 4194584 8 1
2025248513 0 4194832 8 1
2025252970 0 4194840 8 1
2025257496 0 4194848 8 1
2025262058 0 4194856 8 1
2025266882 0 4194872 8 1
2025271367 0 4194880 8 1
2025275988 0 4194888 8 1
2025280769 0 4196216 8 1
2025285708 0 4196224 8 1
2025290358 0 4196584 8 1
2025295020 0 4196592 8 1
2025299502 0 4198744 8 1
2025305217 0 4198752 8 1
2025309468 0 4198760 8 1
2025314088 0 4198768 8 1
2025318164 0 4198776 8 1
2025322442 0 4198784 8 1
2025326723 0 4198792 8 1
2025331019 0 4198800 8 1
2025335503 0 4198808 8 1
2025339533 0 4198824 8 1
2025343723 0 4198840 8 1
2025347968 0 4198848 8 1
2025351902 0 4198856 8 1
2025355833 0 4198864 8 1
2025360252 0 4198936 8 1
2025365158 0 4198944 8 1
2025368947 0 4198952 8 1
2025373358 0 4198960 8 1
2025377558 0 4198968 8 1
2025381793 0 4198976 8 1
2025385863 0 4198984 8 1
2025389783 0 4198992 8 1
2025393812 0 4199008 8 1
2025397658 0 4199016 8 1
2025401597 0 4199048 8 1
2025405996 0 4199056 8 1
2025410153 0 4199064 8 1
2025414966 0 4199072 8 1
2025419344 0 4199096 8 1
2025424145 0 4199104 8 1
2025428556 0 4199168 8 1
2025432958 0 4279504 8 1
2025437725 0 4279512 8 1
2044567568 0 3932160 8 1
2045060361 0 3932160 8 1
2046258523 0 0 8 1
