0 0 6416 8 0
110883 0 6424 8 0
112495 0 6432 8 0
113893 0 6440 8 0
115316 0 6448 8 0
117128 0 6456 8 0
118430 0 6464 8 0
119471 0 6472 8 0
120588 0 6480 8 0
121615 0 6488 8 0
122772 0 6496 8 0
124557 0 6504 8 0
127002 0 6512 8 0
128204 0 6520 8 0
129281 0 6528 8 0
130364 0 6536 8 0
131363 0 6544 8 0
132419 0 6552 8 0
133428 0 6560 8 0
134409 0 6568 8 0
135420 0 6576 8 0
136496 0 6584 8 0
137530 0 6592 8 0
138648 0 6600 8 0
139470 0 6608 8 0
140555 0 6616 8 0
145889 0 6624 8 0
148063 0 6632 8 0
149118 0 6640 8 0
150467 0 6648 8 0
151658 0 6656 8 0
152863 0 6664 8 0
153283 0 6408 8 0
37783195 0 67912 8 0
37863890 0 10752 8 0
37908929 0 10760 8 0
37911877 0 10768 8 0
37913482 0 10776 8 0
37914829 0 10784 8 0
37916195 0 10792 8 0
37919691 0 10800 8 0
37921085 0 10808 8 0
37944172 0 10816 8 0
37946148 0 10824 8 0
37947401 0 10832 8 0
37948668 0 10840 8 0
37949806 0 10848 8 0
37950898 0 10856 8 0
37955562 0 10864 8 0
37956831 0 10872 8 0
37958044 0 10880 8 0
37959253 0 10888 8 0
37960379 0 10896 8 0
37961773 0 10904 8 0
37963803 0 10912 8 0
37964953 0 10920 8 0
37966747 0 10928 8 0
37968005 0 10936 8 0
37969191 0 10944 8 0
37970470 0 10952 8 0
37971502 0 10960 8 0
37972137 0 10968 8 0
49485260 0 2200 8 0
49524317 0 2056 8 0
75547880 0 265424 8 0
77358938 0 264616 8 0
79101799 0 68520 8 0
84487498 0 2816 8 0
84498469 0 2824 8 0
84503828 0 2832 8 0
84508288 0 2840 8 0
84512561 0 2848 8 0
84516648 0 2856 8 0
84521006 0 2864 8 0
84525876 0 2872 8 0
84531077 0 2888 8 0
84539353 0 2896 8 0
84546989 0 2904 8 0
84553506 0 2912 8 0
84560367 0 2920 8 0
84569952 0 2928 8 0
84575352 0 2936 8 0
84580155 0 2944 8 0
84584337 0 2952 8 0
84588791 0 2960 8 0
84593432 0 2968 8 0
84597550 0 2976 8 0
84601470 0 2984 8 0
84606071 0 2992 8 0
84613130 0 3000 8 0
84900478 0 3008 8 0
84911837 0 3016 8 0
84922100 0 3024 8 0
84929150 0 3032 8 0
84937114 0 3040 8 0
84943324 0 3048 8 0
84947949 0 3056 8 0
84951905 0 3064 8 0
84956280 0 3072 8 0
84960011 0 2880 8 0
84969898 0 69136 8 0
95134283 0 69184 8 0
97402133 0 69144 8 0
98615903 0 9984 8 0
98658597 0 9992 8 0
98661264 0 10000 8 0
98663386 0 10008 8 0
98665413 0 10016 8 0
98667220 0 10024 8 0
98669143 0 10032 8 0
98671019 0 10040 8 0
98672311 0 10048 8 0
98673401 0 10056 8 0
98675535 0 10064 8 0
98676720 0 10072 8 0
98677720 0 10080 8 0
98678710 0 10088 8 0
98679646 0 10096 8 0
98680978 0 10112 8 0
98685484 0 10120 8 0
98686556 0 10128 8 0
98687591 0 10136 8 0
98688759 0 10144 8 0
98689764 0 10152 8 0
98690827 0 10160 8 0
98691857 0 10168 8 0
98693188 0 10176 8 0
98695074 0 10184 8 0
98695991 0 10192 8 0
98697588 0 10200 8 0
98698828 0 10208 8 0
98699818 0 10216 8 0
98700654 0 10224 8 0
98701586 0 10232 8 0
98702844 0 10240 8 0
98703389 0 10104 8 0
125832653 0 671208 8 0
127709050 0 4194568 8 0
127753691 0 4194576 8 0
127755279 0 4194584 8 0
127756540 0 4194592 8 0
127758045 0 4194600 8 0
127759532 0 4194608 8 0
127760981 0 4194616 8 0
127762452 0 4194624 8 0
127763965 0 4194632 8 0
127766479 0 4194640 8 0
127767761 0 4194648 8 0
127769331 0 4194656 8 0
127770594 0 4194664 8 0
127771814 0 4194672 8 0
127773027 0 4194680 8 0
127774831 0 4194688 8 0
127776613 0 4194696 8 0
127777936 0 4194704 8 0
127779490 0 4194712 8 0
127780736 0 4194720 8 0
127782016 0 4194728 8 0
127783234 0 4194736 8 0
127784868 0 4194744 8 0
127786974 0 4194752 8 0
127788512 0 4194760 8 0
127789851 0 4194768 8 0
127791540 0 4194776 8 0
127793199 0 4194784 8 0
127794695 0 4194792 8 0
127796630 0 4194800 8 0
127797853 0 4194808 8 0
127799086 0 4194560 8 0
144286665 0 4260104 8 0
145420130 0 4456448 32 0
148979496 0 68424 8 0
150523778 0 4260120 8 0
162113626 0 4260496 8 0
163462432 0 4513344 32 0
174781108 0 4458320 144 0
184229336 0 4513480 144 0
192112663 0 4513376 104 0
192356998 0 4456480 240 0
226111795 0 862784 32 0
230118699 0 4521488 32 0
234193555 0 4521648 136 0
242404212 0 4521520 128 0
242813138 0 4598848 32 0
261673251 0 4599048 136 0
267644962 0 4514272 32 0
267711700 0 4514816 32 0
267753478 0 4518048 152 0
274897720 0 4598880 168 0
275079111 0 4514864 248 0
275080111 0 4515112 8 0
279278314 0 4456720 248 0
279322177 0 4456968 8 0
279386987 0 4515120 248 0
279428415 0 4515368 8 0
279451983 0 4514848 16 0
279512963 0 4515752 248 0
279564314 0 4516000 8 0
288816484 0 4516032 248 0
288859286 0 4516280 8 0
288883498 0 4517504 248 0
288921306 0 4517752 8 0
299588205 0 4516952 248 0
299636267 0 4517200 8 0
299846174 0 4516520 248 0
299952966 0 4516768 8 0
300133551 0 4457784 248 0
300185457 0 4458032 8 0
300254165 0 4515592 160 0
300316050 0 4457192 248 0
300365474 0 4457440 8 0
300396442 0 4458040 240 0
303999655 0 4517328 176 0
306055022 0 4457048 144 0
306493541 0 4516288 128 0
306540271 0 4457472 248 0
306581527 0 4457720 8 0
306622201 0 4456976 72 0
306733322 0 4515376 216 0
306806328 0 4457448 24 0
306945283 0 4195080 8 0
306971231 0 4195088 8 0
306976565 0 4195096 8 0
306982216 0 4195104 8 0
306986552 0 4195112 8 0
306990692 0 4195120 8 0
306994725 0 4195128 8 0
306998682 0 4195136 8 0
307002550 0 4195144 8 0
307006616 0 4195152 8 0
307010499 0 4195160 8 0
307014428 0 4195168 8 0
307018072 0 4195176 8 0
307022397 0 4195184 8 0
307026531 0 4195200 8 0
307030632 0 4195208 8 0
307034359 0 4195216 8 0
307038853 0 4195224 8 0
307042618 0 4195232 8 0
307046322 0 4195240 8 0
307050044 0 4195248 8 0
307053850 0 4195256 8 0
307057926 0 4195264 8 0
307061622 0 4195272 8 0
307065462 0 4195280 8 0
307069481 0 4195288 8 0
307073167 0 4195296 8 0
307077831 0 4195304 8 0
307081737 0 4195312 8 0
307086232 0 4195320 8 0
307090316 0 4195192 8 0
307115947 0 68472 8 0
347277237 0 4465536 32 0
350681017 0 4465568 88 0
353532172 0 4516416 104 0
353891987 0 8192 8 0
353929915 0 8200 8 0
353933105 0 8216 8 0
353935059 0 8224 8 0
353937116 0 8232 8 0
353939433 0 8240 8 0
353940494 0 8248 8 0
353941578 0 8256 8 0
353942657 0 8264 8 0
353943655 0 8272 8 0
353944661 0 8280 8 0
353945700 0 8288 8 0
353946899 0 8296 8 0
353947811 0 8304 8 0
353948779 0 8312 8 0
353951473 0 8320 8 0
353952438 0 8328 8 0
353953466 0 8336 8 0
353954409 0 8344 8 0
353956564 0 8352 8 0
353957906 0 8360 8 0
353958876 0 8368 8 0
353959871 0 8376 8 0
353960812 0 8384 8 0
353961762 0 8392 8 0
353962630 0 8400 8 0
353963941 0 8408 8 0
353965263 0 8416 8 0
353966288 0 8424 8 0
353967259 0 8432 8 0
353968279 0 8440 8 0
353969121 0 8448 8 0
353969537 0 8208 8 0
324967939 0 4516784 168 0
325063846 0 265272 8 0
327201843 0 4592000 32 0
330801067 0 4592032 32 0
333339120 0 4521784 32 0
333379530 0 4521824 136 0
333438633 0 4521816 8 0
333511164 0 4592256 32 0
336122213 0 4592288 56 0
336170083 0 4592112 32 0
336199326 0 4592144 64 0
336628679 0 69216 8 0
339597488 0 68528 8 0
344328525 0 75744 8 0
345653923 0 68488 8 0
373781241 0 78296 8 0
409313641 0 4517208 120 0
409623127 0 7936 8 0
409635515 0 7944 8 0
409640840 0 7952 8 0
409645916 0 7960 8 0
409650363 0 7968 8 0
409654633 0 7976 8 0
409658647 0 7984 8 0
409662596 0 7992 8 0
409666435 0 8000 8 0
409670252 0 8008 8 0
409673893 0 8016 8 0
409680038 0 8024 8 0
409683976 0 8032 8 0
409689560 0 8048 8 0
409693819 0 8056 8 0
409697714 0 8064 8 0
409701749 0 8072 8 0
409706136 0 8080 8 0
409710063 0 8088 8 0
409714190 0 8096 8 0
409718183 0 8104 8 0
409722350 0 8112 8 0
409726116 0 8120 8 0
409779232 0 8128 8 0
409780835 0 8136 8 0
409781959 0 8144 8 0
409782873 0 8152 8 0
409784048 0 8160 8 0
409785266 0 8168 8 0
409786397 0 8176 8 0
409787554 0 8184 8 0
409788919 0 8040 8 0
413872428 0 679960 32 0
421273458 0 681104 136 0
432514217 0 680008 248 0
432542585 0 680256 8 0
437766550 0 4592608 32 0
437822698 0 4593352 136 0
437885726 0 2576 8 0
437898840 0 2584 8 0
437910875 0 2592 8 0
437918796 0 2600 8 0
437925844 0 2608 8 0
437933946 0 2616 8 0
437939543 0 2624 8 0
437943658 0 2632 8 0
437949370 0 2648 8 0
437953462 0 2656 8 0
437958019 0 2664 8 0
437962228 0 2672 8 0
437967075 0 2680 8 0
437974154 0 2688 8 0
437981300 0 2696 8 0
437987734 0 2704 8 0
437993657 0 2712 8 0
438000304 0 2720 8 0
438006518 0 2728 8 0
438014193 0 2736 8 0
438019062 0 2744 8 0
438023076 0 2752 8 0
438027565 0 2760 8 0
438031554 0 2768 8 0
438035504 0 2776 8 0
438039353 0 2784 8 0
438043363 0 2792 8 0
438047295 0 2800 8 0
438053679 0 2808 8 0
438060441 0 2640 8 0
438073741 0 68552 8 0
440589206 0 68832 8 0
443928028 0 78200 8 0
446288362 0 678480 32 0
452006931 0 678672 144 0
460131996 0 678512 160 0
464689825 0 678048 32 0
472553897 0 678336 144 0
480560015 0 678080 224 0
483081476 0 4593632 32 0
483138929 0 4593696 208 0
490401199 0 4593664 32 0
490490551 0 4598744 32 0
497598264 0 4598776 8 0
497654943 0 4594688 32 0
497684928 0 4594720 32 0
497731882 0 4518576 32 0
497761465 0 4518608 40 0
497833629 0 4534936 32 0
501131004 0 4535128 136 0
508076921 0 4534968 160 0
508383864 0 679992 16 0
508444495 0 680264 240 0
545474856 0 680504 64 0
545540697 0 681048 56 0
545774876 0 264608 8 0
510770571 0 678304 32 0
510835088 0 4592640 248 0
511133496 0 4592888 8 0
511926944 0 680792 248 0
512874314 0 681040 8 0
530732576 0 680568 224 0
590128376 0 7680 8 0
590141198 0 7688 8 0
590143024 0 7696 8 0
590144992 0 7704 8 0
590147144 0 7712 8 0
590148871 0 7720 8 0
590151089 0 7728 8 0
590152946 0 7736 8 0
590155521 0 7744 8 0
590157362 0 7752 8 0
590159141 0 7760 8 0
590162523 0 7768 8 0
590164291 0 7776 8 0
590166234 0 7784 8 0
590168101 0 7792 8 0
590169723 0 7800 8 0
590171252 0 7808 8 0
590173002 0 7816 8 0
590174516 0 7824 8 0
590176469 0 7832 8 0
590178207 0 7840 8 0
590179679 0 7848 8 0
590181321 0 7856 8 0
590183539 0 7872 8 0
590185319 0 7880 8 0
590187935 0 7888 8 0
590190060 0 7896 8 0
590191980 0 7904 8 0
590194090 0 7912 8 0
590197629 0 7920 8 0
590199415 0 7928 8 0
590200675 0 7864 8 0
590234728 0 78104 8 0
591689739 0 264712 8 0
593217038 0 78136 8 0
594480499 0 78128 8 0
597727120 0 669984 8 0
599188318 0 78160 8 0
600425460 0 78168 8 0
602325562 0 671776 24 0
606827275 0 670080 8 0
608524006 0 671824 32 0
609554382 0 671856 8 0
609774115 0 670104 8 0
614476149 0 671936 32 0
622926211 0 670136 8 0
625120508 0 672128 32 0
625274876 0 670160 8 0
626658375 0 672040 24 0
626793363 0 670192 8 0
628132557 0 672448 32 0
628436308 0 672480 24 0
628561339 0 670224 8 0
641386939 0 672608 24 0
641621462 0 670240 8 0
645774257 0 672656 24 0
645915660 0 670256 8 0
647387150 0 672680 32 0
647451613 0 672712 48 0
647616610 0 670392 8 0
648884617 0 673688 32 0
648947342 0 673720 48 0
649037844 0 4599424 32 0
649104010 0 4599504 136 0
649168623 0 4599456 48 0
649283649 0 670416 8 0
650697958 0 673824 32 0
650815044 0 670440 8 0
652161690 0 673888 24 0
652271414 0 670472 8 0
653526670 0 674048 32 0
653593262 0 674080 8 0
653714238 0 670616 8 0
655070972 0 674768 32 0
655131966 0 674800 16 0
655237172 0 670680 8 0
656491857 0 675248 32 0
656548762 0 675280 40 0
656680104 0 670712 8 0
658018482 0 675416 32 0
658075993 0 675448 40 0
658192090 0 684680 8 0
658261365 0 688128 32 0
658344901 0 706256 248 0
658351771 0 706504 8 0
665861739 0 688240 248 0
665869161 0 688488 8 0
666003638 0 4594488 32 0
666069582 0 4594520 136 0
666150651 0 5888 8 0
666159589 0 5896 8 0
666161647 0 5904 8 0
666162956 0 5912 8 0
666164190 0 5920 8 0
666165566 0 5928 8 0
666166878 0 5936 8 0
666168359 0 5944 8 0
666169938 0 5952 8 0
666171463 0 5960 8 0
666172709 0 5968 8 0
666173812 0 5976 8 0
666176249 0 5984 8 0
666177477 0 5992 8 0
666178685 0 6000 8 0
666179751 0 6008 8 0
666181105 0 6016 8 0
666182147 0 6024 8 0
666183335 0 6032 8 0
666184683 0 6040 8 0
666185916 0 6048 8 0
666186935 0 6056 8 0
666188398 0 6072 8 0
666191219 0 6080 8 0
666192463 0 6088 8 0
666193920 0 6096 8 0
666195760 0 6104 8 0
666197104 0 6112 8 0
666198222 0 6120 8 0
666199218 0 6128 8 0
666200416 0 6136 8 0
666201663 0 6144 8 0
666202123 0 6064 8 0
674174719 0 78192 8 0
674196491 0 397784 32 0
677541727 0 401272 136 0
683040138 0 4593904 32 0
683093611 0 4594352 136 0
684180428 0 4593936 224 0
684308770 0 4589472 32 0
722408358 0 4591392 136 0
729110625 0 4589504 224 0
735152580 0 404728 32 0
741920449 0 407456 136 0
747875179 0 404784 248 0
747924317 0 405032 8 0
753127772 0 403800 32 0
758239713 0 404432 136 0
764877993 0 403832 224 0
770074722 0 515072 32 0
773378244 0 518968 136 0
780277627 0 515304 248 0
780313729 0 515552 8 0
791583742 0 519104 32 0
791630490 0 519896 136 0
800344069 0 519136 224 0
800508999 0 4520608 32 0
800554736 0 4520752 136 0
800605510 0 4520640 112 0
800650338 0 393592 32 0
806703583 0 393872 136 0
814128907 0 393624 248 0
814302879 0 401408 32 0
816981732 0 401512 136 0
817048795 0 403472 32 0
824117081 0 403664 136 0
829647288 0 523480 32 0
833161794 0 523936 136 0
840867869 0 523512 224 0
845770426 0 394392 32 0
845812540 0 395952 136 0
855202032 0 394424 224 0
855267093 0 394008 32 0
855313956 0 394256 136 0
855365549 0 394040 216 0
855676137 0 4514240 32 0
855742122 0 524072 32 0
855780817 0 524104 88 0
856052761 0 396184 32 0
858804232 0 396688 136 0
863853591 0 396216 224 0
863921546 0 521184 32 0
878137200 0 523336 144 0
883504828 0 521216 240 0
895554327 0 393216 32 0
898648977 0 393456 136 0
903982908 0 393248 208 0
906132918 0 396824 32 0
906175207 0 397088 136 0
906235730 0 520128 32 0
906276572 0 521040 144 0
912374053 0 520160 224 0
912464771 0 4587520 32 0
915809943 0 4589192 136 0
921550601 0 396088 32 0
921587971 0 396120 64 0
921955322 0 4530016 32 0
941851739 0 401648 32 0
941892665 0 401736 136 0
941941336 0 401680 56 0
941983074 0 397224 32 0
942021677 0 397648 136 0
942085480 0 404568 32 0
942122861 0 404600 128 0
942387242 0 4589328 32 0
942425263 0 4589360 112 0
942542915 0 520064 32 0
942629939 0 520096 32 0
942780932 0 515104 200 0
942888987 0 4594160 192 0
942943016 0 394648 248 0
942943774 0 394896 8 0
943013768 0 4589728 248 0
943014536 0 4589976 8 0
943030744 0 404760 24 0
943066708 0 688160 80 0
943099150 0 397256 224 0
957103714 0 397480 168 0
957315440 0 520384 248 0
957357386 0 520632 8 0
957617996 0 4587552 224 0
994500097 0 4587776 248 0
994543894 0 4588024 8 0
994653318 0 515560 56 0
995147868 0 396856 224 0
995202767 0 397080 8 0
995692760 0 521456 248 0
995739305 0 521704 8 0
996437391 0 521712 248 0
996573358 0 521960 8 0
997004314 0 396440 248 0
998375456 0 394904 248 0
998417717 0 395152 8 0
998759885 0 523736 200 0
999436526 0 403504 160 0
1001452900 0 401440 72 0
1001998718 0 518616 248 0
1002041562 0 518864 8 0
1014444053 0 515616 248 0
1014485300 0 515864 8 0
1014513978 0 518872 96 0
1014567513 0 515872 248 0
1014778395 0 516120 8 0
1015712017 0 516128 248 0
1015750548 0 516376 8 0
1016443998 0 404056 248 0
1016486653 0 404304 8 0
1016975822 0 519360 248 0
1017016956 0 519608 8 0
1017462915 0 405040 248 0
1017514921 0 405288 8 0
1017553699 0 405296 248 0
1017594925 0 405544 8 0
1018191628 0 397816 248 0
1018243234 0 398064 8 0
1018384926 0 400584 248 0
1018425421 0 400832 8 0
1018449881 0 398072 248 0
1018499697 0 398320 8 0
1018542684 0 400840 248 0
1018584146 0 401088 8 0
1018627085 0 401096 176 0
1018687021 0 398328 248 0
1018728364 0 398576 8 0
1018811411 0 398584 248 0
1018852911 0 398832 8 0
1018924546 0 398840 248 0
1018988316 0 399088 8 0
1019067275 0 399096 248 0
1019109406 0 399344 8 0
1019264036 0 704880 248 0
1019322998 0 705128 8 0
1033133487 0 688496 248 0
1033176509 0 688744 8 0
1033212961 0 705136 248 0
1033244829 0 705384 8 0
1033268794 0 688752 248 0
1033308849 0 689000 8 0
1033353890 0 705392 248 0
1033464960 0 705640 8 0
1033526334 0 689008 248 0
1033526774 0 689256 8 0
1033576751 0 705648 248 0
1033577228 0 705896 8 0
1035334158 0 689264 248 0
1035377127 0 689512 8 0
1035428249 0 705904 248 0
1035451686 0 706152 8 0
1035530529 0 689520 248 0
1035530958 0 689768 8 0
1035538997 0 706160 96 0
1036031876 0 689776 248 0
1036073116 0 690024 8 0
1036153944 0 690032 248 0
1036195687 0 690280 8 0
1037872932 0 522904 248 0
1038575214 0 523152 8 0
1040144564 0 522520 248 0
1040185709 0 522768 8 0
1040294725 0 517816 248 0
1040333804 0 518064 8 0
1040452678 0 703800 248 0
1040487969 0 704048 8 0
1082193462 0 697056 248 0
1082264819 0 697304 8 0
1092811985 0 695664 248 0
1092887477 0 695912 8 0
1108340380 0 670888 8 0
1110107836 0 676584 32 0
1118361331 0 676616 104 0
1120874490 0 670944 8 0
1125493138 0 676992 32 0
1125600863 0 4592896 248 0
1125643944 0 4593144 8 0
1125667834 0 4593152 200 0
1125761642 0 671024 8 0
1127059057 0 677632 32 0
1130205251 0 677664 16 0
1132667179 0 670008 8 0
1134143933 0 670248 8 0
1136012986 0 670384 8 0
1137364210 0 670408 8 0
1138650944 0 670624 16 0
1142231448 0 670672 8 0
1143532140 0 670704 8 0
1144821436 0 670936 8 0
1146116959 0 671016 8 0
1147459731 0 78120 8 0
1148790232 0 78152 8 0
1150097385 0 68480 8 0
1152117472 0 264648 8 0
1154307865 0 671256 32 0
1157333958 0 671288 16 0
1159702730 0 78304 8 0
1161319310 0 406776 248 0
1161360185 0 407024 8 0
1161387017 0 4590240 248 0
1161425033 0 4590488 8 0
1161449226 0 519680 216 0
1161495885 0 404312 120 0
1161555216 0 395248 248 0
1161603635 0 395496 8 0
1161690923 0 520848 192 0
1161742091 0 4588744 248 0
1161780422 0 4588992 8 0
1178137839 0 694872 248 0
1178182766 0 695120 8 0
1190041259 0 695272 248 0
1190106580 0 695520 8 0
1190142984 0 703624 176 0
1195358467 0 695528 136 0
1196165643 0 695920 160 0
1196225839 0 703472 152 0
1212822487 0 703184 248 0
1212933126 0 703432 8 0
1212998341 0 697928 248 0
1213122470 0 698176 8 0
1213176135 0 696080 248 0
1213291414 0 696328 8 0
1213315279 0 703440 32 0
1213387068 0 265168 8 0
1219538644 0 4261352 8 0
1220415440 0 69152 8 0
1221686743 0 78088 8 0
1223186755 0 78096 8 0
1224297958 0 886984 8 0
1225515389 0 886992 8 0
1226899029 0 887000 8 0
1227007085 0 887008 8 0
1227056282 0 887016 8 0
1227143553 0 693728 248 0
1227255640 0 693976 8 0
1227326512 0 697312 248 0
1227366309 0 697560 8 0
1227400376 0 695128 128 0
1227442740 0 697648 248 0
1227489924 0 697896 8 0
1227944783 0 69176 8 0
1229371178 0 78496 8 0
1230741888 0 4195592 8 0
1230749421 0 4195600 8 0
1230754164 0 4195608 8 0
1230758765 0 4195616 8 0
1230765177 0 4195624 8 0
1230769706 0 4195640 8 0
1230774067 0 4195648 8 0
1230777887 0 4195656 8 0
1230781896 0 4195664 8 0
1230786311 0 4195672 8 0
1230790455 0 4195680 8 0
1230794478 0 4195688 8 0
1230851460 0 4195696 8 0
1230859041 0 4195704 8 0
1230863423 0 4195712 8 0
1230867860 0 4195720 8 0
1230872391 0 4195728 8 0
1230876671 0 4195736 8 0
1230880633 0 4195744 8 0
1230884663 0 4195752 8 0
1230888521 0 4195760 8 0
1230892455 0 4195768 8 0
1230896402 0 4195776 8 0
1230900642 0 4195784 8 0
1230904662 0 4195792 8 0
1230908862 0 4195800 8 0
1230912932 0 4195808 8 0
1230917843 0 4195816 8 0
1230921956 0 4195824 8 0
1230925872 0 4195832 8 0
1230930400 0 4195840 8 0
1230933785 0 4195632 8 0
1230943903 0 4261592 8 0
1232044713 0 4261600 8 0
1233496886 0 4202496 8 0
1233528467 0 4202504 8 0
1233530018 0 4202512 8 0
1233531146 0 4202520 8 0
1233532201 0 4202528 8 0
1233533226 0 4202536 8 0
1233534317 0 4202544 8 0
1233535301 0 4202552 8 0
1233536322 0 4202560 8 0
1233537339 0 4202568 8 0
1233538302 0 4202576 8 0
1233539865 0 4202584 8 0
1233541024 0 4202592 8 0
1233542321 0 4202600 8 0
1233543455 0 4202608 8 0
1233545625 0 4202616 8 0
1233546764 0 4202624 8 0
1233548715 0 4202640 8 0
1233549973 0 4202648 8 0
1233551174 0 4202656 8 0
1233552319 0 4202664 8 0
1233553653 0 4202672 8 0
1233554774 0 4202680 8 0
1233555953 0 4202688 8 0
1233557037 0 4202696 8 0
1233557940 0 4202704 8 0
1233560654 0 4202712 8 0
1233561773 0 4202720 8 0
1233562590 0 4202728 8 0
1233564345 0 4202736 8 0
1233565265 0 4202744 8 0
1233566288 0 4202752 8 0
1233566559 0 4202632 8 0
1241149023 0 4768888 32 0
1243975120 0 4769512 248 0
1244005500 0 4769760 8 0
1256599669 0 4768920 224 0
1262998563 0 4617216 32 0
1265829389 0 4617392 136 0
1271224162 0 882440 32 0
1276157394 0 882872 136 0
1281867485 0 882472 248 0
1281989656 0 882720 8 0
1282043771 0 4617248 144 0
1289447120 0 4769144 248 0
1289482825 0 4769392 8 0
1289738974 0 4771440 32 0
1295137826 0 4774176 248 0
1295168280 0 4774424 8 0
1304827429 0 4771472 224 0
1316462369 0 4771696 248 0
1316496394 0 4771944 8 0
1316634405 0 4771952 248 0
1316773990 0 4772200 8 0
1316825252 0 4772208 128 0
1316862301 0 4773848 248 0
1316866341 0 4774096 8 0
1323411631 0 4777232 32 0
1326217180 0 4777320 248 0
1326224782 0 4777568 8 0
1333190280 0 4777264 56 0
1333924654 0 4532224 32 0
1352409480 0 4532256 224 0
1358932036 0 4532480 192 0
1359050712 0 4616704 32 0
1364850290 0 4616736 224 0
1368633564 0 4616960 48 0
1368791569 0 884888 32 0
1371532366 0 885136 136 0
1376922690 0 884920 216 0
1380169574 0 690288 248 0
1380214434 0 690536 8 0
1380245243 0 405936 248 0
1380331188 0 406184 8 0
1380369958 0 406600 176 0
1380490620 0 405552 240 0
1380641060 0 517016 248 0
1380683084 0 517264 8 0
1380743599 0 518072 248 0
1380817187 0 517656 160 0
1380870399 0 517272 248 0
1380910723 0 517520 8 0
1380931181 0 516864 152 0
1381202465 0 516384 248 0
1381244818 0 516632 8 0
1381305629 0 516728 136 0
1381591224 0 517528 128 0
1381819365 0 516640 88 0
1382554583 0 690720 248 0
1382598118 0 690968 8 0
1382633707 0 690976 248 0
1382674092 0 691224 8 0
1382729576 0 691872 248 0
1382770904 0 692120 8 0
1383064880 0 75336 8 0
1384761272 0 5632 8 0
1384771171 0 5640 8 0
1384776904 0 5648 8 0
1384782358 0 5656 8 0
1384787585 0 5664 8 0
1384792945 0 5672 8 0
1384797805 0 5680 8 0
1384803223 0 5688 8 0
1384808111 0 5696 8 0
1384813217 0 5704 8 0
1384817988 0 5712 8 0
1384824504 0 5720 8 0
1384829780 0 5728 8 0
1384835158 0 5736 8 0
1384840457 0 5744 8 0
1384845890 0 5752 8 0
1384864796 0 5760 8 0
1384868702 0 5768 8 0
1384873075 0 5784 8 0
1384877126 0 5792 8 0
1384881082 0 5800 8 0
1384885079 0 5808 8 0
1384889006 0 5816 8 0
1384892802 0 5824 8 0
1384896755 0 5832 8 0
1384901531 0 5840 8 0
1384905554 0 5848 8 0
1384910397 0 5856 8 0
1384914447 0 5864 8 0
1384918394 0 5872 8 0
1384922187 0 5880 8 0
1384926106 0 5776 8 0
1384934976 0 74032 8 0
1386370663 0 513552 24 0
1389910634 0 692128 128 0
1390183011 0 692256 160 0
1390254716 0 692416 168 0
1390315917 0 692584 160 0
1390370890 0 693248 248 0
1390408239 0 693496 8 0
1390430406 0 693504 208 0
1390889483 0 692744 144 0
1390990965 0 692888 248 0
1391027894 0 693136 8 0
1391149913 0 399384 248 0
1391189888 0 399632 8 0
1391216995 0 400424 160 0
1391541618 0 399352 32 0
1393888069 0 693144 104 0
1394079211 0 694192 248 0
1394147210 0 694440 8 0
1398158131 0 693984 192 0
1398254031 0 694448 160 0
1402038827 0 695256 16 0
1402300887 0 694608 248 0
1402346518 0 694856 8 0
1402530962 0 4773472 248 0
1402595678 0 4773720 8 0
1402645275 0 4772544 248 0
1402772853 0 4772792 8 0
1402787691 0 4774104 72 0
1402893530 0 4772800 216 0
1402975537 0 4773264 208 0
1403031253 0 4773728 120 0
1479294036 0 2064 8 0
1479340660 0 264656 8 1
1479373416 0 3932160 8 1
1479398633 0 3932168 8 1
1479460578 0 3932176 8 1
1479461419 0 3932184 8 1
1479461922 0 3932192 8 1
1479462458 0 3932200 8 1
1479463005 0 3932208 8 1
1479463378 0 3932216 8 1
1479463798 0 3932224 8 1
1479464662 0 3932232 8 1
1479465192 0 3932240 8 1
1479465722 0 3932248 8 1
1479466491 0 3932256 8 1
1479467198 0 3932264 8 1
1479467725 0 3932272 8 1
1479468164 0 3932280 8 1
1479468607 0 3932288 8 1
1479469112 0 3932296 8 1
1479469629 0 3932304 8 1
1479469989 0 3932312 8 1
1479470432 0 3932320 8 1
1479471673 0 3932328 8 1
1479472465 0 3932336 8 1
1479472918 0 3932344 8 1
1479473428 0 3932352 8 1
1479473944 0 3932360 8 1
1479474371 0 3932368 8 1
1479474790 0 3932376 8 1
1479475273 0 3932384 8 1
1479475762 0 3932392 8 1
1479476515 0 3932400 8 1
1479477028 0 3932408 8 1
1479477581 0 3932416 8 1
1479478108 0 3932424 8 1
1479478526 0 3932432 8 1
1479478876 0 3932440 8 1
1479479587 0 3932448 8 1
1479480259 0 3932456 8 1
1479480897 0 3932464 8 1
1479481299 0 3932472 8 1
1479481809 0 3932480 8 1
1479482501 0 3932488 8 1
1479483045 0 3932496 8 1
1479483384 0 3932504 8 1
1479483811 0 3932512 8 1
1479484334 0 3932520 8 1
1479484759 0 3932528 8 1
1479485259 0 3932536 8 1
1479485786 0 3932544 8 1
1479486252 0 3932552 8 1
1479487003 0 3932560 8 1
1479487530 0 3932568 8 1
1479488124 0 3932576 8 1
1479488693 0 3932584 8 1
1479489997 0 3932592 8 1
1479490729 0 3932600 8 1
1479491173 0 3932608 8 1
1479491640 0 3932616 8 1
1479492184 0 3932624 8 1
1479492532 0 3932632 8 1
1479492968 0 3932640 8 1
1479493302 0 3932648 8 1
1479493631 0 3932656 8 1
1479493869 0 3932664 8 1
1479494206 0 3932672 8 1
1479494639 0 3932680 8 1
1479494963 0 3932688 8 1
1479495299 0 3932696 8 1
1479683595 0 3932704 8 1
1484723584 0 0 8 1
1484732255 0 8 8 1
1484737814 0 2056 8 1
1484743334 0 2064 8 1
1484747701 0 2200 8 1
1484752499 0 2312 8 1
1484757051 0 2352 8 1
1484761721 0 2384 8 1
1484765923 0 2392 8 1
1484770415 0 2408 8 1
1484774716 0 2472 8 1
1484779245 0 6040 8 1
1484784300 0 6048 8 1
1484788620 0 6056 8 1
1484795695 0 6064 8 1
1484799996 0 6072 8 1
1484804185 0 7864 8 1
1484809115 0 7872 8 1
1484813057 0 7880 8 1
1484817169 0 7888 8 1
1484821249 0 7896 8 1
1484825215 0 7904 8 1
1484829324 0 7912 8 1
1484833175 0 7920 8 1
1484837193 0 7928 8 1
1484841222 0 7936 8 1
1484845585 0 7944 8 1
1484850153 0 7952 8 1
1484854975 0 7960 8 1
1484859140 0 7968 8 1
1484863395 0 7976 8 1
1484867357 0 7984 8 1
1484871868 0 7992 8 1
1484876002 0 8000 8 1
1484879879 0 8008 8 1
1484883758 0 8016 8 1
1484887674 0 8032 8 1
1484891884 0 8040 8 1
1484896189 0 8208 8 1
1484900586 0 8216 8 1
1484904735 0 8232 8 1
1484909517 0 10104 8 1
1484915271 0 10184 8 1
1484919724 0 10192 8 1
1484924106 0 10200 8 1
1484928239 0 10216 8 1
1484932613 0 10968 8 1
1484937280 0 67848 8 1
1484942154 0 78296 8 1
1484946977 0 78304 8 1
1484951357 0 4194560 8 1
1484956346 0 4194584 8 1
1484960530 0 4194832 8 1
1484964736 0 4194840 8 1
1484969010 0 4194848 8 1
1484973147 0 4194856 8 1
1484979071 0 4194864 8 1
1484983394 0 4194872 8 1
1484988277 0 4194880 8 1
1484992295 0 4194888 8 1
1484996412 0 4195184 8 1
1485000530 0 4195192 8 1
1485004418 0 4195200 8 1
1485008502 0 4195464 8 1
1485013359 0 4202632 8 1
1494166254 0 3932160 8 1
1494928940 0 3932160 8 1
1495997190 0 0 8 1
