0 0 68520 8 0
14011 0 2816 8 0
19474 0 2824 8 0
24240 0 2832 8 0
28529 0 2840 8 0
34286 0 2848 8 0
38461 0 2856 8 0
42600 0 2864 8 0
47290 0 2872 8 0
51865 0 2880 8 0
56106 0 2888 8 0
60247 0 2896 8 0
64346 0 2904 8 0
69145 0 2920 8 0
75695 0 2928 8 0
79841 0 2936 8 0
83975 0 2944 8 0
88152 0 2952 8 0
92363 0 2960 8 0
97456 0 2968 8 0
102068 0 2976 8 0
106192 0 2984 8 0
110488 0 2992 8 0
114680 0 3000 8 0
118843 0 3008 8 0
122783 0 3016 8 0
127123 0 3024 8 0
130975 0 3032 8 0
134888 0 3040 8 0
138841 0 3048 8 0
142988 0 3056 8 0
147124 0 3064 8 0
151413 0 3072 8 0
154939 0 2912 8 0
173136 0 69224 8 0
183462 0 7680 8 0
188135 0 7688 8 0
192411 0 7696 8 0
196619 0 7704 8 0
200993 0 7712 8 0
204993 0 7720 8 0
208924 0 7728 8 0
213562 0 7736 8 0
217893 0 7752 8 0
222030 0 7760 8 0
228677 0 7768 8 0
231935 0 7744 8 0
247425 0 79096 8 0
288501 0 2192 8 0
316816 0 2056 8 0
380435 0 67912 8 0
637158 0 4194432 8 0
2303600 0 4194568 8 0
2342720 0 4194576 8 0
2344117 0 4194584 8 0
2345242 0 4194592 8 0
2347557 0 4194600 8 0
2348723 0 4194608 8 0
2349988 0 4194616 8 0
2351362 0 4194624 8 0
2352710 0 4194632 8 0
2353821 0 4194640 8 0
2355053 0 4194648 8 0
2356306 0 4194656 8 0
2357258 0 4194664 8 0
2358346 0 4194672 8 0
2359281 0 4194680 8 0
2360309 0 4194688 8 0
2361176 0 4194696 8 0
2362157 0 4194704 8 0
2363749 0 4194712 8 0
2364657 0 4194720 8 0
2365547 0 4194728 8 0
2369378 0 4194736 8 0
2370570 0 4194744 8 0
2371523 0 4194752 8 0
2372543 0 4194760 8 0
2373681 0 4194768 8 0
2375069 0 4194776 8 0
2376196 0 4194784 8 0
2377125 0 4194792 8 0
2378155 0 4194800 8 0
2379247 0 4194808 8 0
2380332 0 4194816 8 0
2380654 0 4194560 8 0
13234512 0 4194304 8 0
23327974 0 265424 8 0
24698928 0 265848 8 0
26111021 0 454480 8 0
27393704 0 4260104 8 0
28831579 0 4456448 32 0
32046024 0 68424 8 0
33475273 0 4260120 8 0
34946397 0 4194832 8 0
34954131 0 4194840 8 0
34955320 0 4194848 8 0
34956690 0 4194856 8 0
34959438 0 4194864 8 0
34960670 0 4194872 8 0
34961794 0 4194880 8 0
34963232 0 4194888 8 0
34964702 0 4194896 8 0
34965953 0 4194904 8 0
34967498 0 4194912 8 0
34969181 0 4194920 8 0
34970705 0 4194928 8 0
34972010 0 4194936 8 0
34973107 0 4194944 8 0
34974387 0 4194952 8 0
34975769 0 4194960 8 0
34977205 0 4194968 8 0
34979467 0 4194976 8 0
34981181 0 4194984 8 0
34982579 0 4194992 8 0
34983638 0 4195000 8 0
34984709 0 4195008 8 0
34985906 0 4195016 8 0
34990108 0 4195024 8 0
34991490 0 4195032 8 0
34992543 0 4195040 8 0
34993721 0 4195048 8 0
34994739 0 4195056 8 0
34995905 0 4195064 8 0
34997179 0 4195072 8 0
34997546 0 4194824 8 0
35020624 0 4260496 8 0
37105973 0 4513344 32 0
41739309 0 4458320 144 0
65056565 0 454432 32 0
73811033 0 4521488 32 0
77657166 0 4521648 136 0
85417524 0 4521520 128 0
47518372 0 4513480 144 0
53969184 0 4513376 104 0
54313282 0 4456480 240 0
86012709 0 4598848 32 0
106543877 0 4599048 136 0
112869491 0 4514272 32 0
112963259 0 4514816 32 0
113027621 0 4518048 152 0
120220539 0 4598880 168 0
120405174 0 4514864 248 0
120405886 0 4515112 8 0
122863096 0 4456720 248 0
122906419 0 4456968 8 0
122965746 0 4515120 248 0
123008631 0 4515368 8 0
123031588 0 4514848 16 0
123090620 0 4515752 248 0
123140347 0 4516000 8 0
134368033 0 4516032 248 0
134403806 0 4516280 8 0
134428415 0 4517504 248 0
134466265 0 4517752 8 0
144665823 0 4516952 248 0
144699523 0 4517200 8 0
144828699 0 4516520 248 0
144860748 0 4516768 8 0
144990301 0 4457784 248 0
145032555 0 4458032 8 0
145082595 0 4515592 160 0
145134821 0 4457192 248 0
145174214 0 4457440 8 0
145199607 0 4458040 240 0
147814834 0 4517328 176 0
149337852 0 4516288 136 0
149400871 0 2576 8 0
149409414 0 2584 8 0
149414111 0 2592 8 0
149418304 0 2600 8 0
149422754 0 2608 8 0
149426663 0 2616 8 0
149430935 0 2624 8 0
149434706 0 2632 8 0
149439376 0 2648 8 0
149444361 0 2656 8 0
149448126 0 2664 8 0
149451927 0 2672 8 0
149455840 0 2680 8 0
149459903 0 2688 8 0
149464364 0 2696 8 0
149468544 0 2704 8 0
149472456 0 2712 8 0
149476333 0 2720 8 0
149480213 0 2728 8 0
149484184 0 2736 8 0
149487812 0 2744 8 0
149491962 0 2752 8 0
149495677 0 2760 8 0
149502601 0 2768 8 0
149506430 0 2776 8 0
149510738 0 2784 8 0
149514518 0 2792 8 0
149518579 0 2800 8 0
149522218 0 2808 8 0
149526517 0 2640 8 0
149537284 0 68552 8 0
150774640 0 68664 8 0
151969692 0 4457048 144 0
152373964 0 3328 8 0
152381986 0 3336 8 0
152386383 0 3344 8 0
152390158 0 3352 8 0
152397422 0 3368 8 0
152401348 0 3376 8 0
152405027 0 3384 8 0
152408735 0 3392 8 0
152412349 0 3400 8 0
152415920 0 3408 8 0
152419703 0 3416 8 0
152423595 0 3424 8 0
152427929 0 3432 8 0
152431669 0 3440 8 0
152435390 0 3448 8 0
152439062 0 3456 8 0
152443223 0 3464 8 0
152446966 0 3472 8 0
152451078 0 3480 8 0
152455317 0 3488 8 0
152458980 0 3496 8 0
152462805 0 3504 8 0
152466637 0 3512 8 0
152470736 0 3520 8 0
152474417 0 3528 8 0
152478151 0 3536 8 0
152483352 0 3544 8 0
152487264 0 3552 8 0
152490744 0 3560 8 0
152494525 0 3568 8 0
152498041 0 3576 8 0
152502381 0 3584 8 0
152505395 0 3360 8 0
152514501 0 70456 8 0
170529329 0 68672 8 0
172775883 0 302440 8 0
174215406 0 68832 8 0
175738443 0 76200 8 0
177046093 0 68848 8 0
178345372 0 68864 8 0
179949910 0 314344 56 0
185531217 0 296816 8 0
188613830 0 302464 8 0
189979928 0 296440 8 0
191214442 0 297848 8 0
192493737 0 302456 8 0
193723641 0 68680 8 0
195155231 0 296824 8 0
196382343 0 297840 8 0
197645644 0 299200 248 0
197688021 0 299448 8 0
206790462 0 301496 248 0
206823133 0 301744 8 0
218794147 0 302000 136 0
218861866 0 302472 8 0
222210876 0 302448 8 0
222260583 0 302136 248 0
222575434 0 302384 8 0
222650806 0 4457472 248 0
222694631 0 4457720 8 0
222740243 0 4456976 72 0
222849864 0 4515376 216 0
222941322 0 4457448 24 0
223102014 0 4260512 8 0
230067328 0 4195080 8 0
230076256 0 4195088 8 0
230080616 0 4195096 8 0
230084889 0 4195104 8 0
230088985 0 4195112 8 0
230092840 0 4195120 8 0
230096528 0 4195128 8 0
230100134 0 4195136 8 0
230104157 0 4195144 8 0
230110029 0 4195152 8 0
230113881 0 4195160 8 0
230117667 0 4195168 8 0
230121448 0 4195176 8 0
230124967 0 4195184 8 0
230129406 0 4195200 8 0
230134925 0 4195208 8 0
230139258 0 4195216 8 0
230143972 0 4195224 8 0
230148013 0 4195232 8 0
230152638 0 4195240 8 0
230156422 0 4195248 8 0
230397890 0 4195256 8 0
230405266 0 4195264 8 0
230411183 0 4195272 8 0
230415352 0 4195280 8 0
230419724 0 4195288 8 0
230423440 0 4195296 8 0
230427810 0 4195304 8 0
230431538 0 4195312 8 0
230435901 0 4195320 8 0
230442462 0 4195328 8 0
230446013 0 4195192 8 0
230466886 0 68472 8 0
240304072 0 4516784 168 0
240386328 0 265272 8 0
270805349 0 833216 32 0
268424847 0 4458880 32 0
268559663 0 4458912 96 0
269889164 0 4516424 96 0
270509460 0 4517208 120 0
244883642 0 4592000 32 0
248064735 0 4592032 32 0
250577258 0 4521784 32 0
250621529 0 4521824 136 0
250677592 0 4521816 8 0
250748509 0 4592256 32 0
253043077 0 4592288 56 0
253089685 0 4592112 32 0
253122506 0 4592144 64 0
253681948 0 79104 8 0
258316017 0 69136 8 0
260545792 0 69184 8 0
261804466 0 69144 8 0
263117117 0 69216 8 0
264406515 0 68528 8 0
265611025 0 75936 8 0
266839294 0 68488 8 0
320618657 0 836064 248 0
320629852 0 836312 8 0
328938295 0 833416 248 0
328944593 0 833664 8 0
340155517 0 833280 136 0
344804104 0 833248 32 0
345037977 0 835264 248 0
345042291 0 835512 8 0
351644058 0 835520 248 0
351652918 0 835768 8 0
351664191 0 835896 168 0
351848800 0 834376 248 0
351856974 0 834624 8 0
351932227 0 834784 248 0
351937614 0 835032 8 0
352015629 0 835776 120 0
352142812 0 833704 248 0
352147449 0 833952 8 0
352217196 0 833992 248 0
352220590 0 834240 8 0
352819063 0 834248 128 0
352873298 0 834632 152 0
352967816 0 835128 136 0
353087355 0 835040 88 0
353237563 0 833960 32 0
353282515 0 833672 32 0
353579417 0 354592 16 0
390602343 0 4459304 32 0
390853878 0 4459416 136 0
391027008 0 4459336 80 0
391729386 0 276992 32 0
429258536 0 458656 16 0
432570718 0 76008 8 0
434156177 0 76016 8 0
434167272 0 76032 8 0
434250480 0 4593632 32 0
434295678 0 4593696 208 0
441383349 0 4593664 32 0
441412045 0 538368 32 0
399337018 0 69192 8 0
400889116 0 68448 8 0
402331841 0 512568 8 0
395071425 0 277024 32 0
403749886 0 4466040 8 0
404341001 0 75928 8 0
405643415 0 67920 8 0
407189851 0 6144 8 0
407226476 0 6152 8 0
407229136 0 6160 8 0
407230247 0 6168 8 0
407235246 0 6176 8 0
407236430 0 6184 8 0
407237461 0 6192 8 0
407238584 0 6200 8 0
407240180 0 6208 8 0
407241366 0 6216 8 0
407242356 0 6224 8 0
407243609 0 6232 8 0
407244536 0 6240 8 0
407245562 0 6248 8 0
407246676 0 6256 8 0
407247613 0 6264 8 0
407249360 0 6272 8 0
407250480 0 6280 8 0
407251496 0 6288 8 0
407252411 0 6296 8 0
407253365 0 6304 8 0
407254687 0 6312 8 0
407255606 0 6320 8 0
407256579 0 6328 8 0
407257512 0 6336 8 0
407259126 0 6352 8 0
407260306 0 6360 8 0
407261410 0 6368 8 0
407262528 0 6376 8 0
407263539 0 6384 8 0
407265143 0 6392 8 0
407266083 0 6400 8 0
407266355 0 6344 8 0
412850775 0 75968 8 0
415964379 0 75976 8 0
417476955 0 75992 8 0
417490482 0 76000 8 0
417840006 0 4474240 32 0
421808415 0 4474272 32 0
425084056 0 280352 32 0
447953098 0 538400 80 0
450754680 0 4599424 32 0
450791840 0 4599504 136 0
450836947 0 4599456 48 0
451491902 0 75824 8 0
453357743 0 454200 8 0
454793317 0 76040 8 0
454832695 0 573440 32 0
457825585 0 796656 248 0
457833714 0 796904 8 0
465815973 0 796376 248 0
465824015 0 796624 8 0
474873779 0 573472 248 0
474996246 0 573720 8 0
480281631 0 327680 32 0
486764425 0 329512 144 0
492538055 0 328088 248 0
492547880 0 328336 8 0
501681728 0 4589472 32 0
507215013 0 4591392 136 0
512889425 0 4589504 224 0
518757830 0 4520176 32 0
518807664 0 4520216 136 0
518850047 0 4520208 8 0
518962759 0 327712 248 0
519007588 0 327960 8 0
524510559 0 4589728 248 0
524543915 0 4589976 8 0
524608996 0 327968 120 0
524687126 0 328344 248 0
524721697 0 328592 8 0
524951022 0 328600 248 0
525155589 0 328848 8 0
525462179 0 795112 248 0
525470980 0 795360 8 0
547377138 0 795368 248 0
547412508 0 795616 8 0
547453133 0 573728 128 0
547500529 0 795624 248 0
547558222 0 795872 8 0
547584360 0 573856 248 0
547584971 0 574104 8 0
547613491 0 574112 248 0
547614220 0 574360 8 0
552267901 0 574368 248 0
552367120 0 574616 8 0
552434724 0 574624 248 0
552477013 0 574872 8 0
552564737 0 795880 248 0
552597762 0 796128 8 0
552654916 0 574880 248 0
552749498 0 575128 8 0
552819006 0 575136 248 0
553239234 0 575384 8 0
553361907 0 575392 248 0
553362712 0 575640 8 0
569768625 0 796136 240 0
569933115 0 575648 248 0
570061232 0 575896 8 0
570131112 0 575904 248 0
570224754 0 576152 8 0
570293877 0 576160 248 0
570311039 0 576408 8 0
570439564 0 576416 248 0
570440145 0 576664 8 0
572123810 0 576672 248 0
572158812 0 576920 8 0
572231874 0 576928 248 0
572321154 0 577176 8 0
572397777 0 796632 24 0
572429507 0 577184 248 0
572444622 0 577432 8 0
572591909 0 577440 248 0
572592567 0 577688 8 0
575858902 0 329000 248 0
576295978 0 329248 8 0
576331606 0 329256 144 0
576380017 0 792160 248 0
576417524 0 792408 8 0
625925043 0 791664 248 0
625961699 0 791912 8 0
635882749 0 578752 248 0
635928382 0 579000 8 0
635953639 0 589536 248 0
635961493 0 589784 8 0
644033798 0 588680 248 0
644071820 0 588928 8 0
644116229 0 581752 248 0
644797894 0 582000 8 0
644893272 0 584664 248 0
644940196 0 584912 8 0
645028864 0 791400 248 0
645039289 0 791648 8 0
680520485 0 589160 248 0
680572134 0 589408 8 0
680597027 0 791920 216 0
680664758 0 580880 248 0
680707418 0 581128 8 0
680749326 0 584216 248 0
680791945 0 584464 8 0
680816165 0 577696 248 0
680858551 0 577944 8 0
680884706 0 792424 248 0
680925477 0 792672 8 0
680954923 0 789424 248 0
680962606 0 789672 8 0
689101741 0 789144 248 0
689109368 0 789392 8 0
701688873 0 583376 248 0
701731209 0 583624 8 0
701769087 0 578008 248 0
701809085 0 578256 8 0
701956823 0 79112 8 0
703382983 0 79120 8 0
703539945 0 585832 248 0
703586813 0 586080 8 0
703613607 0 790752 248 0
703648376 0 791000 8 0
703662522 0 589792 32 0
703674604 0 788488 120 0
703944831 0 4594688 32 0
712056506 0 4594720 32 0
712146039 0 586120 248 0
712189157 0 586368 8 0
712247673 0 585536 248 0
712288630 0 585784 8 0
712312033 0 583632 176 0
712370020 0 545152 32 0
716490935 0 545288 8 0
718828952 0 545184 104 0
718967361 0 541456 32 0
723980261 0 541824 8 0
725333305 0 541488 192 0
728720469 0 541680 144 0
728861008 0 579008 248 0
728904806 0 579256 8 0
728927043 0 584488 176 0
729110372 0 4517760 248 0
729153371 0 4518008 8 0
729211685 0 788608 248 0
729421327 0 788856 8 0
729736575 0 582640 248 0
729778360 0 582888 8 0
729802501 0 584944 248 0
729842741 0 585192 8 0
729857817 0 583808 136 0
729914336 0 788864 192 0
730362494 0 68512 8 0
738169234 0 792416 8 0
738202874 0 583944 248 0
738244274 0 584192 8 0
738278342 0 582144 248 0
738319536 0 582392 8 0
738378177 0 588480 200 0
738472353 0 581592 160 0
738527258 0 579680 248 0
738569412 0 579928 8 0
738638034 0 545296 32 0
738783858 0 545360 8 0
738796699 0 545328 32 0
738946655 0 552272 8 0
741280249 0 588936 144 0
741633483 0 789920 248 0
741684306 0 790168 8 0
741709344 0 579400 248 0
741745861 0 579648 8 0
741774338 0 579264 136 0
741916956 0 790176 152 0
742049674 0 789400 24 0
742164643 0 791008 240 0
742222175 0 585792 40 0
742243407 0 584472 16 0
742645909 0 581136 248 0
742692114 0 581384 8 0
742747771 0 792136 24 0
742857608 0 789736 184 0
742963811 0 582400 128 0
743941880 0 582528 112 0
744224608 0 790328 192 0
744506528 0 790520 192 0
744559507 0 790712 40 0
744605528 0 585352 184 0
745915789 0 789680 56 0
746064683 0 587456 248 0
746107742 0 587704 8 0
746140903 0 585200 152 0
746205093 0 589080 80 0
746247415 0 589416 120 0
747262563 0 587840 248 0
747306649 0 588088 8 0
747386997 0 586376 248 0
747427192 0 586624 8 0
747463399 0 606208 32 0
784134313 0 833208 8 0
785669643 0 829624 248 0
785705187 0 829872 8 0
793556838 0 829880 248 0
793590874 0 830128 8 0
793644545 0 830136 248 0
793851490 0 830384 8 0
794036670 0 830392 248 0
794037501 0 830640 8 0
796720142 0 830648 248 0
796744394 0 830896 8 0
796890571 0 830904 248 0
796890998 0 831152 8 0
798804047 0 831160 248 0
798833151 0 831408 8 0
798976050 0 831416 248 0
798976398 0 831664 8 0
801065992 0 831672 248 0
801089325 0 831920 8 0
801243502 0 831928 248 0
801243910 0 832176 8 0
803374516 0 832184 248 0
803398610 0 832432 8 0
803551917 0 832440 248 0
803552288 0 832688 8 0
806995289 0 832696 248 0
807027654 0 832944 8 0
807170441 0 832952 248 0
807203161 0 833200 8 0
807541810 0 791248 152 0
807596331 0 581456 136 0
810765759 0 713800 8 0
812292576 0 713808 32 0
814439976 0 829616 8 0
816363200 0 827184 8 0
817898273 0 829600 8 0
819200708 0 829608 8 0
820911105 0 829584 8 0
822183362 0 829592 8 0
823916782 0 829576 8 0
825418679 0 829560 8 0
826680707 0 829568 8 0
828407988 0 829552 8 0
830028433 0 829536 8 0
831217587 0 829544 8 0
832587922 0 829528 8 0
834438648 0 829520 8 0
836083312 0 829512 8 0
837492702 0 714032 8 0
838791479 0 714040 32 0
840787402 0 714008 8 0
842205238 0 714016 16 0
843945603 0 714072 40 0
844963744 0 713976 8 0
848693288 0 713984 24 0
850691154 0 713888 8 0
850704397 0 713896 32 0
850781898 0 713928 48 0
851084497 0 714152 8 0
852223768 0 714160 32 0
852301031 0 714192 64 0
852706227 0 713656 8 0
855067373 0 713872 8 0
855079590 0 713880 8 0
855387643 0 829480 8 0
860098742 0 829488 24 0
862023806 0 829472 8 0
863644753 0 828992 8 0
864949415 0 829000 32 0
867005462 0 829464 8 0
869267187 0 829448 8 0
870590256 0 829456 8 0
872238844 0 829440 8 0
873733952 0 829432 8 0
875018564 0 829424 8 0
876385730 0 829408 8 0
877633540 0 829416 8 0
879151642 0 582008 136 0
880470723 0 587152 248 0
880511214 0 587400 8 0
880524130 0 791656 8 0
881015567 0 584200 16 0
881343811 0 586896 248 0
881395940 0 587144 8 0
881425668 0 829400 8 0
883632881 0 829360 8 0
884967337 0 829368 32 0
887223061 0 828504 8 0
888428353 0 828512 32 0
891149143 0 829352 8 0
892985869 0 829344 8 0
895685161 0 829216 8 0
897520711 0 829208 8 0
899352652 0 454464 8 0
899683485 0 829336 8 0
901211933 0 829328 8 0
902774464 0 829320 8 0
904376755 0 829312 8 0
906598595 0 829304 8 0
908414306 0 829296 8 0
910522932 0 828952 8 0
911730632 0 828960 32 0
913415028 0 829032 24 0
913843196 0 829264 8 0
915864897 0 829272 24 0
916706495 0 829256 8 0
917219031 0 828168 8 0
918516330 0 828160 8 0
921006136 0 827352 8 0
922336693 0 823176 8 0
923627738 0 827872 8 0
925124099 0 829248 8 0
925240805 0 713736 8 0
926592186 0 713728 8 0
928091422 0 814456 8 0
929469161 0 814464 32 0
931270635 0 814416 8 0
932608418 0 814424 32 0
934343281 0 713744 24 0
936027254 0 828072 8 0
937267722 0 828080 32 0
941577556 0 829240 8 0
942100959 0 829224 16 0
943523022 0 829200 8 0
943843063 0 829192 8 0
944628167 0 829184 8 0
944721055 0 813248 8 0
946154914 0 829176 8 0
947382614 0 823680 8 0
951837254 0 823760 8 0
954697479 0 823768 32 0
958376742 0 828224 8 0
958391498 0 828232 32 0
960659485 0 829128 8 0
960674238 0 829136 32 0
960901099 0 829120 8 0
961565518 0 713592 8 0
963110013 0 811848 8 0
964666616 0 829112 8 0
964951312 0 829104 8 0
965248247 0 829096 8 0
965445839 0 829088 8 0
965658308 0 823880 8 0
965673040 0 823888 32 0
965889589 0 714288 8 0
965903471 0 714296 32 0
966069399 0 714264 8 0
966142641 0 714280 8 0
966280372 0 714272 8 0
966418883 0 823920 64 0
966679799 0 828744 8 0
974972203 0 828752 32 0
976725823 0 828784 64 0
977135685 0 828712 8 0
980594764 0 828736 8 0
982509960 0 828728 8 0
983856036 0 828720 8 0
985746629 0 715928 8 0
987160022 0 829080 8 0
987602636 0 829072 8 0
987825055 0 829064 8 0
988347173 0 826048 8 0
989644403 0 826040 8 0
991135015 0 828696 8 0
992567350 0 828688 8 0
994734009 0 829056 8 0
995116995 0 829168 8 0
996684986 0 714496 8 0
996700382 0 714504 32 0
999086618 0 827952 8 0
1003379049 0 828936 8 0
1003398518 0 828944 8 0
1003848335 0 824888 8 0
1005507544 0 828928 8 0
1005852185 0 828920 8 0
1006015229 0 828904 8 0
1006032587 0 828912 8 0
1006548322 0 828896 8 0
1006977862 0 811832 8 0
1008257081 0 811840 8 0
1008314946 0 811856 16 0
1009969176 0 716544 8 0
1013034827 0 828064 8 0
1014503466 0 716064 8 0
1015982122 0 715680 8 0
1016554390 0 716072 32 0
1019806880 0 828888 8 0
1020478664 0 76056 8 0
1022963973 0 828848 40 0
1024497648 0 715840 8 0
1024640881 0 714488 8 0
1025423840 0 715912 8 0
1026801462 0 715920 8 0
1026860455 0 715936 16 0
1028115619 0 818832 8 0
1030142517 0 716112 8 0
1030264469 0 716120 32 0
1030419572 0 818792 8 0
1034270352 0 818784 8 0
1037068484 0 818840 8 0
1039204776 0 713704 8 0
1040610883 0 828704 8 0
1043719791 0 715168 8 0
1043736900 0 715176 32 0
1044065738 0 828624 8 0
1044088286 0 828632 32 0
1045156199 0 828672 8 0
1046450127 0 828680 8 0
1046996800 0 828664 8 0
1050132509 0 581392 64 0
1050698227 0 588240 240 0
1050748481 0 811296 8 0
1052274478 0 811304 32 0
1054139498 0 811336 64 0
1054844217 0 812384 8 0
1059222169 0 825312 8 0
1060534715 0 825320 32 0
1062693638 0 823688 8 0
1064820477 0 827336 8 0
1066401116 0 825352 64 0
1066695454 0 825304 8 0
1068846500 0 714792 8 0
1069038962 0 825984 8 0
1071100125 0 825992 32 0
1076421203 0 823736 8 0
1085668445 0 823744 16 0
1087088762 0 824208 8 0
1087136888 0 824216 32 0
1087401847 0 715608 8 0
1087454066 0 715616 32 0
1087634940 0 826496 8 0
1087996022 0 717000 8 0
1089582122 0 550232 24 0
1092522730 0 811872 48 0
1093067446 0 827200 8 0
1093167061 0 827192 8 0
1093504656 0 827408 8 0
1093556216 0 827416 32 0
1093920018 0 714640 8 0
1094094951 0 714704 8 0
1094140349 0 714712 32 0
1094696479 0 825296 8 0
1096212741 0 825000 8 0
1097458135 0 825008 32 0
1099078004 0 825040 64 0
1099532002 0 550256 32 0
1101376766 0 550392 8 0
1101482894 0 550288 104 0
1101953453 0 825288 8 0
1102244774 0 825256 8 0
1102429641 0 824144 8 0
1102701234 0 716992 8 0
1104463609 0 717008 32 0
1106697272 0 824152 32 0
1107291426 0 550400 32 0
1107441527 0 551488 8 0
1114509170 0 551344 144 0
1114833630 0 551944 32 0
1114985943 0 552096 8 0
1116359873 0 551976 120 0
1119488396 0 551496 32 0
1119592654 0 551936 8 0
1119653773 0 551784 152 0
1119960491 0 552448 32 0
1123429060 0 552952 8 0
1130128475 0 552800 152 0
1131061820 0 851968 32 0
1186185939 0 853272 8 0
1187853329 0 853280 32 0
1192591079 0 837568 8 0
1193133121 0 865872 8 0
1150705626 0 847432 8 0
1152019779 0 845168 248 0
1152027778 0 845416 8 0
1152140024 0 845424 248 0
1152146844 0 845672 8 0
1152195082 0 845680 248 0
1152200208 0 845928 8 0
1152338662 0 845936 248 0
1152345780 0 846184 8 0
1152487746 0 846192 248 0
1152494028 0 846440 8 0
1152647523 0 846448 248 0
1152648359 0 846696 8 0
1152797058 0 846704 248 0
1152797526 0 846952 8 0
1156416731 0 846960 248 0
1156417228 0 847208 8 0
1160015801 0 847216 216 0
1161576772 0 824992 8 0
1171639537 0 867536 8 0
1173213121 0 828616 8 0
1173601636 0 828608 8 0
1173893049 0 828592 8 0
1173946849 0 828600 8 0
1174496756 0 828576 8 0
1174541587 0 828584 8 0
1175051228 0 828568 8 0
1175481469 0 828544 24 0
1176473871 0 867528 8 0
1179009219 0 867544 32 0
1181583173 0 823632 8 0
1183912418 0 789056 88 0
1184044961 0 578288 248 0
1184064389 0 578536 8 0
1184128627 0 578544 136 0
1184203548 0 583032 248 0
1184209933 0 583280 8 0
1184284802 0 583288 88 0
1184390130 0 582896 136 0
1184491715 0 578680 72 0
1184544183 0 579656 24 0
1187618893 0 579944 248 0
1187619532 0 580192 8 0
1188222429 0 588104 136 0
1191282302 0 588096 8 0
1192273501 0 587712 128 0
1192821230 0 577952 56 0
1214776312 0 578264 24 0
1195250749 0 853248 8 0
1196694995 0 828120 8 0
1197569228 0 853392 8 0
1198664891 0 854816 8 0
1200740574 0 853256 8 0
1202102802 0 853264 8 0
1204392964 0 854712 8 0
1207091841 0 828200 8 0
1207691048 0 838656 8 0
1207706619 0 838664 32 0
1208601685 0 838728 8 0
1208617403 0 838736 32 0
1209297774 0 838592 8 0
1210001268 0 838696 32 0
1210607737 0 838648 8 0
1210834345 0 825952 8 0
1211987772 0 839424 8 0
1212003592 0 839432 32 0
1212673302 0 838584 8 0
1213259121 0 838376 8 0
1213649975 0 715760 8 0
1213667152 0 715768 32 0
1217993899 0 715800 40 0
1218013062 0 715848 16 0
1218344520 0 715704 8 0
1220339017 0 826312 8 0
1220606900 0 828488 8 0
1221384150 0 839416 8 0
1222259924 0 838448 8 0
1222991128 0 839512 8 0
1223011606 0 839520 32 0
1223614711 0 715696 8 0
1224361838 0 866240 8 0
1228959450 0 852880 8 0
1230969212 0 853568 8 0
1232204648 0 853576 32 0
1234690158 0 821256 8 0
1237634766 0 854640 8 0
1239424212 0 866272 8 0
1241098430 0 858768 8 0
1243973653 0 839192 8 0
1243988884 0 839200 32 0
1244203559 0 839232 64 0
1250054168 0 839080 8 0
1252004887 0 837832 8 0
1252427689 0 838600 24 0
1252738881 0 826592 8 0
1253458096 0 838912 8 0
1253748902 0 826600 32 0
1253926434 0 822400 8 0
1257727189 0 822408 32 0
1262605062 0 837816 8 0
1263114066 0 839104 8 0
1263615031 0 839120 8 0
1264556731 0 838408 8 0
1264591459 0 838416 32 0
1265231040 0 839312 8 0
1265273965 0 839320 32 0
1265764949 0 837848 8 0
1266464892 0 837840 8 0
1267462482 0 837880 8 0
1267788343 0 827104 8 0
1267949573 0 823872 8 0
1269170915 0 854936 8 0
1270629450 0 854944 32 0
1272457906 0 854976 64 0
1273209734 0 853496 8 0
1277610056 0 853504 32 0
1279688896 0 853488 8 0
1281613331 0 854848 8 0
1283388395 0 853424 8 0
1283673503 0 715208 64 0
1284188228 0 854912 8 0
1285334597 0 854920 16 0
1287119310 0 853224 8 0
1288774114 0 824632 8 0
1290400516 0 853872 8 0
1291643566 0 853880 32 0
1293624389 0 822336 8 0
1245885557 0 839624 8 0
1245900230 0 839632 32 0
1296000144 0 853432 8 0
1297060022 0 853912 192 0
1305609402 0 507904 32 0
1308747730 0 508024 8 0
1310926872 0 507936 88 0
1311273911 0 506872 32 0
1315855768 0 507824 8 0
1317731098 0 507632 192 0
1323812211 0 825104 144 0
1324278432 0 826032 8 0
1326133412 0 715072 8 0
1326148869 0 715080 32 0
1326325422 0 716688 8 0
1326899413 0 824984 8 0
1328785807 0 824912 8 0
1330241856 0 824904 8 0
1331973162 0 824896 8 0
1332011201 0 824920 8 0
1333656932 0 506992 8 0
1335561441 0 506904 72 0
1336821774 0 507008 8 0
1337731286 0 826512 8 0
1341064223 0 828144 8 0
1341080572 0 828152 8 0
1341085118 0 828176 8 0
1341734304 0 506976 16 0
1341745506 0 507000 8 0
1341756436 0 507016 248 0
1341832696 0 507264 112 0
1342209628 0 824880 8 0
1344477588 0 822344 8 0
1347994373 0 507560 8 0
1348010442 0 507568 32 0
1351633373 0 826544 8 0
1351819842 0 828048 8 0
1353865025 0 828296 8 0
1354048344 0 822160 8 0
1360349851 0 827776 8 0
1360365514 0 827784 32 0
1365052871 0 824504 8 0
1365418009 0 513240 32 0
1369281634 0 513504 8 0
1373785517 0 513360 144 0
1377716422 0 509136 32 0
1377757694 0 509480 8 0
1377783363 0 509336 144 0
1378068426 0 670080 32 0
1390895663 0 671632 8 0
1392149654 0 671376 248 0
1392185300 0 671624 8 0
1398962585 0 508888 32 0
1398985641 0 509128 8 0
1399079695 0 508984 144 0
1399521251 0 508224 32 0
1399541770 0 508632 16 0
1399565765 0 508472 160 0
1399854023 0 882544 32 0
1412112273 0 887544 8 0
1417616068 0 887088 248 0
1417649636 0 887336 8 0
1424741777 0 887344 200 0
1425225723 0 847440 32 0
1425258324 0 850752 16 0
1433108513 0 850504 248 0
1441891850 0 868352 32 0
1448941965 0 882536 8 0
1450747849 0 881560 248 0
1450782826 0 881808 8 0
1466308765 0 881816 248 0
1466393098 0 882064 8 0
1466446751 0 882072 248 0
1466746088 0 882320 8 0
1466882375 0 882328 208 0
1468317733 0 507832 32 0
1468340862 0 507896 8 0
1468546732 0 512424 32 0
1484398258 0 512496 8 0
1491426365 0 512456 40 0
1491789285 0 508648 32 0
1491810407 0 508880 8 0
1491832866 0 508736 144 0
1492077102 0 513024 32 0
1496290796 0 513232 8 0
1497690438 0 513088 144 0
1500352861 0 512328 32 0
1507925418 0 512416 8 0
1509772200 0 668288 32 0
1514856228 0 670072 8 0
1516095573 0 669920 152 0
1521455957 0 850768 32 0
1521769036 0 851528 8 0
1521810934 0 851336 192 0
1522287787 0 512000 32 0
1529223608 0 512320 8 0
1530830379 0 512176 144 0
1535925094 0 509976 32 0
1535945608 0 510168 8 0
1535967124 0 510032 136 0
1536244631 0 512576 32 0
1536874241 0 512720 8 0
1536895567 0 512608 112 0
1537123518 0 508032 32 0
1537142432 0 508216 8 0
1537162772 0 508080 136 0
1537393670 0 801792 32 0
1573334133 0 802624 8 0
1574669164 0 802448 176 0
1584762783 0 821088 8 0
1588486202 0 821096 32 0
1590741781 0 544448 32 0
1594463809 0 544632 8 0
1596860858 0 544480 64 0
1597066513 0 544544 88 0
1598454352 0 76192 8 0
1601594475 0 598032 32 0
1601645468 0 600896 144 0
1601710474 0 598192 248 0
1601752561 0 598440 8 0
1601825229 0 601088 32 0
1601867664 0 601608 136 0
1601948830 0 601120 224 0
1602593864 0 4536184 32 0
1605360917 0 4538208 144 0
1611416966 0 4536232 248 0
1611464122 0 4536480 8 0
1616610530 0 601056 32 0
1616693462 0 4594752 32 0
1616733470 0 4594896 136 0
1616782550 0 4594784 112 0
1616846298 0 4594488 32 0
1616885184 0 4594520 136 0
1616957539 0 5888 8 0
1616993604 0 5896 8 0
1616995168 0 5904 8 0
1616996552 0 5912 8 0
1616997603 0 5920 8 0
1616999096 0 5928 8 0
1617000313 0 5936 8 0
1617001372 0 5944 8 0
1617002477 0 5952 8 0
1617003621 0 5960 8 0
1617004590 0 5968 8 0
1617006523 0 5976 8 0
1617007490 0 5984 8 0
1617010485 0 5992 8 0
1617011558 0 6000 8 0
1617012831 0 6008 8 0
1617013759 0 6016 8 0
1617014872 0 6024 8 0
1617015909 0 6032 8 0
1617017269 0 6040 8 0
1617018273 0 6048 8 0
1617020222 0 6064 8 0
1617021664 0 6072 8 0
1617022891 0 6080 8 0
1617023935 0 6088 8 0
1617025643 0 6096 8 0
1617026576 0 6104 8 0
1617027666 0 6112 8 0
1617028596 0 6120 8 0
1617029497 0 6128 8 0
1617030429 0 6136 8 0
1617032210 0 6056 8 0
1624000189 0 520896 32 0
1624046493 0 520928 32 0
1624136767 0 4592608 32 0
1624175320 0 4593352 136 0
1624262745 0 4592640 248 0
1624632430 0 4592888 8 0
1624653794 0 4536216 16 0
1624932751 0 4536488 240 0
1625397008 0 598064 128 0
1625445882 0 601344 248 0
1625488030 0 601592 8 0
1625601454 0 598448 128 0
1625670508 0 598576 248 0
1625711013 0 598824 8 0
1625837537 0 4537272 248 0
1625843963 0 4537520 8 0
1644355122 0 4536768 248 0
1644442547 0 4537016 8 0
1644479726 0 4536728 40 0
1644690818 0 4537024 184 0
1646997640 0 824688 8 0
1694988973 0 824696 32 0
1704217645 0 824728 64 0
1704784897 0 825768 8 0
1706896586 0 825776 32 0
1707186169 0 714440 8 0
1707631430 0 714432 8 0
1707705366 0 824680 8 0
1709466089 0 824664 8 0
1710967551 0 824608 8 0
1712108091 0 824616 16 0
1712150172 0 824640 8 0
1713825154 0 714424 8 0
1714311753 0 714384 8 0
1714782383 0 714448 32 0
1715402921 0 853008 8 0
1715611664 0 820880 8 0
1717077159 0 824008 8 0
1717186329 0 820864 8 0
1718378827 0 820872 8 0
1718422777 0 820888 16 0
1720003486 0 824968 8 0
1720099608 0 824976 8 0
1721316589 0 824928 32 0
1721405836 0 824960 8 0
1722627309 0 76088 8 0
1722656904 0 75856 8 0
1723963515 0 454368 32 0
1727675684 0 454400 8 0
1728975523 0 820856 8 0
1732594193 0 819920 8 0
1736589103 0 815072 8 0
1738031056 0 815080 32 0
1739928717 0 553192 32 0
1739953512 0 553840 8 0
1739979969 0 553680 160 0
1740219326 0 826064 8 0
1740233496 0 826072 32 0
1740498106 0 811816 8 0
1740510942 0 811824 8 0
1740737310 0 816216 8 0
1742294588 0 816224 32 0
1745686029 0 820848 8 0
1750372159 0 828496 8 0
1750516608 0 827880 32 0
1750636123 0 715904 8 0
1750875446 0 821344 8 0
1753384965 0 820840 8 0
1754686202 0 816184 8 0
1756551676 0 816192 24 0
1758724429 0 820832 8 0
1760105744 0 820824 8 0
1761722067 0 825560 8 0
1762274993 0 838624 24 0
1762962625 0 839400 8 0
1763315118 0 838576 8 0
1764190863 0 839464 48 0
1765240306 0 839368 8 0
1765254761 0 839376 24 0
1766399190 0 852864 8 0
1766414251 0 852872 8 0
1766419460 0 852888 16 0
1768812381 0 838336 8 0
1770032590 0 838392 8 0
1770587259 0 826504 8 0
1770598418 0 826520 16 0
1771395083 0 838816 8 0
1771412588 0 838824 32 0
1772237629 0 825928 8 0
1772730629 0 867368 8 0
1774159547 0 867376 32 0
1778503223 0 838896 8 0
1778518258 0 838904 8 0
1778523511 0 838920 16 0
1779115997 0 838880 8 0
1780122757 0 838888 8 0
1781327867 0 79128 8 0
1783466023 0 838856 24 0
1785048155 0 838256 8 0
1785483267 0 838936 144 0
1785516746 0 839088 16 0
1785523593 0 839112 8 0
1785530062 0 839128 32 0
1788265716 0 838264 32 0
1789746581 0 825280 8 0
1790365253 0 825264 8 0
1790379912 0 825272 8 0
1791126802 0 837800 8 0
1791419650 0 837600 8 0
1791435382 0 837608 32 0
1794452480 0 837640 64 0
1805506260 0 838768 48 0
1805793332 0 713600 8 0
1808956605 0 820648 8 0
1812025580 0 854608 8 0
1812511816 0 854104 248 0
1812558512 0 854352 8 0
1812949657 0 714832 8 0
1812964164 0 714840 32 0
1813764898 0 854576 8 0
1813779993 0 854584 24 0
1814378715 0 714824 8 0
1814627866 0 714816 8 0
1814728911 0 813432 8 0
1816269214 0 813464 8 0
1820553627 0 813632 8 0
1823114550 0 813640 32 0
1826817140 0 813672 64 0
1827097617 0 813392 8 0
1837516004 0 714936 8 0
1837531506 0 714944 32 0
1837925555 0 813456 8 0
1840017633 0 813624 8 0
1841703998 0 813736 144 0
1842126396 0 813400 8 0
1844815383 0 714872 64 0
1845991070 0 544640 32 0
1846023223 0 544776 8 0
1846037536 0 544672 64 0
1846145108 0 544736 40 0
1846673137 0 813592 8 0
1847949369 0 813600 24 0
1850551535 0 714976 96 0
1851079532 0 824584 8 0
1851094630 0 824592 16 0
1856756343 0 824648 16 0
1856776475 0 824672 8 0
1857510835 0 824568 8 0
1857524353 0 824576 8 0
1858441183 0 715952 56 0
1860171969 0 714808 8 0
1860658870 0 813576 8 0
1861962475 0 813584 8 0
1863405845 0 813384 8 0
1868747579 0 813496 8 0
1870391093 0 813488 8 0
1872240640 0 715648 32 0
1872254481 0 715688 8 0
1873215753 0 716672 8 0
1873309853 0 716656 8 0
1873474044 0 716664 8 0
1873482925 0 716680 8 0
1874117748 0 813568 8 0
1875810077 0 813424 8 0
1877808787 0 823816 8 0
1877824874 0 823824 32 0
1878364546 0 853240 8 0
1878752748 0 853232 8 0
1879971225 0 855464 8 0
1879987974 0 855472 32 0
1880404410 0 853472 8 0
1880418752 0 853480 8 0
1881323570 0 853536 32 0
1881719497 0 853608 96 0
1883942875 0 454472 8 0
1884377711 0 854744 8 0
1884844926 0 854688 8 0
1885207974 0 854784 8 0
1887458387 0 852992 8 0
1887907914 0 854792 8 0
1888374973 0 841624 8 0
1888392287 0 841632 32 0
1888935417 0 841672 8 0
1889433994 0 842112 8 0
1889449666 0 842120 32 0
1890240828 0 841680 32 0
1891614598 0 841664 8 0
1891625304 0 841712 16 0
1892616066 0 842152 64 0
1893318525 0 841728 112 0
1894863533 0 854808 8 0
1896176753 0 842096 8 0
1896191213 0 842104 8 0
1897114431 0 841608 8 0
1897128396 0 841616 8 0
1898137495 0 713576 8 0
1941850734 0 841840 248 0
1941899261 0 842088 8 0
1942993381 0 842216 136 0
1950887801 0 841600 8 0
1959435879 0 716616 8 0
1960590734 0 854696 8 0
1960632631 0 854704 8 0
1960639297 0 854720 16 0
1966030591 0 820696 8 0
1967913556 0 820704 32 0
1969661377 0 820736 64 0
1969845546 0 820800 24 0
1969846459 0 820904 24 0
1976210376 0 714328 56 0
1976384553 0 714392 32 0
1976385203 0 714480 8 0
1980045338 0 827520 8 0
1980099851 0 827528 32 0
1980222690 0 827560 64 0
1980409263 0 827624 128 0
1980987494 0 716888 8 0
1984212037 0 827512 8 0
1984579331 0 827472 8 0
1984686113 0 827464 8 0
1984781019 0 827496 8 0
1984980430 0 827216 8 0
1985130733 0 827224 32 0
1985272935 0 716880 8 0
1988118733 0 827208 8 0
1988249174 0 827480 16 0
1988598914 0 716928 8 0
1994651457 0 716936 8 0
2005635732 0 842376 8 0
2006066048 0 842400 8 0
2006131286 0 842408 32 0
2009519216 0 842352 24 0
2009765427 0 842384 16 0
2009773891 0 842440 8 0
2011633893 0 842448 128 0
2015842972 0 714784 8 0
2016642618 0 827768 8 0
2026683443 0 713776 8 0
2027563370 0 854760 8 0
2029239431 0 854824 24 0
2035275805 0 580624 248 0
2035288529 0 580872 8 0
2036622011 0 886256 8 0
2041820094 0 886264 32 0
2053167691 0 886488 8 0
2062776775 0 828208 8 0
2062843601 0 828216 8 0
2073866477 0 507376 184 0
2073877781 0 507600 32 0
2074068789 0 822264 8 0
2075626542 0 822272 32 0
2077598436 0 827376 8 0
2078265494 0 822304 32 0
2078276906 0 822352 16 0
2078455894 0 822368 32 0
2078459055 0 822440 56 0
2083002257 0 713272 8 0
2089143488 0 713200 8 0
2091288483 0 713280 32 0
2099979755 0 713312 64 0
2100433112 0 606360 8 0
2111129377 0 828056 8 0
2111212180 0 713240 8 0
2112783049 0 713248 24 0
2114766100 0 713472 8 0
2114954663 0 713464 8 0
2115052726 0 713488 8 0
2115256038 0 713480 8 0
2115265211 0 713496 8 0
2115503266 0 606448 8 0
2120311552 0 606456 32 0
2130805930 0 606488 64 0
2133836950 0 713424 8 0
2147202950 0 713432 32 0
2147770459 0 606352 8 0
2148629511 0 814496 64 0
2148920687 0 814560 248 0
2148934755 0 814808 8 0
2153215752 0 714256 8 0
2153646242 0 713504 72 0
2153651989 0 713584 8 0
2153654261 0 713608 40 0
2154321881 0 814400 8 0
2154373617 0 814408 8 0
2155063355 0 826632 64 0
2156220768 0 716040 8 0
2156269507 0 716048 16 0
2160212610 0 822240 8 0
2174564701 0 822248 16 0
2178074547 0 824016 32 0
2178193966 0 824048 64 0
2178540422 0 455504 8 0
2180009283 0 824000 8 0
2180429489 0 824112 32 0
2180439405 0 824184 24 0
2181117149 0 823984 16 0
2181577875 0 818776 8 0
2184338177 0 454424 8 0
2184459867 0 6912 8 0
2184466567 0 6920 8 0
2184467794 0 6928 8 0
2184468799 0 6936 8 0
2184469879 0 6944 8 0
2184471381 0 6952 8 0
2184472737 0 6960 8 0
2184473777 0 6968 8 0
2184475337 0 6976 8 0
2184477010 0 6992 8 0
2184478201 0 7000 8 0
2184479424 0 7008 8 0
2184480389 0 7016 8 0
2184484555 0 7024 8 0
2184485687 0 7032 8 0
2184487400 0 7040 8 0
2184489044 0 7048 8 0
2184490470 0 7056 8 0
2184491601 0 7064 8 0
2184492817 0 7072 8 0
2184494222 0 7080 8 0
2184495453 0 7088 8 0
2184496653 0 7096 8 0
2184497981 0 7104 8 0
2184499104 0 7112 8 0
2184500282 0 7120 8 0
2184501475 0 7128 8 0
2184502427 0 7136 8 0
2184503458 0 7144 8 0
2184505468 0 7152 8 0
2184506613 0 7160 8 0
2184507945 0 7168 8 0
2184508314 0 6984 8 0
2184710920 0 77872 8 0
2198749284 0 7176 8 0
2198760005 0 7184 8 0
2198765151 0 7200 8 0
2198769931 0 7208 8 0
2198774180 0 7216 8 0
2198778530 0 7224 8 0
2198782839 0 7232 8 0
2198787130 0 7240 8 0
2198791413 0 7248 8 0
2198795573 0 7256 8 0
2198799509 0 7264 8 0
2198803426 0 7272 8 0
2198809005 0 7280 8 0
2198813818 0 7288 8 0
2198820187 0 7296 8 0
2198824674 0 7304 8 0
2198828541 0 7312 8 0
2198833035 0 7320 8 0
2198837160 0 7328 8 0
2198841591 0 7336 8 0
2198845417 0 7344 8 0
2198849565 0 7352 8 0
2198853878 0 7360 8 0
2198858065 0 7368 8 0
2198862031 0 7376 8 0
2198866071 0 7384 8 0
2198870823 0 7392 8 0
2198875072 0 7400 8 0
2198879185 0 7408 8 0
2198883292 0 7416 8 0
2198887364 0 7424 8 0
2198890820 0 7192 8 0
2199253402 0 77960 8 0
2204387460 0 750120 8 0
2207416970 0 818848 32 0
2212162644 0 822208 8 0
2213805348 0 822216 24 0
2215909189 0 827328 8 0
2217134882 0 828136 8 0
2217631802 0 827320 8 0
2217967281 0 827272 8 0
2222413620 0 858920 8 0
2222430366 0 858928 32 0
2223336809 0 811480 8 0
2223352053 0 811488 32 0
2223715228 0 542576 32 0
2223742641 0 542640 8 0
2223755647 0 542608 32 0
2223953899 0 811584 8 0
2223968161 0 811592 32 0
2224415733 0 811552 8 0
2224430249 0 811560 24 0
2224698868 0 811520 32 0
2224938199 0 717656 8 0
2224973750 0 717640 8 0
2225387670 0 264648 8 0
2227524673 0 821128 64 0
2227893183 0 823696 24 0
2229143942 0 858960 64 0
2229738993 0 811976 8 0
2238123650 0 811472 8 0
2238330442 0 811416 8 0
2238348080 0 811424 32 0
2238444572 0 613064 8 0
2242763121 0 886216 8 0
2244941664 0 886224 32 0
2247757339 0 827920 8 0
2248079691 0 827912 8 0
2248091330 0 827928 24 0
2248756591 0 886504 8 0
2250039157 0 886512 32 0
2252056724 0 821456 8 0
2252832524 0 866232 8 0
2253647515 0 866248 24 0
2254379615 0 854368 8 0
2255901043 0 853312 64 0
2257666224 0 865784 8 0
2257683785 0 865792 32 0
2259813286 0 866792 8 0
2260150915 0 866336 8 0
2260567484 0 866328 8 0
2261155891 0 852152 8 0
2264300611 0 866280 48 0
2265251246 0 841032 8 0
2265268331 0 841040 32 0
2266249676 0 841024 8 0
2267715466 0 841000 8 0
2267733086 0 841008 16 0
2268696426 0 841072 32 0
2269463071 0 840824 8 0
2269479345 0 840832 32 0
2270770961 0 840872 8 0
2271204412 0 840864 8 0
2271218725 0 840880 120 0
2272398182 0 821864 8 0
2282251415 0 841104 32 0
2282686278 0 841544 8 0
2283793941 0 840768 8 0
2284473203 0 840640 8 0
2284489000 0 840648 32 0
2286361386 0 841568 8 0
2286377643 0 841576 24 0
2287216046 0 827176 8 0
2287496613 0 841496 8 0
2287511787 0 841504 32 0
2303263612 0 841536 8 0
2303277006 0 841552 16 0
2304945602 0 841192 8 0
2305327251 0 840720 16 0
2305713881 0 840632 8 0
2308060509 0 841216 8 0
2308749867 0 825432 8 0
2308943124 0 841312 8 0
2312877413 0 841208 8 0
2313310505 0 841264 8 0
2315103523 0 841272 32 0
2318095473 0 841136 56 0
2318114809 0 841200 8 0
2318120978 0 841224 40 0
2318131033 0 841304 8 0
2318136194 0 841320 72 0
2320117171 0 840760 8 0
2321285148 0 840680 40 0
2321300382 0 840736 8 0
2324781142 0 840744 16 0
2324796501 0 840776 48 0
2335915660 0 841432 8 0
2339922395 0 822192 8 0
2339989804 0 827256 16 0
2340001287 0 827280 40 0
2341365305 0 868216 8 0
2342973362 0 868224 32 0
2344944934 0 868256 64 0
2347645106 0 853464 8 0
2348296231 0 827344 8 0
2348307115 0 827360 16 0
2348314285 0 827384 24 0
2348323256 0 827448 16 0
2348328764 0 827504 8 0
2349971003 0 854856 56 0
2350826160 0 716584 8 0
2351004915 0 716568 8 0
2351019203 0 716576 8 0
2351024444 0 716592 16 0
2358590552 0 716016 8 0
2362127222 0 853216 8 0
2363437211 0 853200 8 0
2363452628 0 853208 8 0
2365255642 0 853192 8 0
2365708789 0 885984 8 0
2367638328 0 885944 8 0
2368909436 0 885952 32 0
2371444281 0 844896 8 0
2371461507 0 844904 32 0
2371842105 0 844856 8 0
2372282539 0 844888 8 0
2372689976 0 844872 8 0
2372703778 0 844880 8 0
2373456918 0 844848 8 0
2375432232 0 867336 8 0
2375449534 0 867344 24 0
2376234399 0 885992 56 0
2377031729 0 886048 112 0
2378903809 0 714752 8 0
2382177314 0 714760 24 0
2383465104 0 813544 16 0
2391408421 0 813240 8 0
2393345875 0 812880 8 0
2395005806 0 714744 8 0
2395950582 0 812888 32 0
2433541274 0 813112 8 0
2435875126 0 854456 8 0
2436373998 0 867576 64 0
2438021281 0 866344 144 0
2439448905 0 867976 8 0
2443284666 0 855096 8 0
2443664929 0 855152 8 0
2445432531 0 854680 8 0
2445786697 0 859120 8 0
2445803101 0 859128 32 0
2447050590 0 866808 8 0
2447413867 0 859040 8 0
2450481273 0 866184 8 0
2450504728 0 866192 32 0
2450966592 0 866080 8 0
2452340043 0 866608 8 0
2452756820 0 866768 8 0
2453326717 0 866776 16 0
2453338371 0 866800 8 0
2453350965 0 866816 56 0
2454529956 0 866760 8 0
2466348024 0 859104 8 0
2466362951 0 859112 8 0
2467589518 0 859096 8 0
2468240537 0 859168 8 0
2468819251 0 853864 8 0
2469384888 0 859296 8 0
2469401306 0 859304 32 0
2478393483 0 866528 8 0
2480640599 0 866488 40 0
2480659573 0 866536 72 0
2480678929 0 866616 128 0
2488436082 0 852144 8 0
2488852973 0 858568 8 0
2489376250 0 865824 48 0
2489393298 0 865880 8 0
2489837190 0 852912 8 0
2489851829 0 852920 32 0
2490665113 0 868144 8 0
2490679766 0 868152 32 0
2492366865 0 839552 72 0
2492389751 0 839664 80 0
2494016533 0 867888 8 0
2494445658 0 857624 8 0
2494833739 0 855776 8 0
2494849390 0 855784 32 0
2495189879 0 858216 8 0
2495614770 0 858112 8 0
2495630827 0 858120 32 0
2495935656 0 858408 8 0
2495951092 0 858416 32 0
2496758404 0 857824 8 0
2497380304 0 858328 8 0
2497398778 0 858336 32 0
2498047011 0 858272 8 0
2498068337 0 858280 32 0
2498739873 0 858176 8 0
2498760993 0 858184 32 0
2499370189 0 858160 8 0
2499388187 0 858168 8 0
2499919846 0 857888 8 0
2499936193 0 857896 32 0
2500574127 0 858032 8 0
2500588999 0 858040 32 0
2501138516 0 855576 8 0
2501635633 0 855520 8 0
2501653552 0 855528 32 0
2502567145 0 855512 8 0
2502924277 0 855504 8 0
2503474643 0 855560 16 0
2503490695 0 855584 144 0
2504129757 0 856040 8 0
2504535445 0 855832 8 0
2504551337 0 855840 32 0
2505163892 0 856024 8 0
2505621081 0 855936 8 0
2506080747 0 856096 8 0
2506098246 0 856104 32 0
2506548511 0 861736 8 0
2506562608 0 861744 32 0
2506972535 0 861816 8 0
2507268054 0 861784 8 0
2508002925 0 861776 8 0
2508015698 0 861792 24 0
2508022627 0 861824 16 0
2508831305 0 861840 128 0
2510229773 0 857472 8 0
2510245701 0 857480 32 0
2510742066 0 857280 8 0
2511061532 0 857216 8 0
2511780003 0 857016 8 0
2511794922 0 857024 32 0
2512137049 0 857296 8 0
2512151660 0 857304 32 0
2512479741 0 857200 8 0
2513147038 0 857336 136 0
2513176902 0 857512 16 0
2513574984 0 857056 64 0
2514017381 0 857240 8 0
2514048628 0 857248 32 0
2514406957 0 857288 8 0
2515258359 0 857176 8 0
2515650537 0 856360 8 0
2516014309 0 856144 8 0
2516408238 0 856400 8 0
2516775485 0 856536 8 0
2516790712 0 856544 32 0
2517229893 0 856192 8 0
2517635207 0 856672 8 0
2517649251 0 856680 32 0
2518110795 0 856448 8 0
2518501976 0 856480 8 0
2518515841 0 856488 32 0
2518967770 0 856456 8 0
2518986528 0 856464 16 0
2519560871 0 856760 8 0
2520093288 0 856712 48 0
2520584568 0 856424 8 0
2521389023 0 856800 8 0
2521403851 0 856808 32 0
2521782138 0 856784 8 0
2522544570 0 857008 8 0
2523039840 0 856976 8 0
2523619535 0 856160 8 0
2523640724 0 856168 24 0
2525257438 0 856584 8 0
2525820473 0 856624 8 0
2525844008 0 856632 32 0
2527404530 0 856600 8 0
2527962147 0 856608 16 0
2528519005 0 856664 8 0
2529967784 0 853016 32 0
2531043695 0 856592 8 0
2535483601 0 865728 16 0
2535503950 0 865744 32 0
2536179123 0 863784 8 0
2536516027 0 864352 8 0
2536826427 0 864400 8 0
2537507480 0 864368 8 0
2537850013 0 864272 8 0
2537864566 0 864280 32 0
2538229915 0 864312 40 0
2538244750 0 864360 8 0
2538249360 0 864376 24 0
2538259627 0 864408 96 0
2539274678 0 864144 8 0
2539615206 0 864216 8 0
2539951040 0 864168 8 0
2540335045 0 864240 8 0
2540686178 0 864248 24 0
2541033595 0 864152 8 0
2541047939 0 864160 8 0
2541053442 0 864176 16 0
2542765264 0 864536 8 0
2542780306 0 864544 32 0
2543143515 0 864576 192 0
2544480200 0 865304 8 0
2544808943 0 864792 8 0
2545153848 0 864864 8 0
2545546918 0 865344 8 0
2545561958 0 865352 32 0
2545899042 0 865208 8 0
2546326633 0 864856 8 0
2547035499 0 865024 8 0
2547050485 0 865032 32 0
2547424719 0 865176 8 0
2547761829 0 865160 8 0
2548641119 0 865152 8 0
2548982845 0 865072 8 0
2549676929 0 865120 8 0
2550065155 0 865080 8 0
2550795977 0 864784 8 0
2551136181 0 865216 8 0
2551149634 0 865224 32 0
2551523449 0 865016 8 0
2551905782 0 864984 8 0
2552707019 0 864960 8 0
2553068082 0 865256 48 0
2553085066 0 865312 32 0
2553095423 0 865384 64 0
2554112830 0 865128 8 0
2554501827 0 864840 8 0
2554976474 0 864816 8 0
2555488795 0 864800 16 0
2556509396 0 864768 16 0
2556959046 0 865672 8 0
2557361482 0 865640 16 0
2557789319 0 863184 8 0
2558249664 0 863872 8 0
2558684187 0 863808 8 0
2559121646 0 865576 8 0
2559558102 0 865600 8 0
2559576851 0 865608 32 0
2560847967 0 863312 8 0
2561287712 0 863168 8 0
2561725592 0 865536 8 0
2562210513 0 865712 8 0
2562230604 0 865720 8 0
2562688479 0 863896 8 0
2563536140 0 864080 8 0
2564832126 0 863760 8 0
2565676403 0 864072 8 0
2566142801 0 864936 8 0
2566596385 0 863240 16 0
2567046946 0 863216 8 0
2567488131 0 863224 16 0
2568058921 0 858880 8 0
2568081002 0 858888 32 0
2569108354 0 867504 8 0
2569688074 0 855440 8 0
2569709184 0 855448 16 0
2570654111 0 859432 8 0
2571086337 0 855320 8 0
2571941166 0 868320 32 0
2571964414 0 837400 80 0
2573953705 0 867512 16 0
2575347264 0 854544 8 0
2575841168 0 854416 8 0
2575859768 0 854424 32 0
2576488365 0 854560 8 0
2577437768 0 854360 8 0
2577451541 0 854376 40 0
2577471954 0 854464 80 0
2577495742 0 854552 8 0
2577515536 0 854568 8 0
2578517021 0 828272 8 0
2578546892 0 828280 16 0
2578556278 0 828304 8 0
2579364686 0 828264 8 0
2579376197 0 828312 24 0
2579632154 0 716720 8 0
2579654100 0 716728 32 0
2580061744 0 716240 8 0
2580101586 0 716248 32 0
2580192382 0 716280 64 0
2581384821 0 828336 152 0
2581734854 0 713216 8 0
2583696850 0 825528 8 0
2583819770 0 716760 64 0
2585385086 0 454240 8 0
2587797362 0 818880 64 0
2588510192 0 716824 56 0
2588530900 0 716896 32 0
2588539874 0 716944 24 0
2591103635 0 854616 24 0
2591119453 0 854648 32 0
2591128669 0 854736 8 0
2591132486 0 854752 8 0
2591137907 0 854768 16 0
2591142536 0 854800 8 0
2594804823 0 839744 248 0
2594849840 0 839992 8 0
2613602246 0 838040 8 0
2613619678 0 838048 32 0
2614507540 0 837992 8 0
2614531555 0 838000 32 0
2615521772 0 837984 8 0
2616009786 0 838080 64 0
2616739406 0 837960 8 0
2617165337 0 837976 8 0
2619629901 0 837968 8 0
2626019669 0 840008 8 0
2626540113 0 838200 8 0
2626560974 0 838208 32 0
2626794969 0 838240 16 0
2626806334 0 838296 8 0
2629983920 0 838176 8 0
2631109131 0 715600 8 0
2631515659 0 838160 8 0
2631873763 0 838152 8 0
2632855272 0 838168 8 0
2632866533 0 838184 16 0
2634929253 0 837856 24 0
2636652726 0 837824 8 0
2638291438 0 838304 32 0
2638308212 0 838344 32 0
2638317779 0 838384 8 0
2638321431 0 838400 8 0
2638728587 0 838144 8 0
2642071738 0 838456 88 0
2642836752 0 716384 8 0
2643920581 0 716624 32 0
2675270340 0 823656 8 0
2675496837 0 825416 16 0
2675510558 0 825440 8 0
2675610248 0 825448 64 0
2686772638 0 867992 8 0
2686795620 0 868000 32 0
2687297634 0 867984 8 0
2688500709 0 855120 8 0
2688521729 0 855128 24 0
2701508522 0 713840 32 0
2702318343 0 814384 8 0
2702333091 0 814392 8 0
2703154452 0 811920 32 0
2703239535 0 811952 24 0
2703249267 0 811984 32 0
2724891434 0 859160 8 0
2724907749 0 859176 48 0
2726647778 0 870040 8 0
2730214554 0 870048 32 0
2735536132 0 859080 8 0
2736799516 0 859064 8 0
2737264341 0 859224 72 0
2737284464 0 859336 16 0
2738549843 0 859360 8 0
2738992606 0 863024 8 0
2739014614 0 863032 32 0
2739660988 0 859024 16 0
2739671765 0 859048 8 0
2741392890 0 865976 8 0
2741776752 0 865984 32 0
2743239011 0 865928 8 0
2743255943 0 865936 32 0
2743416411 0 865968 8 0
2743423524 0 866016 16 0
2744071427 0 866072 8 0
2744309145 0 865888 40 0
2744938490 0 867312 8 0
2744953004 0 867320 16 0
2745616618 0 867200 8 0
2745632045 0 867208 32 0
2746372325 0 866880 8 0
2746683489 0 867048 8 0
2746697408 0 867056 32 0
2747699190 0 866976 8 0
2749226713 0 866872 8 0
2749238599 0 866888 16 0
2749712526 0 867112 8 0
2749727497 0 867120 32 0
2750682025 0 867240 48 0
2751924976 0 867288 24 0
2751941094 0 867408 96 0
2752989623 0 863648 8 0
2753007033 0 863656 32 0
2753418185 0 863624 8 0
2755519469 0 866992 8 0
2766858262 0 852160 32 0
2767398463 0 852200 8 0
2767415794 0 852208 32 0
2768038359 0 852568 8 0
2768055791 0 852576 32 0
2769065946 0 852328 8 0
2769080110 0 852336 32 0
2769477987 0 852368 64 0
2770308479 0 852320 8 0
2771282120 0 852288 8 0
2771673716 0 852304 8 0
2771687663 0 852312 8 0
2772043329 0 852296 8 0
2775131659 0 852432 136 0
2782244222 0 852608 224 0
2789872714 0 852192 8 0
2791485791 0 852832 32 0
2791500698 0 852904 8 0
2791507529 0 852952 40 0
2791517076 0 853000 8 0
2791522022 0 853048 40 0
2791856769 0 852256 8 0
2791870977 0 852264 24 0
2792858711 0 852240 16 0
2800249659 0 853088 104 0
2806759346 0 858752 8 0
2806776143 0 858760 8 0
2806783240 0 858776 16 0
2807431760 0 858656 8 0
2807447764 0 858664 32 0
2807610416 0 858696 56 0
2808626543 0 858792 88 0
2812006395 0 713768 8 0
2812030465 0 713784 16 0
2816603583 0 868184 32 0
2817060720 0 867792 8 0
2817972825 0 867752 8 0
2817988273 0 867760 32 0
2818469540 0 867640 112 0
2819210518 0 867800 88 0
2820404124 0 868056 8 0
2820419532 0 868064 32 0
2820979888 0 868112 8 0
2821000312 0 868120 24 0
2822896871 0 868032 24 0
2822914557 0 868096 16 0
2825655044 0 863600 8 0
2825671919 0 863608 16 0
2825678067 0 863632 8 0
2828243607 0 863264 8 0
2828259014 0 863272 32 0
2829395844 0 862832 8 0
2830573423 0 862088 8 0
2832481063 0 862288 8 0
2832497311 0 862296 32 0
2833246042 0 862144 8 0
2833262201 0 862152 32 0
2834540987 0 862000 8 0
2834555974 0 862008 32 0
2835304751 0 862184 64 0
2835899199 0 861672 8 0
2836453989 0 862056 8 0
2837594625 0 862280 8 0
2838918482 0 862336 8 0
2838937204 0 862344 32 0
2839580426 0 862376 192 0
2840252525 0 861728 8 0
2840858427 0 861968 32 0
2840872008 0 862040 16 0
2840878941 0 862064 24 0
2840885771 0 862096 48 0
2844939610 0 862328 8 0
2845584566 0 862568 248 0
2845632796 0 862816 8 0
2848363077 0 862256 8 0
2855202683 0 862248 8 0
2855214318 0 862264 16 0
2858629679 0 670304 8 0
2858645638 0 670312 32 0
2860111830 0 823648 8 0
2860359678 0 823640 8 0
2860368600 0 823664 8 0
2861266991 0 823624 8 0
2861381136 0 823616 8 0
2862916888 0 823608 8 0
2863733171 0 861696 8 0
2864530726 0 861680 8 0
2864547879 0 861688 8 0
2864553513 0 861704 16 0
2875747386 0 849104 8 0
2875763563 0 849112 32 0
2875926564 0 849144 64 0
2878060156 0 867912 8 0
2878076686 0 867920 32 0
2878933627 0 858472 8 0
2879256283 0 858448 24 0
2879680541 0 855760 8 0
2879694526 0 855768 8 0
2880563669 0 857528 96 0
2880592293 0 857632 152 0
2885422012 0 859568 8 0
2885438237 0 859576 32 0
2886211059 0 858152 8 0
2886426432 0 858400 8 0
2887096622 0 858232 8 0
2888129658 0 886176 8 0
2888587316 0 886160 16 0
2888599509 0 886184 32 0
2888613493 0 886296 192 0
2889192918 0 886496 8 0
2889203861 0 886544 96 0
2895935475 0 613072 8 0
2944504708 0 811408 8 0
2945056598 0 717984 8 0
2947424266 0 857800 8 0
2948176444 0 858480 88 0
2948188875 0 858576 32 0
2949170302 0 857832 8 0
2949213878 0 857840 32 0
2949584049 0 857816 8 0
2950993629 0 858368 32 0
2975772020 0 801328 8 0
2977516866 0 796912 248 0
2977560076 0 797160 8 0
2977599973 0 797168 248 0
2977889349 0 797416 8 0
2977981481 0 797424 248 0
2978021367 0 797672 8 0
2978120436 0 797680 248 0
2978159680 0 797928 8 0
2978230321 0 797936 248 0
2978269212 0 798184 8 0
2978338889 0 798192 248 0
2978376337 0 798440 8 0
2978447194 0 798448 248 0
2978484442 0 798696 8 0
2978555785 0 798704 248 0
2979020670 0 798952 8 0
2979136901 0 798960 248 0
2979137544 0 799208 8 0
2989274752 0 799216 248 0
2989308775 0 799464 8 0
2989383455 0 799472 248 0
2989470182 0 799720 8 0
2989542141 0 799728 248 0
2989576043 0 799976 8 0
2989697643 0 799984 248 0
2989730990 0 800232 8 0
2989858760 0 800240 248 0
2989881551 0 800488 8 0
2989960631 0 800496 248 0
2989961433 0 800744 8 0
2998086245 0 800752 248 0
2998111061 0 801000 8 0
2998241042 0 801008 248 0
2998241541 0 801256 8 0
2954096989 0 858312 16 0
2954429372 0 858256 8 0
2954477510 0 858264 8 0
2956358320 0 858248 8 0
2957109987 0 858224 8 0
2957122932 0 858240 8 0
2960679140 0 857872 16 0
2960693568 0 857928 8 0
2961370189 0 857976 8 0
2961434862 0 857984 32 0
2962149474 0 857936 40 0
2962161162 0 858016 16 0
2962567162 0 858072 40 0
3003561812 0 801264 64 0
3014276221 0 857208 8 0
3019586136 0 857224 16 0
3020083823 0 844984 8 0
3020694419 0 844944 8 0
3020709032 0 844952 32 0
3023092310 0 857168 8 0
3024254279 0 856984 24 0
3024576125 0 856968 8 0
3025389110 0 856352 8 0
3025850192 0 856520 16 0
3025861439 0 856576 8 0
3026364391 0 856840 64 0
3027726035 0 856392 8 0
3028955904 0 856200 64 0
3030510089 0 856152 8 0
3031323588 0 856328 8 0
3031345664 0 856336 16 0
3031852369 0 856264 64 0
3031929607 0 856368 24 0
3035203465 0 856768 16 0
3035217503 0 856792 8 0
3035224984 0 856904 64 0
3039032770 0 856408 16 0
3039046215 0 856432 16 0
3057608173 0 858608 48 0
3058820880 0 857120 48 0
3058843889 0 857184 16 0
3065951077 0 855944 8 0
3065967915 0 855952 32 0
3066353470 0 856016 8 0
3071480186 0 863560 8 0
3072542528 0 863568 32 0
3072886437 0 865544 8 0
3072903666 0 865552 24 0
3073501154 0 863640 8 0
3073510823 0 863688 16 0
3073811090 0 865776 8 0
3076262588 0 864504 32 0
3080774108 0 864824 16 0
3080786432 0 864848 8 0
3080793919 0 864872 64 0
3080809242 0 864944 16 0
3080815019 0 864968 16 0
3080820950 0 864992 24 0
3082211982 0 864136 8 0
3083179502 0 864224 8 0
3083194008 0 864232 8 0
3083511872 0 864200 8 0
3083525100 0 864208 8 0
3085228064 0 863704 56 0
3085247503 0 863768 16 0
3085252693 0 863792 8 0
3097970162 0 863544 8 0
3098669903 0 863512 8 0
3098685525 0 863520 24 0
3102026012 0 865448 88 0
3102049139 0 865584 16 0
3102475905 0 865192 8 0
3102871302 0 865184 8 0
3107554492 0 865168 8 0
3109414765 0 865144 8 0
3110985109 0 865064 8 0
3110997887 0 865088 32 0
3112017863 0 865136 8 0
3112027872 0 865200 8 0
3112479953 0 863480 8 0
3112494693 0 863488 24 0
3134535728 0 865664 8 0
3134978148 0 863376 8 0
3135633624 0 865680 32 0
3136182922 0 863384 8 0
3136734879 0 863192 8 0
3136750285 0 863200 16 0
3137113321 0 863464 8 0
3137404786 0 863160 8 0
3137775791 0 863144 8 0
3137791584 0 863152 8 0
3137796221 0 863176 8 0
3138603407 0 863848 8 0
3138955416 0 863832 8 0
3138970338 0 863840 8 0
3138977240 0 863856 16 0
3139536914 0 863816 16 0
3140624715 0 863880 16 0
3140638518 0 863904 40 0
3141057979 0 863800 8 0
3141071417 0 863944 104 0
3142122150 0 865656 8 0
3143171007 0 863400 8 0
3147228657 0 863304 8 0
3147242928 0 863320 32 0
3147660066 0 863432 8 0
3148762976 0 863440 8 0
3148779263 0 863448 16 0
3148785109 0 863472 8 0
3150471435 0 863136 8 0
3154212593 0 863392 8 0
3154223086 0 863408 8 0
3155413726 0 864104 8 0
3155430028 0 864112 24 0
3156882292 0 864192 8 0
3157517855 0 864048 24 0
3166771827 0 864088 16 0
3168459636 0 863256 8 0
3169452378 0 863352 24 0
3169468006 0 863416 16 0
3169473565 0 863552 8 0
3181682709 0 866752 8 0
3182381770 0 855432 8 0
3208130854 0 863120 8 0
3252445571 0 820024 8 0
3254310006 0 820032 32 0
3260665789 0 801960 8 0
3260681104 0 801968 32 0
3261381895 0 802000 192 0
3262888557 0 801824 64 0
3264574926 0 801920 8 0
3265028296 0 802192 248 0
3265073278 0 802440 8 0
3267923857 0 509488 32 0
3267953987 0 509904 8 0
3267969498 0 509520 64 0
3268067403 0 509584 128 0
3268106313 0 509912 64 0
3268293289 0 509768 136 0
3282899404 0 855344 8 0
3283795972 0 855336 8 0
3284943096 0 855328 8 0
3284953356 0 855352 8 0
3286659251 0 855360 72 0
3288040426 0 859440 32 0
3288465213 0 855256 8 0
3288480510 0 855264 32 0
3289622286 0 852136 8 0
3290106061 0 837480 88 0
3290131190 0 837576 24 0
3290138663 0 837704 32 0
3326394371 0 840000 8 0
3326420745 0 840016 240 0
3327400597 0 716104 8 0
3327411175 0 716152 24 0
3328204862 0 837952 8 0
3329714739 0 853440 24 0
3335500026 0 855104 8 0
3335734195 0 855112 8 0
3337213802 0 855160 72 0
3337696683 0 855232 24 0
3337709212 0 855296 24 0
3339460498 0 855040 56 0
3351187829 0 859088 8 0
3354037596 0 716480 8 0
3354056756 0 716488 32 0
3355971860 0 716552 8 0
3355986538 0 716560 8 0
3356391360 0 716176 64 0
3356410783 0 716344 40 0
3357554662 0 716392 88 0
3357577836 0 716520 24 0
3357584554 0 716608 8 0
3359225694 0 866224 8 0
3362116124 0 840448 8 0
3363639146 0 866032 40 0
3363659007 0 866088 88 0
3365495500 0 867000 8 0
3365511913 0 867008 32 0
3367116831 0 860464 8 0
3367913420 0 866968 8 0
3371590462 0 866904 32 0
3372392601 0 867088 24 0
3373827330 0 859808 8 0
3374145475 0 866984 8 0
3374698922 0 866960 8 0
3376667195 0 867040 8 0
3377048175 0 866952 8 0
3379044120 0 867152 48 0
3379502874 0 866944 8 0
3380773798 0 859936 8 0
3398088465 0 861640 8 0
3398105512 0 861648 24 0
3398259832 0 861720 8 0
3437095726 0 856008 8 0
3437515777 0 855920 8 0
3437530699 0 855928 8 0
3438169759 0 857784 16 0
3438180926 0 857808 8 0
3446103088 0 853376 16 0
3446116285 0 853400 24 0
3453541687 0 859376 8 0
3457044291 0 859352 8 0
3457055449 0 859368 8 0
3457062318 0 859384 48 0
3458303605 0 867896 16 0
3458316446 0 867952 24 0
3459975215 0 859472 96 0
3460004337 0 859608 120 0
3462313898 0 859944 8 0
3464052503 0 852104 8 0
3487781267 0 860064 8 0
3488364913 0 860736 8 0
3489754821 0 861568 8 0
3489773209 0 861576 32 0
3489955619 0 861608 32 0
3492914966 0 860624 8 0
3492930666 0 860632 32 0
3495865640 0 884224 8 0
3496921766 0 855728 32 0
3496940359 0 855816 16 0
3496948433 0 855872 48 0
3498257626 0 862864 8 0
3499168584 0 863016 8 0
3500695457 0 860496 8 0
3504085595 0 884888 8 0
3505683718 0 860072 8 0
3505929334 0 860096 8 0
3505970022 0 860104 32 0
3506322967 0 860080 16 0
3508979044 0 882576 64 0
3509514940 0 860256 8 0
3509748291 0 860448 8 0
3509993875 0 860440 8 0
3510295027 0 860336 8 0
3510539221 0 860296 8 0
3510848964 0 828008 8 0
3515181553 0 885632 8 0
3515501557 0 885560 8 0
3515830358 0 885608 8 0
3524662382 0 859952 24 0
3525543429 0 885424 8 0
3527262187 0 884744 8 0
3532543917 0 884232 32 0
3533033320 0 883776 8 0
3533691767 0 885216 8 0
3534320515 0 508264 8 0
3534802293 0 884944 8 0
3539050140 0 884136 8 0
3541486228 0 853832 8 0
3541502093 0 853840 24 0
3542525662 0 853728 8 0
3542809042 0 885392 8 0
3543125403 0 853736 32 0
3543342149 0 884920 8 0
3546187785 0 856032 8 0
3546199691 0 856048 16 0
3569406619 0 866744 8 0
3569420963 0 866936 8 0
3575612868 0 885280 8 0
3575628905 0 885288 32 0
3578276317 0 860240 8 0
3579262378 0 860344 32 0
3585370306 0 863128 8 0
3599829530 0 860048 8 0
3599845248 0 860056 8 0
3629390079 0 860928 8 0
3630237170 0 883736 8 0
3630253637 0 883744 32 0
3630690210 0 884344 8 0
3656833752 0 859056 8 0
3656846403 0 859072 8 0
3667890842 0 842664 8 0
3668107763 0 844520 8 0
3668367379 0 842680 8 0
3668869342 0 842760 8 0
3670650504 0 842656 8 0
3672194420 0 885320 48 0
3679053681 0 852128 8 0
3683224753 0 837736 64 0
3683244992 0 837808 8 0
3683252046 0 837888 64 0
3687289884 0 827960 48 0
3687310772 0 828016 32 0
3700096799 0 870288 8 0
3700620696 0 870080 192 0
3702466650 0 508312 8 0
3703026794 0 508384 8 0
3703043894 0 508392 32 0
3703314645 0 508368 8 0
3703327477 0 508376 8 0
3706528461 0 866176 8 0
3718979327 0 840576 8 0
3719781422 0 840520 8 0
3719797420 0 840528 32 0
3720264185 0 840504 8 0
3741438122 0 844552 8 0
3741669106 0 843104 8 0
3741866408 0 843040 8 0
3743899215 0 842688 32 0
3744112845 0 842672 8 0
3745322557 0 842752 8 0
3753176580 0 860568 8 0
3755666770 0 862848 8 0
3755865799 0 862928 8 0
3758111906 0 859728 80 0
3758152440 0 859816 120 0
3758175605 0 859976 8 0
3760219249 0 884936 8 0
3760955598 0 508272 8 0
3760972011 0 508280 32 0
3763300896 0 508256 8 0
3763994454 0 884840 8 0
3764010192 0 884848 32 0
3764817767 0 885528 8 0
3766082391 0 885248 8 0
3766098501 0 885256 24 0
3767557286 0 885416 8 0
3767806217 0 884824 8 0
3768523280 0 885536 8 0
3769217828 0 885384 8 0
3769870368 0 885648 8 0
3770507730 0 885232 8 0
3770985240 0 885240 8 0
3772100087 0 885864 8 0
3772401181 0 885856 8 0
3773028920 0 885824 8 0
3773044970 0 885832 24 0
3773752122 0 885776 8 0
3774427427 0 885800 8 0
3775636140 0 885816 8 0
3776372412 0 885872 56 0
3777194707 0 853768 64 0
3781779150 0 852120 8 0
3783069879 0 884832 8 0
3783454708 0 860864 8 0
3784112028 0 885808 8 0
3794385249 0 853704 24 0
3822063113 0 852048 8 0
3826945988 0 513272 32 0
3829286831 0 715512 8 0
3829304414 0 715520 32 0
3830789816 0 885520 8 0
3832051886 0 855984 24 0
3832067664 0 856064 32 0
3832075377 0 856136 8 0
3843299431 0 861200 8 0
3843315906 0 861208 32 0
3843996684 0 861048 8 0
3844011118 0 861056 32 0
3844450756 0 861336 8 0
3844755962 0 861152 8 0
3844770333 0 861160 32 0
3844931295 0 861192 8 0
3844938053 0 861240 16 0
3845620833 0 860872 32 0
3846093796 0 860816 8 0
3868991498 0 885200 8 0
3869245181 0 862936 32 0
3869937577 0 885472 8 0
3869963993 0 885480 32 0
3915779440 0 716696 24 0
3926131248 0 811624 128 0
3926847683 0 717592 8 0
3926864268 0 717600 32 0
3928074897 0 509712 56 0
4435486848 0 801928 8 0
4436349656 0 801944 8 0
4440314295 0 812872 8 0
4440824110 0 821248 8 0
4441727636 0 801888 32 0
4441743589 0 801936 8 0
4441747981 0 801952 8 0
4447812813 0 844488 8 0
4449019631 0 844496 8 0
4451050837 0 844480 8 0
4451496747 0 844544 8 0
4466869956 0 840560 16 0
4466882344 0 840584 8 0
4469526436 0 840256 192 0
4469567518 0 840456 48 0
4470504505 0 840592 40 0
4502227274 0 849720 8 0
4502564075 0 850296 8 0
4504304525 0 850304 32 0
4508103945 0 848184 8 0
4508912322 0 848200 8 0
4508927754 0 848208 32 0
4510123429 0 849688 16 0
4510489765 0 849640 8 0
4510848333 0 849296 16 0
4510865285 0 849312 32 0
4511470880 0 860272 8 0
4511819969 0 847472 64 0
4512547042 0 848968 8 0
4513251045 0 847536 128 0
4514007787 0 848096 8 0
4514315406 0 848056 8 0
4515006834 0 849448 8 0
4515456683 0 848240 48 0
4515884667 0 848304 8 0
4516242224 0 848984 8 0
4516624180 0 849000 8 0
4516640152 0 849008 32 0
4517295999 0 849040 64 0
4517314991 0 849208 24 0
4520725651 0 849464 8 0
4521081781 0 848976 8 0
4521091742 0 848992 8 0
4521443426 0 849536 8 0
4521804803 0 849592 8 0
4522211101 0 849600 32 0
4522661580 0 848080 8 0
4523012524 0 848952 8 0
4523028471 0 848960 8 0
4523424019 0 850096 8 0
4523810448 0 850192 8 0
4523825278 0 850200 32 0
4524222319 0 850176 8 0
4524868225 0 860216 8 0
4525231025 0 882640 144 0
4526327150 0 849728 32 0
4527428496 0 848192 8 0
4527942121 0 850280 8 0
4528461137 0 849712 8 0
4529434848 0 850256 8 0
4529879321 0 850248 8 0
4530393429 0 850240 8 0
4530978615 0 850232 8 0
4532029954 0 850264 16 0
4532042673 0 850288 8 0
4532065277 0 850336 120 0
4533449279 0 860288 8 0
4534143802 0 860416 8 0
4535307560 0 849704 8 0
4536281529 0 848312 8 0
4536812005 0 849648 32 0
4541202905 0 860432 8 0
4542229545 0 849256 8 0
4542245380 0 849264 32 0
4543533911 0 850456 48 0
4552625215 0 848104 32 0
4553249507 0 848072 8 0
4553540859 0 848064 8 0
4553550521 0 848088 8 0
4556120788 0 849344 96 0
4556814730 0 849456 8 0
4556825753 0 849472 16 0
4557236776 0 849440 8 0
4557249748 0 849488 48 0
4557261223 0 849544 48 0
4557615846 0 849680 8 0
4562312450 0 886824 8 0
4562607033 0 886736 8 0
4562622234 0 886744 32 0
4567876372 0 886728 8 0
4568427983 0 886720 8 0
4569990797 0 886776 48 0
4570011434 0 886832 136 0
4571396684 0 886968 120 0
4572791348 0 884472 8 0
4608753463 0 848944 8 0
4615051772 0 849232 24 0
4630942621 0 848288 16 0
4658139646 0 849760 176 0
4685354739 0 850184 8 0
4687435520 0 860384 8 0
4691362620 0 849632 8 0
4692481224 0 860168 8 0
4706471692 0 848320 224 0
4706796815 0 848912 8 0
4707895282 0 852064 8 0
4711167048 0 860376 8 0
4711180096 0 860392 24 0
4711186933 0 860424 8 0
4712868115 0 847664 248 0
4712914472 0 847912 8 0
4713652460 0 847920 136 0
4713683969 0 848136 40 0
4715821402 0 848176 8 0
4725905600 0 860224 8 0
4736511715 0 876360 8 0
4736530694 0 876368 32 0
4736874006 0 876352 8 0
4737119291 0 876192 8 0
4737497375 0 876216 8 0
4738565181 0 874920 8 0
4738583059 0 874928 32 0
4739417254 0 869928 8 0
4739432473 0 869936 32 0
4739850891 0 870024 8 0
4740217433 0 870016 8 0
4740550280 0 870304 8 0
4740564157 0 870312 32 0
4741028501 0 870280 8 0
4742009316 0 877024 8 0
4742683936 0 881544 8 0
4744735432 0 881552 8 0
4747044522 0 881536 8 0
4752789867 0 874960 80 0
4752974150 0 875040 160 0
4753660997 0 874040 8 0
4753677630 0 874048 32 0
4754466083 0 874896 8 0
4754740212 0 874888 8 0
4755226497 0 874288 8 0
4755900176 0 875320 8 0
4756135133 0 875304 8 0
4759537651 0 719032 8 0
4760960517 0 875248 8 0
4761258260 0 875232 8 0
4761506095 0 875280 8 0
4761841700 0 875256 8 0
4761856817 0 875264 16 0
4761862353 0 875288 8 0
4762234771 0 875240 8 0
4763108426 0 875200 32 0
4763121538 0 875296 8 0
4763125698 0 875312 8 0
4763133662 0 875328 128 0
4765027264 0 876992 8 0
4765043456 0 877000 24 0
4767400656 0 870272 8 0
4767411602 0 870296 8 0
4767421650 0 870344 184 0
4767760855 0 876224 32 0
4768583433 0 874296 8 0
4768899832 0 876440 8 0
4770620484 0 870032 8 0
4771487782 0 876160 8 0
4784338245 0 885184 8 0
4784664572 0 885168 8 0
4784963063 0 885176 8 0
4784973034 0 885192 8 0
4786491647 0 885160 8 0
4789646623 0 862880 8 0
4789662827 0 862888 32 0
4790293122 0 862872 8 0
4798154237 0 507864 32 0
4798803317 0 852056 8 0
4798814621 0 852072 16 0
4799783240 0 884448 8 0
4800030458 0 883792 8 0
4800363678 0 883912 8 0
4823082676 0 861520 8 0
4823100725 0 861528 32 0
4832377595 0 826056 8 0
4922762011 0 860512 8 0
4929456686 0 884976 8 0
4929761910 0 884896 24 0
4959875688 0 843000 8 0
4960172480 0 842856 8 0
4960493694 0 842968 8 0
4960976823 0 842872 8 0
4961260661 0 843072 8 0
4961494865 0 842960 8 0
4961998698 0 842944 8 0
4962014101 0 842952 8 0
4962018678 0 842976 8 0
4964322022 0 715720 8 0
4965216273 0 714800 8 0
4965970274 0 842936 8 0
4966308736 0 842640 8 0
4966322927 0 842648 8 0
4966782034 0 843064 8 0
4967428194 0 843080 24 0
4967944039 0 844744 8 0
4969450715 0 812832 8 0
4969653373 0 813088 8 0
4969773966 0 812864 8 0
4970500340 0 812848 8 0
4970514785 0 812856 8 0
4970932117 0 812736 8 0
4970991714 0 812936 8 0
4971004565 0 812944 32 0
4971431162 0 844712 8 0
4972204717 0 843112 40 0
4975731062 0 844528 8 0
4975746730 0 844536 8 0
4975750991 0 844560 8 0
4976851436 0 844736 8 0
4978783405 0 842992 8 0
4979028479 0 842920 8 0
4979042688 0 842928 8 0
4979893955 0 842984 8 0
4979906448 0 843008 32 0
4979914136 0 843048 8 0
4983218617 0 842720 32 0
4983233368 0 842768 16 0
4984534058 0 842784 72 0
4984554349 0 842864 8 0
4984560396 0 842880 32 0
4988224548 0 843056 8 0
4988237555 0 843152 48 0
5047431946 0 812360 8 0
5047488071 0 812368 16 0
5047494991 0 812392 8 0
5023900255 0 843200 248 0
5023906261 0 843448 8 0
5024902213 0 714536 104 0
5024908777 0 714648 32 0
5033632886 0 844592 8 0
5033689526 0 844600 32 0
5034654077 0 844576 8 0
5034706935 0 844584 8 0
5035591421 0 844568 8 0
5037288933 0 813096 8 0
5037344274 0 813104 8 0
5037352091 0 813120 16 0
5037602097 0 813080 8 0
5037902240 0 813176 8 0
5038079702 0 812976 64 0
5041443848 0 842624 8 0
5043962601 0 716008 8 0
5043975546 0 716024 16 0
5045153840 0 813184 8 0
5054300252 0 821912 16 0
5086137960 0 713648 8 0
5086154224 0 713664 40 0
5086163903 0 713712 16 0
5090067727 0 813160 8 0
5090084703 0 813168 8 0
5090089459 0 813192 8 0
5094134419 0 813144 8 0
5094150881 0 813152 8 0
5098469848 0 844720 8 0
5060074281 0 821192 56 0
5060088457 0 821264 72 0
5061266319 0 812088 8 0
5061318887 0 812096 32 0
5110686208 0 839408 8 0
5112940953 0 842576 32 0
5114740346 0 842616 8 0
5118559658 0 842632 8 0
5120795969 0 842608 8 0
5233977025 0 3932160 8 1
5234036265 0 3932168 8 1
5234115496 0 3932176 8 1
5234123950 0 3932184 8 1
5234128357 0 3932192 8 1
5234132339 0 3932200 8 1
5234136038 0 3932208 8 1
5234139189 0 3932216 8 1
5234142642 0 3932224 8 1
5234147004 0 3932232 8 1
5234153703 0 3932240 8 1
5234160074 0 3932248 8 1
5234165337 0 3932256 8 1
5234171316 0 3932264 8 1
5234176779 0 3932272 8 1
5234182734 0 3932280 8 1
5234188382 0 3932288 8 1
5234194537 0 3932296 8 1
5234200115 0 3932304 8 1
5234204310 0 3932312 8 1
5234208363 0 3932320 8 1
5234212011 0 3932328 8 1
5234216576 0 3932336 8 1
5234219749 0 3932344 8 1
5234222775 0 3932352 8 1
5234225728 0 3932360 8 1
5234229182 0 3932368 8 1
5234234437 0 3932376 8 1
5234241403 0 3932384 8 1
5234247478 0 3932392 8 1
5234253400 0 3932400 8 1
5234259492 0 3932408 8 1
5234265277 0 3932416 8 1
5234270785 0 3932424 8 1
5234276440 0 3932432 8 1
5234282739 0 3932440 8 1
5234287209 0 3932448 8 1
5234291164 0 3932456 8 1
5234295159 0 3932464 8 1
5234298548 0 3932472 8 1
5234302074 0 3932480 8 1
5234305524 0 3932488 8 1
5234309258 0 3932496 8 1
5234312606 0 3932504 8 1
5234317401 0 3932512 8 1
5234324105 0 3932520 8 1
5234330974 0 3932528 8 1
5234337015 0 3932536 8 1
5234342074 0 3932544 8 1
5234347255 0 3932552 8 1
5234353191 0 3932560 8 1
5234359549 0 3932568 8 1
5234366370 0 3932576 8 1
5234371170 0 3932584 8 1
5234374939 0 3932592 8 1
5234378559 0 3932600 8 1
5234381686 0 3932608 8 1
5234385034 0 3932616 8 1
5234388515 0 3932624 8 1
5234391671 0 3932632 8 1
5234394669 0 3932640 8 1
5234419108 0 3932648 8 1
8906137550 0 2080 8 0
8906696990 0 888832 64 1
8934319604 0 3932656 8 1
8934322547 0 3932664 8 1
8934322912 0 3932672 8 1
8934323359 0 3932680 8 1
8934356933 0 3932688 8 1
8934476338 0 0 8 1
8934479211 0 2056 8 1
8934479927 0 2192 8 1
8934480709 0 2312 8 1
8934481361 0 2352 8 1
8934482349 0 2384 8 1
8934483048 0 2392 8 1
8934483981 0 2408 8 1
8934484749 0 2472 8 1
8934485704 0 2544 8 1
8934486643 0 2552 8 1
8934487624 0 2640 8 1
8934488544 0 2664 8 1
8934491286 0 2672 8 1
8934492412 0 2824 8 1
8934493642 0 2840 8 1
8934494844 0 6056 8 1
8934496340 0 6344 8 1
8934497845 0 6384 8 1
8934498871 0 6392 8 1
8934500697 0 6408 8 1
8934501883 0 6424 8 1
8934503037 0 6456 8 1
8934504418 0 6464 8 1
8934505448 0 6472 8 1
8934506493 0 6480 8 1
8934507443 0 6488 8 1
8934511618 0 6496 8 1
8934512565 0 6504 8 1
8934513660 0 6512 8 1
8934514730 0 6520 8 1
8934515837 0 6568 8 1
8934516949 0 7136 8 1
8934518065 0 7744 8 1
8934519340 0 7752 8 1
8934520365 0 7760 8 1
8934523105 0 67848 8 1
8934524711 0 68512 8 1
8934525946 0 79096 8 1
8934527635 0 79152 8 1
8934531070 0 79160 8 1
8934532528 0 4194304 8 1
8934533726 0 4194432 8 1
8934534812 0 4194560 8 1
8934535902 0 4194584 8 1
8934537090 0 4194600 8 1
8934538603 0 4194832 8 1
8934539976 0 4194840 8 1
8934540986 0 4194848 8 1
8934541924 0 4194856 8 1
8934542696 0 4194864 8 1
8934543484 0 4194872 8 1
8934544160 0 4194880 8 1
8934545145 0 4194888 8 1
8934546529 0 4195192 8 1
8934547555 0 4195280 8 1
8943307593 0 8 8 1
8943317698 0 2080 8 1
8943323140 0 7768 8 1
8950452532 0 3932160 8 1
8951026257 0 3932160 8 1
8956583541 0 3932160 8 1
8957033687 0 0 8 1
