0 0 0 8 1
8087 0 8387696 8 0
49790 0 8387632 8 0
95109 0 8387616 8 0
129653 0 8387656 8 0
167582 0 8385520 8 0
309655 0 2048 8 0
348073 0 24 8 0
376488 0 56 8 0
434315 0 120 8 0
506744 0 16 8 0
546204 0 128 8 0
576207 0 64 8 0
621585 0 256 8 0
651475 0 264 8 0
709856 0 272 8 0
801299 0 280 8 0
832431 0 288 8 0
860780 0 296 8 0
889088 0 304 8 0
919349 0 312 8 0
951966 0 320 8 0
972722 0 328 8 0
1002778 0 336 8 0
1031974 0 344 8 0
1063493 0 352 8 0
1092564 0 360 8 0
1119378 0 368 8 0
1154643 0 376 8 0
1184357 0 384 8 0
1228370 0 392 8 0
1257711 0 400 8 0
1283984 0 408 8 0
1307220 0 416 8 0
1338815 0 424 8 0
1372506 0 432 8 0
1411676 0 440 8 0
1446914 0 448 8 0
1484467 0 456 8 0
1522742 0 464 8 0
1559202 0 472 8 0
1598666 0 480 8 0
1631695 0 488 8 0
1672493 0 496 8 0
1705970 0 504 8 0
1746222 0 768 8 0
1779408 0 776 8 0
1819958 0 784 8 0
1853459 0 792 8 0
1893819 0 800 8 0
1926841 0 808 8 0
1966327 0 816 8 0
2000622 0 824 8 0
2037882 0 832 8 0
2073463 0 840 8 0
2126035 0 848 8 0
2160257 0 856 8 0
2199141 0 864 8 0
2234335 0 872 8 0
2271362 0 880 8 0
2307433 0 888 8 0
2343480 0 896 8 0
2381712 0 904 8 0
2414743 0 912 8 0
2455686 0 920 8 0
2489762 0 928 8 0
2529708 0 936 8 0
2563148 0 944 8 0
2603557 0 952 8 0
2636228 0 960 8 0
2675963 0 968 8 0
2709743 0 976 8 0
2851283 0 984 8 0
2886854 0 992 8 0
2955895 0 1000 8 0
2988746 0 1008 8 0
3019420 0 1016 8 0
3054342 0 512 8 0
3086828 0 32 8 0
3122232 0 4096 8 0
68516727 0 67848 8 0
68765787 0 4194568 8 0
68774220 0 4194576 8 0
68775551 0 4194584 8 0
68777050 0 4194592 8 0
68778369 0 4194600 8 0
68779599 0 4194608 8 0
68780943 0 4194616 8 0
68782067 0 4194624 8 0
68783212 0 4194632 8 0
68784416 0 4194640 8 0
68785418 0 4194648 8 0
68786516 0 4194656 8 0
68787440 0 4194664 8 0
68789205 0 4194672 8 0
68790106 0 4194680 8 0
68791200 0 4194688 8 0
68792125 0 4194696 8 0
68793175 0 4194704 8 0
68794113 0 4194712 8 0
68795161 0 4194720 8 0
68796483 0 4194728 8 0
68798084 0 4194736 8 0
68799379 0 4194744 8 0
68801035 0 4194752 8 0
68802383 0 4194760 8 0
68803400 0 4194768 8 0
68804496 0 4194776 8 0
68806355 0 4194784 8 0
68807489 0 4194792 8 0
68808401 0 4194800 8 0
68809525 0 4194808 8 0
68810757 0 4194816 8 0
68811144 0 4194560 8 0
80834362 0 6408 8 0
81155824 0 67904 8 0
81431189 0 2184 8 0
81457429 0 2576 8 0
81463033 0 2584 8 0
81467603 0 2592 8 0
81472316 0 2600 8 0
81476556 0 2608 8 0
81482426 0 2616 8 0
81486937 0 2624 8 0
81491112 0 2632 8 0
81495250 0 2640 8 0
81499506 0 2648 8 0
81503904 0 2656 8 0
81507914 0 2664 8 0
81512190 0 2672 8 0
81516261 0 2680 8 0
81520428 0 2688 8 0
81524636 0 2696 8 0
81529032 0 2704 8 0
81533423 0 2712 8 0
81537787 0 2720 8 0
81542685 0 2728 8 0
81546647 0 2736 8 0
81551051 0 2744 8 0
81555195 0 2752 8 0
81559260 0 2760 8 0
81563420 0 2768 8 0
81567487 0 2776 8 0
81572331 0 2784 8 0
81575945 0 2792 8 0
81592536 0 2056 8 0
91991176 0 265040 8 0
93223995 0 264536 8 0
94612572 0 4260256 8 0
95706561 0 4196864 8 0
95714572 0 4196872 8 0
95715955 0 4196880 8 0
95717317 0 4196888 8 0
95718696 0 4196896 8 0
95719953 0 4196904 8 0
95723361 0 4196912 8 0
95724857 0 4196920 8 0
95726121 0 4196928 8 0
95727233 0 4196936 8 0
95728372 0 4196944 8 0
95730063 0 4196952 8 0
95731377 0 4196960 8 0
95732484 0 4196968 8 0
95733937 0 4196976 8 0
95735404 0 4196984 8 0
95736692 0 4196992 8 0
95738353 0 4197000 8 0
95740088 0 4197008 8 0
95741601 0 4197024 8 0
95743610 0 4197032 8 0
95744676 0 4197040 8 0
95745869 0 4197048 8 0
95747069 0 4197056 8 0
95748421 0 4197064 8 0
95749352 0 4197072 8 0
95750890 0 4197080 8 0
95752319 0 4197088 8 0
95753506 0 4197096 8 0
95754412 0 4197104 8 0
95755535 0 4197112 8 0
95760098 0 4197120 8 0
95760572 0 4197016 8 0
103017717 0 4262768 8 0
113842193 0 4481080 32 0
116450371 0 4195584 8 0
116460479 0 4195592 8 0
116462008 0 4195600 8 0
116463172 0 4195608 8 0
116464446 0 4195616 8 0
116465759 0 4195624 8 0
116467252 0 4195632 8 0
116468935 0 4195648 8 0
116471444 0 4195656 8 0
116472603 0 4195664 8 0
116473924 0 4195672 8 0
116475027 0 4195680 8 0
116476470 0 4195688 8 0
116477503 0 4195696 8 0
116478622 0 4195704 8 0
116479821 0 4195712 8 0
116480930 0 4195720 8 0
116482146 0 4195728 8 0
116483540 0 4195736 8 0
116493276 0 4195744 8 0
116494560 0 4195752 8 0
116496035 0 4195760 8 0
116498235 0 4195768 8 0
116499541 0 4195776 8 0
116500677 0 4195784 8 0
116501811 0 4195792 8 0
116503225 0 4195800 8 0
116504255 0 4195808 8 0
116505346 0 4195816 8 0
116506685 0 4195824 8 0
116508255 0 4195832 8 0
116509595 0 4195840 8 0
116510116 0 4195640 8 0
116536264 0 4261800 8 0
118569673 0 4262096 8 0
119639333 0 4261984 8 0
120805576 0 4582056 32 0
123617859 0 4481112 40 0
123729240 0 4582200 176 0
130945648 0 4582088 112 0
131224841 0 264800 32 0
137977050 0 4261992 8 0
142896847 0 4653032 32 0
147539180 0 4656424 248 0
147549595 0 4656672 8 0
104237333 0 4262832 8 0
105258660 0 4262776 8 0
110199224 0 4263032 8 0
111365767 0 4260264 8 0
112474467 0 4260272 8 0
155335900 0 4653080 248 0
155344303 0 4653328 8 0
162513190 0 4653336 248 0
162524176 0 4653584 8 0
162541876 0 4653064 16 0
165535309 0 4654048 248 0
165542098 0 4654296 8 0
167537285 0 4654344 248 0
167543821 0 4654592 8 0
169782516 0 4655432 248 0
169790638 0 4655680 8 0
171888514 0 4656016 248 0
171896209 0 4656264 8 0
176496115 0 4654952 248 0
176502165 0 4655200 8 0
176721764 0 4655824 192 0
176823614 0 4653912 136 0
176991533 0 4654600 128 0
223474608 0 3932160 8 1
223532225 0 3932168 8 1
223553066 0 3932176 8 1
223553692 0 3932184 8 1
223554188 0 3932192 8 1
223554621 0 3932200 8 1
223554945 0 3932208 8 1
223555295 0 3932216 8 1
223555703 0 3932224 8 1
223556050 0 3932232 8 1
223556313 0 3932240 8 1
223556719 0 3932248 8 1
223557110 0 3932256 8 1
223557621 0 3932264 8 1
223558176 0 3932272 8 1
223558551 0 3932280 8 1
223559088 0 3932288 8 1
223625809 0 3932296 8 1
225689309 0 0 8 1
225701255 0 8 8 1
225707276 0 2056 8 1
225712542 0 2184 8 1
225718145 0 2312 8 1
225723091 0 2344 8 1
225727831 0 2360 8 1
225732320 0 2384 8 1
225736942 0 2480 8 1
225741598 0 2792 8 1
225746319 0 67848 8 1
225751004 0 4194608 8 1
225756018 0 4195832 8 1
225761461 0 4195840 8 1
229610540 0 3932160 8 1
230043496 0 3932160 8 1
230559864 0 0 8 1
1266874889709486848 0 8387928 8 0
1266874889709517312 0 8387872 8 0
