0 0 67848 8 0
48802 0 6416 8 0
53693 0 6424 8 0
55085 0 6432 8 0
56263 0 6440 8 0
57652 0 6448 8 0
58953 0 6456 8 0
60121 0 6464 8 0
61219 0 6472 8 0
62353 0 6480 8 0
63687 0 6488 8 0
64936 0 6496 8 0
66213 0 6504 8 0
67612 0 6512 8 0
68655 0 6520 8 0
71241 0 6528 8 0
73902 0 6536 8 0
75234 0 6544 8 0
76584 0 6552 8 0
77905 0 6560 8 0
78986 0 6568 8 0
80115 0 6576 8 0
81528 0 6584 8 0
82566 0 6592 8 0
83681 0 6600 8 0
84884 0 6608 8 0
86039 0 6616 8 0
87904 0 6624 8 0
89046 0 6632 8 0
90535 0 6640 8 0
92749 0 6648 8 0
94022 0 6656 8 0
95216 0 6664 8 0
95553 0 6408 8 0
9485818 0 4194560 8 0
9488763 0 4194568 8 0
9489725 0 4194576 8 0
9490795 0 4194584 8 0
9491928 0 4194592 8 0
9492966 0 4194600 8 0
9493883 0 4194608 8 0
9494944 0 4194616 8 0
9496301 0 4194624 8 0
9497251 0 4194632 8 0
9498088 0 4194640 8 0
9500293 0 4194648 8 0
9501361 0 4194656 8 0
9502311 0 4194664 8 0
9503174 0 4194672 8 0
9504131 0 4194680 8 0
9505150 0 4194688 8 0
9506412 0 4194704 8 0
9507518 0 4194712 8 0
9508572 0 4194720 8 0
9509589 0 4194728 8 0
9510612 0 4194736 8 0
9511553 0 4194744 8 0
9515614 0 4194752 8 0
9516711 0 4194760 8 0
9518800 0 4194768 8 0
9519855 0 4194776 8 0
9520781 0 4194784 8 0
9521796 0 4194792 8 0
9522827 0 4194800 8 0
9523934 0 4194808 8 0
9525122 0 4194816 8 0
9525615 0 4194696 8 0
22435380 0 2256 8 0
22475357 0 41216 8 0
22477594 0 41224 8 0
22478978 0 41232 8 0
22480250 0 41240 8 0
22481522 0 41256 8 0
22482049 0 41248 8 0
31766878 0 2056 8 0
31879104 0 67912 8 0
69446919 0 4459264 32 0
72809047 0 4260296 8 0
74404089 0 4260120 8 0
75642522 0 4260280 8 0
77240135 0 4466360 32 0
80878585 0 4459336 144 0
85766567 0 4466392 64 0
85778693 0 4466480 152 0
54690803 0 280848 8 0
56348485 0 285144 8 0
57681932 0 4260336 8 0
58927934 0 4194824 8 0
58930478 0 4194832 8 0
58931919 0 4194840 8 0
58933115 0 4194848 8 0
58934843 0 4194856 8 0
58936070 0 4194864 8 0
58938768 0 4194872 8 0
58943281 0 4194880 8 0
58944480 0 4194888 8 0
58945647 0 4194896 8 0
58946624 0 4194904 8 0
58947684 0 4194912 8 0
58948632 0 4194920 8 0
58949779 0 4194928 8 0
58950914 0 4194936 8 0
58951944 0 4194944 8 0
58952871 0 4194952 8 0
58953861 0 4194960 8 0
58954851 0 4194968 8 0
58955681 0 4194976 8 0
58957244 0 4194984 8 0
58958179 0 4194992 8 0
58959205 0 4195000 8 0
58960372 0 4195008 8 0
58961408 0 4195016 8 0
58963209 0 4195032 8 0
58964449 0 4195040 8 0
58965854 0 4195048 8 0
58966885 0 4195056 8 0
58967807 0 4195064 8 0
58968787 0 4195072 8 0
58969177 0 4195024 8 0
59023950 0 4260856 8 0
60608795 0 4260904 8 0
61784489 0 4260864 8 0
62942986 0 4260936 8 0
64072921 0 4260344 8 0
65323272 0 4271328 8 0
66260051 0 68312 8 0
67708739 0 4260104 8 0
91603065 0 4466456 24 0
91756910 0 563840 64 0
99947762 0 4467312 32 0
100025047 0 4470296 144 0
106594935 0 4467352 248 0
106597581 0 4467600 8 0
106676691 0 4459296 40 0
106736134 0 4467608 248 0
106736632 0 4467856 8 0
106746030 0 4467344 8 0
107343479 0 4468232 248 0
107345565 0 4468480 8 0
122528412 0 4469832 248 0
122529351 0 4470080 8 0
154325670 0 4469376 248 0
154329410 0 4469624 8 0
154424538 0 4468936 248 0
154426400 0 4469184 8 0
154808921 0 4468560 248 0
154811296 0 4468808 8 0
155112750 0 4468040 192 0
162123229 0 4467864 136 0
162201714 0 4469680 152 0
162255044 0 4469632 48 0
162362664 0 4206848 8 0
162366178 0 4206856 8 0
162367745 0 4206864 8 0
162369296 0 4206872 8 0
162371805 0 4206880 8 0
162373216 0 4206888 8 0
162374404 0 4206896 8 0
162375579 0 4206904 8 0
162376499 0 4206912 8 0
162377504 0 4206920 8 0
162378582 0 4206928 8 0
162379817 0 4206936 8 0
162381253 0 4206944 8 0
162383187 0 4206952 8 0
162385044 0 4206960 8 0
162386860 0 4206976 8 0
162388827 0 4206984 8 0
162390893 0 4206992 8 0
162393545 0 4207000 8 0
162400971 0 4207008 8 0
162403200 0 4207016 8 0
162405248 0 4207024 8 0
162407413 0 4207032 8 0
162409573 0 4207040 8 0
162411262 0 4207048 8 0
162413612 0 4207056 8 0
162415356 0 4207064 8 0
162417395 0 4207072 8 0
162418446 0 4207080 8 0
162419745 0 4207088 8 0
162421274 0 4207096 8 0
162423135 0 4207104 8 0
162424188 0 4206968 8 0
170535682 0 4470088 56 0
170666349 0 5303608 32 0
178240117 0 5305232 144 0
183556406 0 5303640 248 0
183786203 0 5303888 8 0
183850134 0 4472104 32 0
190872486 0 4473008 136 0
191024801 0 4472136 248 0
191071063 0 4472384 8 0
191357431 0 4472512 248 0
191400808 0 4472760 8 0
191433822 0 5304344 248 0
191472179 0 5304592 8 0
191548818 0 5304192 152 0
191882724 0 5304752 248 0
191898687 0 5305000 8 0
192594289 0 5303896 136 0
192642550 0 5305008 144 0
192679410 0 4470144 152 0
192829445 0 5304600 128 0
192874830 0 5304728 24 0
192926291 0 4260896 8 0
200385957 0 4207112 8 0
200394132 0 4207120 8 0
200398658 0 4207128 8 0
200403064 0 4207136 8 0
200407321 0 4207144 8 0
200413028 0 4207152 8 0
200417115 0 4207160 8 0
200421091 0 4207168 8 0
200425630 0 4207176 8 0
200429716 0 4207184 8 0
200434113 0 4207192 8 0
200438489 0 4207200 8 0
200443228 0 4207208 8 0
200448079 0 4207216 8 0
200452768 0 4207224 8 0
200457709 0 4207232 8 0
200462817 0 4207240 8 0
200467321 0 4207248 8 0
200471861 0 4207256 8 0
200477278 0 4207264 8 0
200482038 0 4207272 8 0
200486474 0 4207280 8 0
200491078 0 4207288 8 0
200495715 0 4207296 8 0
200500384 0 4207304 8 0
200504474 0 4207312 8 0
200508715 0 4207320 8 0
200512725 0 4207328 8 0
200517669 0 4207344 8 0
200521913 0 4207352 8 0
200526274 0 4207360 8 0
200529747 0 4207336 8 0
200542381 0 4275384 8 0
202519783 0 4275392 8 0
205413906 0 4275400 8 0
205600167 0 4207616 8 0
205609661 0 4207624 8 0
205614429 0 4207632 8 0
205619003 0 4207648 8 0
205624381 0 4207656 8 0
205628780 0 4207664 8 0
205632954 0 4207672 8 0
205637045 0 4207680 8 0
205641071 0 4207688 8 0
205645079 0 4207696 8 0
205649311 0 4207704 8 0
205653269 0 4207712 8 0
205657445 0 4207720 8 0
205661378 0 4207728 8 0
205665618 0 4207736 8 0
205669662 0 4207744 8 0
205673492 0 4207752 8 0
205677705 0 4207760 8 0
205682504 0 4207768 8 0
205686470 0 4207776 8 0
205690160 0 4207784 8 0
205693886 0 4207792 8 0
205697639 0 4207800 8 0
205701712 0 4207808 8 0
205722218 0 4207816 8 0
205731221 0 4207824 8 0
205735637 0 4207832 8 0
205739600 0 4207840 8 0
205743459 0 4207848 8 0
205747485 0 4207856 8 0
205751519 0 4207864 8 0
205755238 0 4207872 8 0
205758516 0 4207640 8 0
205768060 0 4275600 8 0
207591974 0 4275608 8 0
209366901 0 4275616 8 0
209419791 0 4275624 8 0
209505891 0 4468000 40 0
209532960 0 4260328 8 0
212086988 0 4194480 8 0
215121639 0 4222208 8 0
215159250 0 4222216 8 0
215160697 0 4222224 8 0
215161825 0 4222232 8 0
215164423 0 4222240 8 0
215165448 0 4222248 8 0
215166433 0 4222256 8 0
215167635 0 4222264 8 0
215168679 0 4222272 8 0
215170703 0 4222280 8 0
215172104 0 4222288 8 0
215173390 0 4222296 8 0
215174421 0 4222304 8 0
215175495 0 4222312 8 0
215176719 0 4222320 8 0
215177663 0 4222328 8 0
215178825 0 4222336 8 0
215183477 0 4222344 8 0
215185376 0 4222352 8 0
215186521 0 4222360 8 0
215187157 0 4222368 8 0
221585551 0 573440 32 0
226045183 0 616200 136 0
231313679 0 574688 248 0
231316898 0 574936 8 0
240403196 0 4470944 32 0
240548473 0 576608 248 0
240551071 0 576856 8 0
252133249 0 573472 224 0
260059657 0 574216 248 0
260061284 0 574464 8 0
262342170 0 575712 248 0
262343472 0 575960 8 0
262406782 0 574472 128 0
262444057 0 575968 232 0
262500120 0 575536 176 0
262553548 0 573696 184 0
262601954 0 576200 184 0
262650208 0 574600 88 0
262677539 0 574080 136 0
262741819 0 575304 232 0
263242584 0 573880 128 0
263546929 0 574944 232 0
263601481 0 574008 72 0
263624596 0 575176 128 0
263666135 0 576384 176 0
289502077 0 576560 48 0
289961071 0 576864 208 0
291103629 0 577376 248 0
291104330 0 577624 8 0
291388277 0 601152 248 0
291447922 0 601400 8 0
301616130 0 616056 144 0
311221952 0 585304 248 0
311262558 0 585552 8 0
318826896 0 601592 248 0
319100999 0 601840 8 0
319202660 0 597816 248 0
319232734 0 598064 8 0
339602451 0 597224 248 0
339612304 0 597472 8 0
350545796 0 609520 248 0
350555554 0 609768 8 0
358294430 0 609904 248 0
358328066 0 610152 8 0
358378660 0 602536 248 0
358420169 0 602784 8 0
358474013 0 585856 248 0
358655288 0 586104 8 0
358674183 0 609776 128 0
358718348 0 603256 248 0
358759748 0 603504 8 0
358785948 0 578664 248 0
358828362 0 578912 8 0
358876737 0 597480 232 0
358958798 0 610232 248 0
359066463 0 610480 8 0
365178746 0 589088 248 0
365189349 0 589336 8 0
380993200 0 581256 248 0
381100270 0 581504 8 0
381173260 0 602792 168 0
381700223 0 578376 248 0
381830490 0 578624 8 0
381856638 0 584448 248 0
381863738 0 584696 8 0
409453484 0 602248 248 0
409564503 0 602496 8 0
409591180 0 597088 136 0
414850902 0 601976 248 0
414890396 0 602224 8 0
414973570 0 600096 248 0
414982629 0 600344 8 0
422248121 0 579448 248 0
422289179 0 579696 8 0
422375136 0 579784 248 0
422417935 0 580032 8 0
422441133 0 584048 248 0
422477720 0 584296 8 0
426974501 0 583616 248 0
427013996 0 583864 8 0
427034890 0 585560 144 0
427065992 0 602504 32 0
427090848 0 595480 248 0
427096749 0 595728 8 0
434468056 0 609272 248 0
443424971 0 585704 152 0
443471939 0 601848 128 0
443516973 0 596200 248 0
443548623 0 596448 8 0
443571207 0 595976 224 0
443674543 0 588328 248 0
443714297 0 588576 8 0
443738870 0 586120 248 0
443780617 0 586368 8 0
443810922 0 586400 248 0
443849533 0 586648 8 0
443874936 0 582400 248 0
443915362 0 582648 8 0
443940639 0 586928 248 0
444144750 0 587176 8 0
444166731 0 587184 136 0
444209598 0 586656 248 0
444250244 0 586904 8 0
444275152 0 588024 248 0
444314100 0 588272 8 0
444337713 0 602960 248 0
444377342 0 603208 8 0
444399875 0 587592 248 0
444437885 0 587840 8 0
444460022 0 584304 144 0
444517853 0 594888 248 0
444524606 0 595136 8 0
465613693 0 582656 232 0
465676743 0 588848 240 0
465893766 0 596456 200 0
465950398 0 587320 128 0
466006644 0 587448 144 0
466050713 0 587848 136 0
466123264 0 607296 248 0
466161745 0 607544 8 0
466189030 0 595736 240 0
466266186 0 589608 248 0
466313048 0 589856 8 0
466341172 0 579040 248 0
466376857 0 579288 8 0
466397587 0 579296 152 0
466433977 0 595144 152 0
466465789 0 579704 80 0
466492099 0 595312 168 0
466545601 0 583016 248 0
466583735 0 583264 8 0
466623503 0 596656 248 0
466658109 0 596904 8 0
466682404 0 584880 248 0
466719317 0 585128 8 0
466740951 0 602232 16 0
466756048 0 595296 16 0
466785789 0 580768 248 0
466822766 0 581016 8 0
466846925 0 589352 248 0
466883411 0 589600 8 0
466901403 0 584736 144 0
466945157 0 580424 248 0
466983031 0 580672 8 0
467147544 0 601408 168 0
467490634 0 577768 248 0
467530758 0 578016 8 0
467679354 0 610488 128 0
467858413 0 582224 176 0
467951912 0 4260888 8 0
472967266 0 4207368 8 0
472974517 0 4207376 8 0
472978910 0 4207384 8 0
472982994 0 4207392 8 0
472987429 0 4207408 8 0
472991536 0 4207416 8 0
472995479 0 4207424 8 0
472999497 0 4207432 8 0
473003271 0 4207440 8 0
473008747 0 4207448 8 0
473013883 0 4207456 8 0
473018255 0 4207464 8 0
473022239 0 4207472 8 0
473026139 0 4207480 8 0
473030414 0 4207488 8 0
473034500 0 4207496 8 0
473038243 0 4207504 8 0
473041840 0 4207512 8 0
473045780 0 4207520 8 0
473050109 0 4207528 8 0
473391571 0 4207536 8 0
473398708 0 4207544 8 0
473402979 0 4207552 8 0
473407405 0 4207560 8 0
473411487 0 4207568 8 0
473415212 0 4207576 8 0
473419201 0 4207584 8 0
473422948 0 4207592 8 0
473426996 0 4207600 8 0
473430695 0 4207608 8 0
473484751 0 4207400 8 0
473506664 0 4260360 8 0
479831608 0 4272032 8 0
486525265 0 4201984 8 0
486567017 0 4201992 8 0
486568487 0 4202000 8 0
486569644 0 4202008 8 0
486571434 0 4202016 8 0
486573026 0 4202024 8 0
486577032 0 4202032 8 0
486578410 0 4202040 8 0
486579381 0 4202048 8 0
486580696 0 4202056 8 0
486583272 0 4202064 8 0
486584610 0 4202072 8 0
486585639 0 4202080 8 0
486587027 0 4202088 8 0
486588138 0 4202096 8 0
486589503 0 4202104 8 0
486590581 0 4202112 8 0
486591824 0 4202120 8 0
486594072 0 4202128 8 0
486595182 0 4202136 8 0
486596192 0 4202144 8 0
486597415 0 4202152 8 0
486598786 0 4202160 8 0
486600027 0 4202168 8 0
486601681 0 4202176 8 0
486602832 0 4202184 8 0
486603798 0 4202192 8 0
486604987 0 4202200 8 0
486605836 0 4202208 8 0
486607190 0 4202216 8 0
486608836 0 4202232 8 0
486610173 0 4202240 8 0
486610647 0 4202224 8 0
495361223 0 589928 248 0
495402677 0 590176 8 0
495432777 0 601576 16 0
495461039 0 589864 64 0
495501438 0 603216 40 0
495535738 0 583912 136 0
495782875 0 607552 216 0
495932982 0 590184 248 0
496082610 0 590432 8 0
496525195 0 577632 136 0
496704669 0 578120 248 0
496826001 0 578368 8 0
496862229 0 581024 232 0
497043641 0 589344 8 0
497432862 0 590440 136 0
500224655 0 604976 248 0
500296219 0 605224 8 0
500340978 0 578632 32 0
500443871 0 592768 248 0
500485776 0 593016 8 0
500557559 0 610160 72 0
501158997 0 4275416 8 0
501206842 0 4275448 8 0
501223355 0 4272056 8 0
508149080 0 4272040 8 0
512666633 0 4943168 64 0
518652611 0 4201472 8 0
518748546 0 4201480 8 0
518750020 0 4201488 8 0
518751188 0 4201496 8 0
518752726 0 4201504 8 0
518755901 0 4201512 8 0
518757390 0 4201520 8 0
518759129 0 4201528 8 0
518760238 0 4201536 8 0
518761445 0 4201544 8 0
518762423 0 4201552 8 0
518763502 0 4201560 8 0
518764464 0 4201568 8 0
518765591 0 4201576 8 0
518766575 0 4201584 8 0
518767612 0 4201592 8 0
518768819 0 4201600 8 0
518770168 0 4201608 8 0
518771251 0 4201616 8 0
518772912 0 4201624 8 0
518774202 0 4201632 8 0
518775247 0 4201640 8 0
518776628 0 4201648 8 0
518780247 0 4201656 8 0
518781505 0 4201664 8 0
518782671 0 4201672 8 0
518783792 0 4201680 8 0
518785073 0 4201696 8 0
518786154 0 4201704 8 0
518787252 0 4201712 8 0
518788942 0 4201720 8 0
518790223 0 4201728 8 0
518790802 0 4201688 8 0
526889775 0 4925824 32 0
530229662 0 4202248 8 0
530240151 0 4202264 8 0
530245441 0 4202272 8 0
530252156 0 4202280 8 0
530259192 0 4202288 8 0
530265734 0 4202296 8 0
530271892 0 4202304 8 0
530277978 0 4202312 8 0
530285093 0 4202320 8 0
530291869 0 4202328 8 0
530299378 0 4202336 8 0
530306963 0 4202344 8 0
530311579 0 4202352 8 0
530318571 0 4202360 8 0
530323063 0 4202368 8 0
530326930 0 4202376 8 0
530330764 0 4202384 8 0
530335393 0 4202392 8 0
530342689 0 4202400 8 0
530350003 0 4202408 8 0
530357367 0 4202416 8 0
530363694 0 4202424 8 0
530370570 0 4202432 8 0
530376537 0 4202440 8 0
530384034 0 4202448 8 0
530390747 0 4202456 8 0
530395221 0 4202464 8 0
530399415 0 4202472 8 0
530403568 0 4202480 8 0
530407928 0 4202488 8 0
530412142 0 4202496 8 0
530415669 0 4202256 8 0
530432204 0 4272072 8 0
531870870 0 4945224 8 0
533786760 0 4272088 8 0
535175739 0 4946208 32 0
539231590 0 4946048 8 0
540929165 0 4272080 8 0
542151918 0 4946144 8 0
543487446 0 4946136 8 0
544817480 0 5396480 32 0
547670469 0 578024 96 0
547886704 0 4945872 16 0
553557564 0 4945864 8 0
555013347 0 4927440 40 0
558091831 0 4201216 8 0
558133106 0 4201224 8 0
558134672 0 4201232 8 0
558136433 0 4201240 8 0
558138113 0 4201248 8 0
558139230 0 4201256 8 0
558140316 0 4201264 8 0
558141420 0 4201272 8 0
558142699 0 4201280 8 0
558144096 0 4201288 8 0
558145295 0 4201296 8 0
558147681 0 4201304 8 0
558148944 0 4201312 8 0
558150262 0 4201320 8 0
558151297 0 4201328 8 0
558152412 0 4201336 8 0
558153450 0 4201344 8 0
558154402 0 4201352 8 0
558155425 0 4201360 8 0
558156547 0 4201368 8 0
558157729 0 4201376 8 0
558158837 0 4201384 8 0
558159986 0 4201392 8 0
558160961 0 4201400 8 0
558161945 0 4201408 8 0
558163673 0 4201416 8 0
558164611 0 4201424 8 0
558165548 0 4201432 8 0
558169234 0 4201440 8 0
558170658 0 4201456 8 0
558171659 0 4201464 8 0
558172456 0 4201448 8 0
563254512 0 4847240 8 0
564939459 0 4944064 64 0
571831000 0 5396440 8 0
576653977 0 4945600 8 0
578621148 0 578920 120 0
579325285 0 4945736 8 0
580645140 0 581768 248 0
580686292 0 582016 8 0
580933654 0 581512 248 0
580972679 0 581760 8 0
580992835 0 582024 200 0
581082206 0 580680 88 0
581147890 0 583872 40 0
581397847 0 582888 128 0
581436741 0 583272 144 0
581529117 0 593040 248 0
581582717 0 593288 8 0
581623999 0 609104 168 0
587541740 0 608152 248 0
587585651 0 608400 8 0
587610284 0 591584 248 0
587651530 0 591832 8 0
587678361 0 594744 144 0
587723203 0 594464 248 0
587764301 0 594712 8 0
587801768 0 593296 240 0
587932997 0 594720 24 0
587981925 0 608832 248 0
588052418 0 609080 8 0
597141351 0 4200960 8 0
597186820 0 4200968 8 0
597188657 0 4200976 8 0
597189983 0 4200984 8 0
597191722 0 4200992 8 0
597193030 0 4201000 8 0
597194260 0 4201008 8 0
597195471 0 4201016 8 0
597196975 0 4201024 8 0
597198239 0 4201032 8 0
597199986 0 4201040 8 0
597201414 0 4201048 8 0
597204193 0 4201064 8 0
597205717 0 4201072 8 0
597207072 0 4201080 8 0
597208590 0 4201088 8 0
597210014 0 4201096 8 0
597211247 0 4201104 8 0
597212451 0 4201112 8 0
597213744 0 4201120 8 0
597214858 0 4201128 8 0
597216201 0 4201136 8 0
597217579 0 4201144 8 0
597220015 0 4201152 8 0
597221772 0 4201160 8 0
597222910 0 4201168 8 0
597224739 0 4201176 8 0
597226173 0 4201184 8 0
597227355 0 4201192 8 0
597228815 0 4201200 8 0
597229906 0 4201208 8 0
597231068 0 4201056 8 0
592471135 0 588584 128 0
592676139 0 591840 192 0
592748961 0 590856 248 0
592786486 0 591104 8 0
592863284 0 607768 248 0
592900352 0 608016 8 0
592922630 0 592464 248 0
592959075 0 592712 8 0
592981329 0 606152 248 0
593018813 0 606400 8 0
593033517 0 592720 48 0
593055802 0 608408 208 0
593292425 0 593536 248 0
593332529 0 593784 8 0
593931286 0 583416 176 0
594010035 0 583592 24 0
594136816 0 585136 168 0
594247601 0 590576 176 0
594299698 0 603728 248 0
594340825 0 603976 8 0
594369635 0 603568 160 0
594409744 0 590752 104 0
594443783 0 603512 56 0
594478196 0 594224 240 0
594547372 0 584704 32 0
594602889 0 580040 248 0
594645017 0 580288 8 0
594813788 0 580296 128 0
594912506 0 4194368 8 0
596377129 0 6328320 8 1
604671322 0 4811712 32 0
608112582 0 4812232 136 0
614650289 0 4811744 248 0
614804991 0 4811992 8 0
614844479 0 4260368 8 0
621732291 0 4976832 32 0
624955455 0 4978592 136 0
632497430 0 4971224 32 0
636541874 0 4973144 136 0
641834218 0 4971256 248 0
642052220 0 4971504 8 0
648654850 0 4479488 32 0
660268066 0 4479536 136 0
675219607 0 4479520 16 0
676038260 0 4972976 168 0
726065504 0 4275592 8 0
693667788 0 4971512 248 0
693725627 0 4971760 8 0
693772755 0 4971768 248 0
694219547 0 4972016 8 0
694365996 0 4977152 248 0
694371369 0 4977400 8 0
711612083 0 4976864 248 0
711822761 0 4977112 8 0
711849240 0 4977120 32 0
711934614 0 4977408 248 0
712349628 0 4977656 8 0
712384821 0 4977664 248 0
712385510 0 4977912 8 0
719509402 0 4977920 248 0
719602461 0 4978168 8 0
719654109 0 4978176 248 0
719685992 0 4978424 8 0
719837834 0 4978432 128 0
719880102 0 4978560 32 0
720014649 0 4972840 136 0
720590082 0 4812000 232 0
720779951 0 4972672 168 0
720911100 0 4468816 120 0
722699620 0 4972024 248 0
722743407 0 4972272 8 0
724421310 0 4972280 128 0
725210906 0 6328328 8 1
746850294 0 4260816 8 0
748610396 0 4272152 8 0
750038419 0 4272144 8 0
751905449 0 4272120 8 0
785616281 0 4820720 32 0
753204053 0 5334016 32 0
756419743 0 5334904 136 0
764545935 0 5334048 248 0
764894923 0 5334296 8 0
765902326 0 5334304 248 0
765903243 0 5334552 8 0
772422650 0 5334584 248 0
772679158 0 5334832 8 0
772746750 0 5334560 24 0
772789601 0 5334840 64 0
772893040 0 4265544 8 0
780181297 0 4265552 8 0
788828728 0 4822216 136 0
794500627 0 4820752 248 0
794506747 0 4821000 8 0
804425803 0 4821008 248 0
804462489 0 4821256 8 0
804493637 0 4821264 152 0
804622326 0 4821416 208 0
804937507 0 5439232 32 0
816720446 0 5439264 120 0
819728271 0 4979936 8 0
819911979 0 4979944 8 0
819999445 0 5391824 8 0
822365061 0 5397024 32 0
825248125 0 5397056 64 0
825389856 0 5397120 128 0
827996209 0 5435968 32 0
835990442 0 5437008 8 0
837444321 0 5437016 32 0
839035434 0 5436144 8 0
841156041 0 5436152 32 0
842823178 0 5436408 8 0
844360562 0 5436472 8 0
845630074 0 5436544 8 0
846739627 0 5436568 8 0
847886029 0 5436600 8 0
848994757 0 5436976 8 0
850326611 0 5436000 64 0
850773490 0 4272128 8 0
853773150 0 5025456 8 0
855088519 0 4972408 224 0
855136946 0 4972632 40 0
858458247 0 5025464 32 0
864224602 0 5391848 8 0
865499470 0 4979952 8 0
869198369 0 5025496 16 0
937550303 0 3932160 8 1
938160911 0 3932160 8 1
922014136 0 3932160 8 1
922046391 0 3932168 8 1
922102235 0 3932176 8 1
922102835 0 3932184 8 1
922103279 0 3932192 8 1
922103712 0 3932200 8 1
922104056 0 3932208 8 1
922104487 0 3932216 8 1
922104861 0 3932224 8 1
922105181 0 3932232 8 1
922105522 0 3932240 8 1
922105914 0 3932248 8 1
922106686 0 3932256 8 1
922107251 0 3932264 8 1
922107604 0 3932272 8 1
922108376 0 3932280 8 1
922108779 0 3932288 8 1
922109129 0 3932296 8 1
922109481 0 3932304 8 1
922109881 0 3932312 8 1
922110304 0 3932320 8 1
922110734 0 3932328 8 1
922111065 0 3932336 8 1
922111393 0 3932344 8 1
922111811 0 3932352 8 1
922112140 0 3932360 8 1
922112478 0 3932368 8 1
922112808 0 3932376 8 1
922113319 0 3932384 8 1
922113733 0 3932392 8 1
922113974 0 3932400 8 1
922114293 0 3932408 8 1
922114532 0 3932416 8 1
922114778 0 3932424 8 1
922116110 0 3932432 8 1
922116538 0 3932440 8 1
922117087 0 3932448 8 1
922117489 0 3932456 8 1
922117835 0 3932464 8 1
922118182 0 3932472 8 1
922118532 0 3932480 8 1
922118873 0 3932488 8 1
922119220 0 3932496 8 1
922119470 0 3932504 8 1
922120057 0 3932512 8 1
922120471 0 3932520 8 1
922121092 0 3932528 8 1
922121519 0 3932536 8 1
922122097 0 3932544 8 1
922122593 0 3932552 8 1
922286640 0 3932560 8 1
930269645 0 0 8 1
930282178 0 8 8 1
930290609 0 2056 8 1
930299052 0 2256 8 1
930307446 0 2312 8 1
930312699 0 2352 8 1
930317028 0 2384 8 1
930321207 0 2400 8 1
930325367 0 41248 8 1
930330078 0 41256 8 1
930334567 0 67848 8 1
930339769 0 107328 8 1
930350857 0 4194368 8 1
930358887 0 4194480 8 1
930370416 0 4194560 8 1
930377966 0 4194576 8 1
930384937 0 4194632 8 1
930391548 0 4194640 8 1
930396104 0 4194648 8 1
930400302 0 4194672 8 1
930404940 0 4194696 8 1
930409263 0 4201056 8 1
930413551 0 4201120 8 1
930418059 0 4201128 8 1
930422718 0 4201448 8 1
930430501 0 4201688 8 1
930438291 0 4201728 8 1
930445581 0 4202208 8 1
930454195 0 4202224 8 1
930461782 0 4202280 8 1
930468621 0 4202296 8 1
930475810 0 4202304 8 1
930480436 0 4202312 8 1
930484500 0 4202392 8 1
930489097 0 4202408 8 1
930492897 0 4202416 8 1
930497038 0 4202448 8 1
930500926 0 4206968 8 1
930505329 0 4207336 8 1
930511641 0 4207344 8 1
930519569 0 4207384 8 1
930525568 0 4207392 8 1
930533317 0 4207408 8 1
930540525 0 4207608 8 1
930547508 0 4207640 8 1
930555776 0 4222368 8 1
930562630 0 4260328 8 1
942013265 0 0 8 1
