0 0 6416 8 0
13941 0 6424 8 0
15730 0 6432 8 0
17274 0 6440 8 0
18959 0 6448 8 0
20674 0 6456 8 0
22001 0 6464 8 0
23122 0 6472 8 0
24247 0 6480 8 0
25648 0 6488 8 0
26862 0 6496 8 0
27987 0 6504 8 0
28928 0 6512 8 0
30052 0 6520 8 0
31093 0 6528 8 0
32851 0 6536 8 0
33849 0 6544 8 0
37960 0 6552 8 0
39614 0 6560 8 0
41156 0 6568 8 0
42175 0 6576 8 0
43329 0 6584 8 0
44232 0 6592 8 0
45343 0 6600 8 0
46160 0 6608 8 0
47108 0 6616 8 0
48011 0 6624 8 0
49154 0 6632 8 0
50036 0 6640 8 0
52168 0 6648 8 0
53698 0 6656 8 0
54792 0 6664 8 0
55180 0 6408 8 0
9688533 0 4264208 8 0
9831738 0 67912 8 0
9928372 0 10504 8 0
9935754 0 10512 8 0
10177526 0 4194432 8 0
13067272 0 4194568 8 0
13075895 0 4194576 8 0
13077267 0 4194584 8 0
13080070 0 4194592 8 0
13081407 0 4194600 8 0
13082503 0 4194608 8 0
13083459 0 4194616 8 0
13084427 0 4194624 8 0
13085670 0 4194632 8 0
13086846 0 4194640 8 0
13088114 0 4194648 8 0
13089298 0 4194656 8 0
13090573 0 4194664 8 0
13091916 0 4194672 8 0
13093208 0 4194680 8 0
13094272 0 4194688 8 0
13095477 0 4194696 8 0
13097398 0 4194704 8 0
13098315 0 4194712 8 0
13099360 0 4194720 8 0
13100555 0 4194728 8 0
13101666 0 4194736 8 0
13102635 0 4194744 8 0
13103601 0 4194752 8 0
13104864 0 4194760 8 0
13106020 0 4194768 8 0
13107268 0 4194776 8 0
13108225 0 4194784 8 0
13109301 0 4194792 8 0
13110419 0 4194800 8 0
13111460 0 4194808 8 0
13113550 0 4194816 8 0
13113959 0 4194560 8 0
29915679 0 4194304 8 0
87915945 0 79008 8 0
55771486 0 265424 8 0
57933534 0 453144 8 0
60073593 0 4264216 8 0
61687630 0 68520 8 0
63379588 0 5632 8 0
63390123 0 5640 8 0
63392035 0 5648 8 0
63394070 0 5656 8 0
63398601 0 5664 8 0
63400585 0 5672 8 0
63402749 0 5680 8 0
63405339 0 5688 8 0
63407202 0 5696 8 0
63409069 0 5704 8 0
63410913 0 5712 8 0
63413059 0 5720 8 0
63415036 0 5728 8 0
63417155 0 5736 8 0
63418349 0 5744 8 0
63419349 0 5752 8 0
63420436 0 5760 8 0
63421580 0 5768 8 0
63426412 0 5784 8 0
63427489 0 5792 8 0
63428614 0 5800 8 0
63429827 0 5808 8 0
63431262 0 5816 8 0
63432381 0 5824 8 0
63433906 0 5832 8 0
63435090 0 5840 8 0
63436219 0 5848 8 0
63437407 0 5856 8 0
63438696 0 5864 8 0
63440562 0 5872 8 0
63441773 0 5880 8 0
63442929 0 5888 8 0
63443500 0 5776 8 0
74450526 0 73984 8 0
76622828 0 9216 8 0
76631659 0 9224 8 0
76633106 0 9232 8 0
76634280 0 9240 8 0
76635535 0 9248 8 0
76637159 0 9256 8 0
76638410 0 9264 8 0
76640667 0 9272 8 0
76642366 0 9280 8 0
76643743 0 9288 8 0
76648799 0 9296 8 0
76650631 0 9304 8 0
76652264 0 9312 8 0
76654048 0 9320 8 0
76656075 0 9328 8 0
76658019 0 9336 8 0
76659723 0 9344 8 0
76661344 0 9352 8 0
76662770 0 9360 8 0
76664785 0 9368 8 0
76666963 0 9376 8 0
76669781 0 9384 8 0
76671937 0 9400 8 0
76673590 0 9408 8 0
76675208 0 9416 8 0
76677125 0 9424 8 0
76678375 0 9432 8 0
76680096 0 9440 8 0
76683213 0 9448 8 0
76685015 0 9456 8 0
76686988 0 9464 8 0
76688586 0 9472 8 0
76689228 0 9392 8 0
94554014 0 10240 8 0
94560806 0 10248 8 0
94565625 0 10256 8 0
94569993 0 10264 8 0
94574209 0 10272 8 0
94577978 0 10280 8 0
94582258 0 10288 8 0
94586871 0 10296 8 0
94590912 0 10304 8 0
94594892 0 10312 8 0
94598810 0 10320 8 0
94602713 0 10328 8 0
94606614 0 10336 8 0
94611824 0 10344 8 0
94615905 0 10352 8 0
94619821 0 10360 8 0
94623908 0 10368 8 0
94627886 0 10376 8 0
94631885 0 10384 8 0
94636171 0 10400 8 0
94640104 0 10408 8 0
94644596 0 10416 8 0
94648936 0 10424 8 0
94708802 0 10432 8 0
94715146 0 10440 8 0
94719461 0 10448 8 0
94723674 0 10456 8 0
94731801 0 10464 8 0
94736148 0 10472 8 0
94740461 0 10480 8 0
94745203 0 10488 8 0
94749615 0 10496 8 0
94753142 0 10392 8 0
94763614 0 80312 8 0
99209903 0 2816 8 0
99223866 0 2824 8 0
99231843 0 2832 8 0
99239429 0 2840 8 0
99245214 0 2848 8 0
99250124 0 2856 8 0
99255757 0 2864 8 0
99260503 0 2872 8 0
99265612 0 2888 8 0
99270347 0 2896 8 0
99274797 0 2904 8 0
99279564 0 2912 8 0
99283989 0 2920 8 0
99288337 0 2928 8 0
99292709 0 2936 8 0
99306494 0 2944 8 0
99311869 0 2952 8 0
99316546 0 2960 8 0
99320931 0 2968 8 0
99325726 0 2976 8 0
99331039 0 2984 8 0
99335531 0 2992 8 0
99339982 0 3000 8 0
99347283 0 3008 8 0
99351740 0 3016 8 0
99356503 0 3024 8 0
99361086 0 3032 8 0
99366108 0 3040 8 0
99370550 0 3048 8 0
99375394 0 3056 8 0
99379760 0 3064 8 0
99384362 0 3072 8 0
99388161 0 2880 8 0
99398264 0 69136 8 0
102714485 0 69184 8 0
106037547 0 69144 8 0
108816463 0 69216 8 0
111626154 0 68528 8 0
113451256 0 75776 8 0
115571228 0 68488 8 0
116937422 0 4260104 8 0
118217541 0 4459304 32 0
121222841 0 68424 8 0
123475138 0 4260120 8 0
126150931 0 4194832 8 0
126157688 0 4194840 8 0
126159212 0 4194848 8 0
126160710 0 4194856 8 0
126163965 0 4194864 8 0
126165224 0 4194872 8 0
126166960 0 4194880 8 0
126168467 0 4194888 8 0
126169969 0 4194896 8 0
126171129 0 4194904 8 0
126172373 0 4194912 8 0
126173750 0 4194920 8 0
126175385 0 4194928 8 0
126176796 0 4194936 8 0
126178331 0 4194944 8 0
126179830 0 4194952 8 0
126181262 0 4194960 8 0
126182417 0 4194968 8 0
126184541 0 4194976 8 0
126185919 0 4194984 8 0
126187749 0 4194992 8 0
126189554 0 4195000 8 0
126190882 0 4195008 8 0
126192424 0 4195016 8 0
126194445 0 4195024 8 0
126195974 0 4195032 8 0
126197364 0 4195040 8 0
126199038 0 4195048 8 0
126200702 0 4195056 8 0
126202038 0 4195064 8 0
126203423 0 4195072 8 0
126203946 0 4194824 8 0
126239603 0 4260496 8 0
128235395 0 4513344 32 0
131870421 0 4459416 136 0
136419451 0 4513480 144 0
142647974 0 4513376 104 0
142902514 0 702624 32 0
153899533 0 4514816 32 0
153975957 0 4518048 152 0
160652830 0 4514864 248 0
160664954 0 4515112 8 0
160749765 0 4459336 80 0
160815923 0 4515120 248 0
160816578 0 4515368 8 0
160827913 0 4514848 16 0
161023471 0 4515752 248 0
161027945 0 4516000 8 0
173988492 0 4516032 248 0
173996957 0 4516280 8 0
174072035 0 4517504 248 0
174078050 0 4517752 8 0
190995254 0 4516952 248 0
191003532 0 4517200 8 0
191184401 0 4516520 248 0
191196634 0 4516768 8 0
191392082 0 4516288 128 0
191529174 0 4515376 128 0
191622940 0 4517344 160 0
194461748 0 4517208 136 0
194805829 0 950272 32 0
197750398 0 963560 248 0
197782676 0 963808 8 0
205383757 0 963304 248 0
205419454 0 963552 8 0
215259389 0 4593632 32 0
218522129 0 4593696 208 0
227383788 0 4593664 32 0
228118245 0 951488 248 0
228167661 0 951736 8 0
252860990 0 956576 248 0
252898644 0 956824 8 0
264479698 0 951296 192 0
276174567 0 960952 248 0
276216634 0 961200 8 0
286848010 0 961208 184 0
286893372 0 951120 176 0
297910001 0 961392 248 0
298144438 0 961640 8 0
298187351 0 961648 248 0
298220445 0 961896 8 0
298342834 0 959032 248 0
298378188 0 959280 8 0
309609212 0 961904 248 0
309646390 0 962152 8 0
309691736 0 956832 208 0
309764413 0 958776 248 0
309798151 0 959024 8 0
321792940 0 959832 248 0
321830272 0 960080 8 0
321857213 0 957760 248 0
321906619 0 958008 8 0
321930811 0 958256 248 0
321966809 0 958504 8 0
328622122 0 960088 248 0
328662558 0 960336 8 0
328689681 0 960432 248 0
328728690 0 960680 8 0
328773703 0 960688 152 0
333537047 0 950944 176 0
345067471 0 959528 248 0
346145532 0 959776 8 0
346206540 0 954248 248 0
346214028 0 954496 8 0
392485965 0 952920 248 0
392534603 0 953168 8 0
392670551 0 962160 192 0
392729039 0 962528 248 0
392783534 0 962776 8 0
392857308 0 959288 168 0
392951140 0 959784 48 0
393156300 0 952400 248 0
393200993 0 952648 8 0
393227069 0 958096 160 0
393285927 0 953808 248 0
393326432 0 954056 8 0
407821788 0 952176 224 0
407884148 0 951952 224 0
408038687 0 952656 240 0
408099306 0 954064 128 0
408137401 0 959456 72 0
408177049 0 954504 232 0
408283432 0 958512 136 0
408327846 0 958648 128 0
408386125 0 957208 248 0
408438600 0 957456 8 0
408468418 0 951792 160 0
408521529 0 960344 88 0
408564896 0 958016 80 0
408596298 0 954192 56 0
408625489 0 953384 248 0
408628792 0 953632 8 0
413453964 0 955784 248 0
413515966 0 956032 8 0
417870441 0 953672 136 0
417924999 0 957464 128 0
417989191 0 954736 152 0
418104650 0 962784 144 0
418148690 0 960840 112 0
418230478 0 954888 248 0
418280000 0 955136 8 0
419109271 0 955640 144 0
419160781 0 956040 216 0
420063859 0 957040 168 0
420186811 0 956440 136 0
420226878 0 956256 144 0
420290742 0 956400 40 0
420358433 0 955144 208 0
420655604 0 955352 152 0
420772380 0 953176 208 0
421049159 0 962384 144 0
421267811 0 951744 48 0
427396960 0 950304 248 0
427498500 0 950552 8 0
432201577 0 950560 152 0
432558362 0 962976 248 0
432608966 0 963224 8 0
432727303 0 950712 232 0
433431013 0 68512 8 0
435241229 0 2200 8 0
435275060 0 2056 8 0
435665979 0 9480 8 0
435676950 0 9496 8 0
435681874 0 9504 8 0
435686147 0 9512 8 0
435691600 0 9520 8 0
435695597 0 9528 8 0
435699691 0 9536 8 0
435703624 0 9544 8 0
435707867 0 9552 8 0
435712002 0 9560 8 0
435716402 0 9568 8 0
435720282 0 9576 8 0
435724229 0 9584 8 0
435730261 0 9592 8 0
435734158 0 9600 8 0
435738196 0 9608 8 0
435742335 0 9616 8 0
435746531 0 9624 8 0
435751523 0 9632 8 0
435755469 0 9640 8 0
435759722 0 9648 8 0
435763603 0 9656 8 0
435767438 0 9664 8 0
435771601 0 9672 8 0
435775590 0 9680 8 0
435779393 0 9688 8 0
435783311 0 9696 8 0
435787011 0 9704 8 0
435790851 0 9712 8 0
435794637 0 9720 8 0
435798887 0 9728 8 0
435802030 0 9488 8 0
436012915 0 79136 8 0
437463438 0 9736 8 0
437472199 0 9744 8 0
437476844 0 9752 8 0
437481525 0 9760 8 0
437485601 0 9768 8 0
437489976 0 9776 8 0
437493937 0 9784 8 0
437497914 0 9792 8 0
437501920 0 9800 8 0
437505967 0 9808 8 0
437512140 0 9816 8 0
437516034 0 9824 8 0
437521674 0 9832 8 0
437526324 0 9840 8 0
437530755 0 9856 8 0
437535115 0 9864 8 0
437539964 0 9872 8 0
437544345 0 9880 8 0
437548285 0 9888 8 0
437552241 0 9896 8 0
437762924 0 9904 8 0
437770470 0 9912 8 0
437775044 0 9920 8 0
437779308 0 9928 8 0
437783589 0 9936 8 0
437788033 0 9944 8 0
437792737 0 9952 8 0
437796835 0 9960 8 0
437801031 0 9968 8 0
437804870 0 9976 8 0
437808978 0 9984 8 0
437812454 0 9848 8 0
437854218 0 79920 8 0
441024761 0 918040 24 0
446316322 0 918064 8 0
446369677 0 918072 32 0
451668957 0 918176 32 0
451742711 0 918208 32 0
459569496 0 918272 32 0
459655266 0 918336 32 0
459731692 0 918152 8 0
459849260 0 79896 8 0
464270830 0 917928 8 0
465891826 0 917616 8 0
467190646 0 917624 8 0
469171077 0 9992 8 0
469181688 0 10000 8 0
469186545 0 10008 8 0
469190749 0 10016 8 0
469194648 0 10024 8 0
469202340 0 10032 8 0
469206361 0 10040 8 0
469210659 0 10048 8 0
469214502 0 10056 8 0
469219076 0 10064 8 0
469223897 0 10072 8 0
469228021 0 10080 8 0
469231706 0 10088 8 0
469236615 0 10096 8 0
469240838 0 10104 8 0
469244992 0 10112 8 0
469249023 0 10120 8 0
469253258 0 10128 8 0
469257333 0 10136 8 0
469262520 0 10152 8 0
469266664 0 10160 8 0
469270912 0 10168 8 0
469274951 0 10176 8 0
469278935 0 10184 8 0
469282872 0 10192 8 0
469286652 0 10200 8 0
469290756 0 10208 8 0
469296031 0 10216 8 0
469300533 0 10224 8 0
469304646 0 10232 8 0
469308963 0 10144 8 0
469337112 0 80192 8 0
470764574 0 80216 8 0
472240114 0 80224 8 0
473777599 0 80256 8 0
478588908 0 927688 24 0
482630450 0 927712 16 0
482807516 0 927744 8 0
485012468 0 927752 8 0
485074711 0 927792 8 0
485152294 0 927888 32 0
490051076 0 928024 8 0
492351213 0 928040 8 0
492395138 0 928424 24 0
496983485 0 928448 8 0
497019675 0 928456 8 0
497098369 0 928480 32 0
499737643 0 928464 8 0
499844643 0 928512 32 0
499913645 0 928472 8 0
499972151 0 928544 8 0
500054909 0 928552 8 0
500117975 0 928560 8 0
500184956 0 928568 24 0
500417205 0 928592 16 0
504657268 0 928608 24 0
504785060 0 928704 8 0
504931900 0 928712 8 0
504998558 0 928720 8 0
505042659 0 928728 8 0
505111026 0 928744 8 0
505167430 0 928856 8 0
505225551 0 928880 16 0
505272593 0 929080 8 0
505335238 0 929088 8 0
505387745 0 929096 8 0
505451899 0 929104 8 0
506875472 0 929120 16 0
507128221 0 929112 8 0
507161615 0 929136 8 0
507204597 0 929144 8 0
507272216 0 929152 16 0
507341354 0 929168 16 0
507401336 0 929184 32 0
507492485 0 929216 32 0
507636881 0 929280 24 0
507696229 0 929304 32 0
507738359 0 929344 24 0
508167379 0 929368 8 0
508244542 0 929376 8 0
508278217 0 929384 8 0
508330843 0 929392 16 0
508403295 0 929408 16 0
508455563 0 929424 24 0
508489164 0 929448 32 0
508539031 0 929496 32 0
508652334 0 929552 16 0
508711975 0 929568 24 0
508789151 0 929600 16 0
508842241 0 929544 8 0
508873309 0 929616 16 0
509135495 0 929592 8 0
509195202 0 929656 8 0
509230757 0 929720 8 0
509266766 0 929760 16 0
509328921 0 929792 8 0
509392132 0 929824 16 0
509447589 0 929840 16 0
509503216 0 929856 8 0
509536030 0 929864 32 0
509633266 0 929984 8 0
509679860 0 929992 8 0
509709765 0 930000 32 0
509751965 0 930056 32 0
509810522 0 930096 16 0
509868251 0 930112 24 0
512498523 0 930136 8 0
512583624 0 930144 8 0
512625886 0 930184 8 0
512657036 0 930216 8 0
512724988 0 930352 24 0
512758198 0 930376 8 0
512805763 0 930384 8 0
512853623 0 930752 16 0
514696340 0 930784 32 0
514750689 0 930768 16 0
514783718 0 930744 8 0
514839293 0 930896 16 0
514899456 0 930912 32 0
514934985 0 931104 16 0
515001340 0 931120 24 0
515068249 0 933712 24 0
534835249 0 933688 8 0
534876602 0 933736 8 0
534912453 0 933744 8 0
535452182 0 933760 32 0
535497820 0 933752 8 0
535554151 0 933864 8 0
535597615 0 933984 16 0
535671397 0 934024 24 0
535703692 0 934048 8 0
535750016 0 934056 32 0
535785725 0 934128 8 0
535841973 0 934144 16 0
535915170 0 934136 8 0
535987257 0 934176 32 0
536041903 0 934160 16 0
536119911 0 934208 8 0
536153132 0 934224 16 0
536199414 0 934328 8 0
536233751 0 934416 8 0
536268889 0 934424 8 0
536316798 0 934432 8 0
536350493 0 934472 8 0
536383559 0 934528 8 0
536431507 0 934544 16 0
536531492 0 934536 8 0
536579406 0 934560 24 0
536630703 0 934592 16 0
536691215 0 934608 16 0
536871147 0 934656 32 0
536909146 0 934584 8 0
536949889 0 934712 8 0
537066324 0 934720 24 0
537130027 0 934744 8 0
537159943 0 934752 16 0
537207432 0 934768 8 0
537257951 0 934776 24 0
537311482 0 934800 16 0
537373747 0 934816 8 0
537432622 0 935008 16 0
537476208 0 934904 8 0
537512735 0 935392 16 0
537547497 0 935424 16 0
537614925 0 935440 32 0
537708321 0 935488 8 0
537739188 0 935496 8 0
537780724 0 935504 8 0
537812107 0 935512 24 0
537845730 0 935584 32 0
537916809 0 935616 16 0
538412541 0 1112328 8 0
540420441 0 1112336 16 0
542199052 0 1244104 8 0
544092851 0 1244112 8 0
546816479 0 1244120 32 0
550687843 0 1083616 8 0
552648103 0 1083624 8 0
556319327 0 4196352 8 0
556372135 0 4196360 8 0
556375045 0 4196368 8 0
556376177 0 4196376 8 0
556377346 0 4196384 8 0
556378774 0 4196392 8 0
556380375 0 4196400 8 0
556381668 0 4196408 8 0
556383215 0 4196416 8 0
556384620 0 4196424 8 0
556386137 0 4196432 8 0
556387363 0 4196440 8 0
556389659 0 4196448 8 0
556393832 0 4196456 8 0
556395131 0 4196464 8 0
556396245 0 4196472 8 0
556398031 0 4196480 8 0
556399170 0 4196488 8 0
556400112 0 4196496 8 0
556401035 0 4196504 8 0
556402161 0 4196512 8 0
556404001 0 4196520 8 0
556405079 0 4196528 8 0
556406059 0 4196536 8 0
556407109 0 4196544 8 0
556408495 0 4196552 8 0
556410076 0 4196568 8 0
556411393 0 4196576 8 0
556412661 0 4196584 8 0
556414158 0 4196592 8 0
556416069 0 4196600 8 0
556417174 0 4196608 8 0
556417985 0 4196560 8 0
566334715 0 4263440 8 0
568513147 0 4567304 8 0
570517729 0 4196096 8 0
570529964 0 4196104 8 0
570535068 0 4196112 8 0
570540033 0 4196120 8 0
570548061 0 4196128 8 0
570552583 0 4196136 8 0
570558105 0 4196144 8 0
570562544 0 4196152 8 0
570566617 0 4196160 8 0
570571104 0 4196168 8 0
570575298 0 4196176 8 0
570579866 0 4196184 8 0
570584012 0 4196192 8 0
570588287 0 4196200 8 0
570592726 0 4196208 8 0
570596919 0 4196216 8 0
570600841 0 4196224 8 0
570604872 0 4196232 8 0
570609141 0 4196240 8 0
570613417 0 4196248 8 0
570618920 0 4196264 8 0
570623151 0 4196272 8 0
570665788 0 4196280 8 0
570667275 0 4196288 8 0
570668325 0 4196296 8 0
570669330 0 4196304 8 0
570670465 0 4196312 8 0
570671445 0 4196320 8 0
570672520 0 4196328 8 0
570673697 0 4196336 8 0
570675581 0 4196344 8 0
570676443 0 4196256 8 0
574368220 0 4263112 8 0
576286475 0 4555456 32 0
580779045 0 4555488 24 0
585135642 0 4555552 8 0
585207135 0 4555560 8 0
585303273 0 4555568 16 0
585397071 0 4555584 16 0
585516886 0 80296 8 0
585666366 0 936608 8 0
587962272 0 936616 8 0
594681150 0 936624 8 0
594798139 0 936632 8 0
594848158 0 936640 8 0
594935189 0 936648 8 0
600772123 0 936656 8 0
600839789 0 936664 8 0
600894825 0 936672 16 0
601010036 0 936688 8 0
601089546 0 936696 8 0
601129927 0 936704 8 0
601180313 0 936712 8 0
601254013 0 936720 8 0
601308906 0 936728 8 0
601376490 0 936736 16 0
601437013 0 936752 8 0
601502202 0 936760 8 0
601615200 0 80304 8 0
601752789 0 936312 8 0
606107936 0 936472 32 0
612969631 0 936560 16 0
616282526 0 936576 8 0
616340197 0 936584 8 0
616425300 0 936592 16 0
616586359 0 80032 8 0
620572628 0 919760 8 0
622104581 0 919776 8 0
623960645 0 919800 8 0
624092855 0 919808 32 0
630462734 0 919936 8 0
630757327 0 919952 8 0
630793670 0 919976 8 0
630880480 0 919984 8 0
631013830 0 919992 8 0
631086007 0 920008 8 0
631119038 0 920040 8 0
631148834 0 920064 8 0
631241849 0 920528 8 0
638399891 0 920536 8 0
638470869 0 920776 8 0
638537760 0 920800 8 0
638585055 0 920808 8 0
638642292 0 920824 8 0
638678226 0 920848 24 0
638897589 0 920880 16 0
639391612 0 920896 8 0
639468430 0 920928 8 0
639503892 0 920960 16 0
643360380 0 921520 8 0
643468913 0 921624 8 0
643629052 0 921704 8 0
643706591 0 921728 8 0
652483399 0 921744 16 0
653014369 0 921760 8 0
653213309 0 921784 8 0
653525313 0 921800 8 0
653725976 0 921824 8 0
653957492 0 921840 16 0
654669121 0 921856 8 0
654728284 0 921880 8 0
655263626 0 921896 8 0
655433270 0 921920 8 0
655848078 0 921928 8 0
656371917 0 4263264 8 0
676301315 0 4558120 8 0
677954662 0 4558144 16 0
680769195 0 4558136 8 0
682538882 0 4558160 8 0
682698717 0 4558168 8 0
682778587 0 4558176 8 0
682834861 0 4558192 8 0
685033587 0 4558200 8 0
685119637 0 4558344 8 0
686514030 0 4558360 8 0
688187599 0 4558400 8 0
689501880 0 4558416 8 0
640839117 0 920976 8 0
640876451 0 921000 8 0
640923501 0 921008 8 0
640975159 0 921024 8 0
641007712 0 921048 8 0
641062946 0 921064 8 0
641095009 0 921088 16 0
641217115 0 921104 8 0
641274852 0 921120 8 0
641311321 0 921152 32 0
641456308 0 921184 32 0
641599780 0 921216 16 0
641707338 0 921144 8 0
641758657 0 921240 8 0
641789740 0 921264 24 0
641996726 0 921288 8 0
642139742 0 921296 8 0
642188761 0 921312 8 0
642219265 0 921344 16 0
642397684 0 921360 8 0
642431597 0 921392 8 0
642461055 0 921416 8 0
642508271 0 921424 8 0
642565283 0 921440 8 0
642596056 0 921464 8 0
642644067 0 921480 8 0
643112503 0 921504 8 0
643268834 0 921512 8 0
691072837 0 4558432 16 0
691694289 0 4558448 16 0
696997186 0 4558496 24 0
697088525 0 4558424 8 0
697355884 0 4558560 32 0
697908901 0 4558632 8 0
698014709 0 4558648 8 0
698097369 0 4558672 16 0
698174776 0 4558664 8 0
698241996 0 4558696 8 0
698310368 0 4558704 8 0
698364383 0 4558712 8 0
698432978 0 4558808 8 0
698498969 0 4558856 8 0
698543760 0 4558880 8 0
698584217 0 4558904 8 0
698655305 0 4558936 8 0
698739532 0 4558952 8 0
698815094 0 4558960 8 0
699045063 0 4263312 8 0
722117934 0 4263320 8 0
726781950 0 4263328 8 0
728483000 0 4559280 8 0
728543415 0 4559360 8 0
728602492 0 4559464 8 0
728643827 0 4559472 8 0
728757643 0 4559528 8 0
728837184 0 4559552 16 0
728879706 0 4559568 24 0
728953362 0 4559648 16 0
729672684 0 4559544 8 0
729721991 0 4559592 8 0
729799853 0 4559696 8 0
729846642 0 4559744 8 0
729920483 0 4559952 8 0
729991906 0 4560000 16 0
730047132 0 4560016 8 0
730091830 0 4560024 8 0
730154061 0 4560032 16 0
730194392 0 4560072 8 0
730240459 0 4560080 8 0
730273748 0 4560144 8 0
730337316 0 4560152 8 0
730408058 0 4560200 8 0
730463242 0 4560208 8 0
730649070 0 4560224 32 0
730712989 0 4560216 8 0
730754873 0 4560392 32 0
730840946 0 4560480 16 0
731041514 0 4560592 8 0
731101386 0 4560656 8 0
731154935 0 4560704 16 0
731226581 0 4560720 16 0
731344224 0 4560928 24 0
731443912 0 4562048 32 0
731522727 0 4563664 32 0
731626085 0 4564736 24 0
787511406 0 1182296 32 0
740466505 0 4565192 24 0
749153356 0 4263408 8 0
749363951 0 4566240 8 0
754897780 0 4566248 8 0
760589168 0 4566264 32 0
772375331 0 4566336 32 0
772459450 0 4566376 8 0
772515016 0 4566384 8 0
772573842 0 4566392 8 0
772641546 0 4566400 24 0
773467426 0 4566432 8 0
773586950 0 4566448 8 0
773655907 0 4566456 8 0
773721027 0 4566464 32 0
773866724 0 4566592 32 0
773960397 0 4566544 16 0
774033602 0 4566576 16 0
774108752 0 4566656 8 0
774169468 0 4566664 8 0
774358449 0 80160 8 0
779946480 0 925560 32 0
780071429 0 925768 8 0
780104419 0 925792 8 0
780174804 0 925800 8 0
780239264 0 925808 8 0
780297212 0 925824 16 0
780364616 0 925840 16 0
780423436 0 925816 8 0
780498241 0 925856 32 0
780656803 0 925960 32 0
780911413 0 80272 8 0
781274482 0 935768 8 0
781342966 0 935776 8 0
781485024 0 935784 24 0
781655059 0 935808 24 0
781820010 0 935840 16 0
781888453 0 935856 16 0
782025253 0 935872 16 0
782179624 0 935832 8 0
782249821 0 935888 32 0
782425795 0 935928 8 0
782564313 0 935936 24 0
782645180 0 935968 16 0
782783353 0 935960 8 0
782919067 0 935984 24 0
782994323 0 936008 8 0
783119443 0 936016 8 0
783186422 0 936032 16 0
783304747 0 936048 24 0
783378316 0 936024 8 0
783521826 0 936080 16 0
784321003 0 936072 8 0
784662461 0 4263416 8 0
784695137 0 4263432 8 0
784840227 0 4567248 8 0
786368332 0 4567256 24 0
786472608 0 4567280 24 0
786638864 0 80320 8 0
786650662 0 80328 8 0
786682197 0 80608 8 0
786791258 0 80640 8 0
787153317 0 80664 8 0
787165935 0 80672 8 0
791058524 0 1183488 248 0
791068000 0 1183736 8 0
801001416 0 4589472 32 0
807362148 0 4591392 136 0
817179521 0 4589504 224 0
826645337 0 4589728 248 0
826655379 0 4589976 8 0
826786917 0 1182328 248 0
826791340 0 1182576 8 0
826916603 0 1183000 248 0
826917785 0 1183248 8 0
834659974 0 1182584 160 0
834739438 0 1183256 232 0
834819903 0 1182864 136 0
835269227 0 1182744 120 0
836403622 0 1056920 32 0
844977204 0 4590240 248 0
844987687 0 4590488 8 0
846063108 0 1186904 32 0
852274682 0 1187336 248 0
852282496 0 1187584 8 0
866155850 0 1186936 248 0
866165749 0 1187184 8 0
866279048 0 1187192 144 0
873337533 0 4515512 240 0
873705482 0 1088720 32 0
878214809 0 1088752 64 0
878398658 0 1088816 128 0
883548906 0 1088944 248 0
883549962 0 1089192 8 0
886067653 0 1089200 248 0
886077800 0 1089448 8 0
887599458 0 1089456 248 0
887599998 0 1089704 8 0
890431403 0 1089712 248 0
890444952 0 1089960 8 0
891768018 0 1089968 248 0
891777315 0 1090216 8 0
892963382 0 1090224 248 0
892972520 0 1090472 8 0
894558748 0 1090480 248 0
894563475 0 1090728 8 0
895855012 0 1090736 248 0
895863161 0 1090984 8 0
897108578 0 1090992 248 0
897109331 0 1091240 8 0
899075417 0 1091248 248 0
899085880 0 1091496 8 0
900136177 0 1091504 152 0
901707297 0 1056952 64 0
901806063 0 1057016 128 0
902224774 0 1057144 248 0
902225405 0 1057392 8 0
918523186 0 1057400 248 0
918534051 0 1057648 8 0
919960451 0 1057656 224 0
925240812 0 1069952 32 0
938393214 0 1069984 64 0
938503152 0 1070048 128 0
942201397 0 1070176 128 0
949355219 0 1091944 32 0
949487266 0 1091976 64 0
949611424 0 1092040 128 0
950100494 0 1092168 248 0
950110022 0 1092416 8 0
952094967 0 983008 32 0
965128586 0 949232 16 0
987301352 0 1068120 32 0
1001191248 0 1068152 64 0
1001305463 0 1068216 128 0
1005113282 0 1068344 64 0
1008009074 0 1082816 32 0
1016884589 0 1082848 192 0
1023569890 0 1083040 248 0
1023578098 0 1083288 8 0
1024256378 0 1083296 136 0
1026501912 0 1083712 32 0
1028838658 0 1083744 192 0
1029286935 0 1083936 248 0
1029295710 0 1084184 8 0
1029969855 0 1084192 248 0
1029970769 0 1084440 8 0
1036984430 0 1084448 248 0
1036993515 0 1084696 8 0
1038444458 0 1084704 248 0
1038445271 0 1084952 8 0
1045983075 0 1084960 248 0
1045989107 0 1085208 8 0
1047571474 0 1085216 248 0
1047768218 0 1085464 8 0
1050244849 0 1085472 248 0
1050255675 0 1085720 8 0
1051717461 0 1085728 120 0
1053931967 0 1092880 32 0
1054094023 0 1092912 64 0
1054180716 0 1092976 72 0
1054920201 0 1093048 32 0
1054994092 0 1093224 24 0
1055138010 0 1093248 32 0
1055241695 0 1093280 64 0
1055356149 0 1093344 128 0
1055714791 0 1093472 248 0
1055722303 0 1093720 8 0
1056419993 0 1093728 248 0
1056424262 0 1093976 8 0
1057770455 0 1093984 248 0
1057775147 0 1094232 8 0
1059308552 0 1094240 192 0
1061548929 0 1098672 32 0
1070543752 0 1098704 64 0
1070562457 0 1098768 128 0
1074763970 0 1098896 248 0
1074764634 0 1099144 8 0
1079711776 0 1099152 248 0
1079723679 0 1099400 8 0
1081017180 0 1099408 168 0
1088525650 0 1092832 32 0
1088704501 0 1092864 16 0
1171629033 0 3932160 8 1
1171660481 0 3932168 8 1
1171733526 0 3932176 8 1
1171733954 0 3932184 8 1
1171734341 0 3932192 8 1
1171734747 0 3932200 8 1
1171735277 0 3932208 8 1
1171735616 0 3932216 8 1
1171735956 0 3932224 8 1
1171736367 0 3932232 8 1
1171736607 0 3932240 8 1
1171736967 0 3932248 8 1
1171737540 0 3932256 8 1
1171738506 0 3932264 8 1
1171738916 0 3932272 8 1
1171739447 0 3932280 8 1
1171739844 0 3932288 8 1
1171740254 0 3932296 8 1
1171740651 0 3932304 8 1
1171740985 0 3932312 8 1
1171741225 0 3932320 8 1
1171741465 0 3932328 8 1
1171741791 0 3932336 8 1
1171742113 0 3932344 8 1
1171742424 0 3932352 8 1
1171742663 0 3932360 8 1
1171742985 0 3932368 8 1
1171743475 0 3932376 8 1
1171743797 0 3932384 8 1
1171744615 0 3932392 8 1
1171745098 0 3932400 8 1
1171745548 0 3932408 8 1
1171746011 0 3932416 8 1
1171746412 0 3932424 8 1
1171746649 0 3932432 8 1
1171746959 0 3932440 8 1
1171747251 0 3932448 8 1
1171747568 0 3932456 8 1
1171747806 0 3932464 8 1
1171748192 0 3932472 8 1
1171748438 0 3932480 8 1
1171748938 0 3932488 8 1
1171749321 0 3932496 8 1
1171749661 0 3932504 8 1
1171750027 0 3932512 8 1
1171750267 0 3932520 8 1
1171750582 0 3932528 8 1
1171750825 0 3932536 8 1
1171751073 0 3932544 8 1
1171751913 0 3932552 8 1
1171752314 0 3932560 8 1
1171752814 0 3932568 8 1
1171753190 0 3932576 8 1
1171753507 0 3932584 8 1
1171753830 0 3932592 8 1
1171754146 0 3932600 8 1
1171754381 0 3932608 8 1
1171754700 0 3932616 8 1
1171755033 0 3932624 8 1
1171755344 0 3932632 8 1
1171755582 0 3932640 8 1
1171755826 0 3932648 8 1
1171756066 0 3932656 8 1
1171756316 0 3932664 8 1
1171756797 0 3932672 8 1
1171757198 0 3932680 8 1
1171757518 0 3932688 8 1
1171757840 0 3932696 8 1
1171758087 0 3932704 8 1
1171758714 0 3932712 8 1
1171759617 0 3932720 8 1
1171760001 0 3932728 8 1
1171760342 0 3932736 8 1
1171760844 0 3932744 8 1
1171761227 0 3932752 8 1
1171761536 0 3932760 8 1
1171761842 0 3932768 8 1
1171762159 0 3932776 8 1
1171762480 0 3932784 8 1
1171762719 0 3932792 8 1
1171762957 0 3932800 8 1
1171763193 0 3932808 8 1
1171763441 0 3932816 8 1
1171764172 0 3932824 8 1
1171764677 0 3932832 8 1
1171764994 0 3932840 8 1
1171765319 0 3932848 8 1
1171765558 0 3932856 8 1
1171765919 0 3932864 8 1
1171766542 0 3932872 8 1
1171767069 0 3932880 8 1
1171767972 0 3932888 8 1
1171768272 0 3932896 8 1
1171768588 0 3932904 8 1
1171768824 0 3932912 8 1
1171769069 0 3932920 8 1
1171769721 0 3932928 8 1
1171985136 0 3932936 8 1
1180256813 0 0 8 1
1180264841 0 8 8 1
1180270075 0 2056 8 1
1180274656 0 2200 8 1
1180279137 0 2312 8 1
1180283479 0 2352 8 1
1180287525 0 2384 8 1
1180291875 0 2408 8 1
1180296005 0 2472 8 1
1180300391 0 6408 8 1
1180305376 0 9840 8 1
1180310024 0 9848 8 1
1180314779 0 9912 8 1
1180319103 0 9920 8 1
1180325554 0 9928 8 1
1180330004 0 9944 8 1
1180334237 0 9952 8 1
1180338175 0 9960 8 1
1180342429 0 9968 8 1
1180346281 0 9976 8 1
1180350259 0 9984 8 1
1180354205 0 9992 8 1
1180358563 0 10000 8 1
1180362655 0 10120 8 1
1180367088 0 10144 8 1
1180371347 0 10152 8 1
1180375484 0 10168 8 1
1180379654 0 10176 8 1
1180384770 0 10184 8 1
1180388826 0 10192 8 1
1180392738 0 10200 8 1
1180397035 0 10208 8 1
1180401165 0 10216 8 1
1180405223 0 10224 8 1
1180409320 0 10232 8 1
1180414120 0 10240 8 1
1180418353 0 10248 8 1
1180422220 0 10264 8 1
1180426303 0 10280 8 1
1180430718 0 10288 8 1
1180434651 0 10296 8 1
1180439139 0 10304 8 1
1180443908 0 10312 8 1
1180447953 0 10320 8 1
1180451820 0 10328 8 1
1180455757 0 10336 8 1
1180459882 0 10344 8 1
1180463850 0 10352 8 1
1180467953 0 10360 8 1
1180472362 0 10368 8 1
1180476542 0 10376 8 1
1180480723 0 10384 8 1
1180484738 0 10392 8 1
1180488860 0 10440 8 1
1180493269 0 10456 8 1
1180497243 0 10472 8 1
1180502850 0 10480 8 1
1180506985 0 10488 8 1
1180511240 0 10496 8 1
1180515544 0 10504 8 1
1180519783 0 10512 8 1
1180524038 0 67848 8 1
1180528776 0 68512 8 1
1180533478 0 4194304 8 1
1180538672 0 4194432 8 1
1180543004 0 4194560 8 1
1180547577 0 4194584 8 1
1180551752 0 4194832 8 1
1180556029 0 4194840 8 1
1180560219 0 4194856 8 1
1180566148 0 4194872 8 1
1180571079 0 4196256 8 1
1180575692 0 4196352 8 1
1180579978 0 4196360 8 1
1180585312 0 4196368 8 1
1180592038 0 4196376 8 1
1180599265 0 4196384 8 1
1180606637 0 4196392 8 1
1180613312 0 4196408 8 1
1180621218 0 4196416 8 1
1180626349 0 4196424 8 1
1180630391 0 4196432 8 1
1180634927 0 4196440 8 1
1180638828 0 4196448 8 1
1180643272 0 4196456 8 1
1180647332 0 4196464 8 1
1180651179 0 4196472 8 1
1180654900 0 4196480 8 1
1180658697 0 4196496 8 1
1180662546 0 4196504 8 1
1180666419 0 4196536 8 1
1180670235 0 4196544 8 1
1180674021 0 4196552 8 1
1180677780 0 4196560 8 1
1195080623 0 3932160 8 1
1195612905 0 3932160 8 1
1196113965 0 0 8 1
