0 0 7680 8 0
3822 0 7688 8 0
5544 0 7696 8 0
7165 0 7704 8 0
8499 0 7712 8 0
9679 0 7720 8 0
10793 0 7728 8 0
12094 0 7736 8 0
13108 0 7744 8 0
14381 0 7752 8 0
15501 0 7760 8 0
16517 0 7768 8 0
17563 0 7776 8 0
18469 0 7784 8 0
20270 0 7792 8 0
21370 0 7800 8 0
22305 0 7808 8 0
23251 0 7816 8 0
24262 0 7824 8 0
25165 0 7832 8 0
26373 0 7840 8 0
27293 0 7848 8 0
28394 0 7856 8 0
29786 0 7872 8 0
30169 0 7864 8 0
4145346 0 4194432 8 0
6049813 0 4194568 8 0
6054722 0 4194576 8 0
6055840 0 4194584 8 0
6056970 0 4194592 8 0
6058690 0 4194600 8 0
6060229 0 4194608 8 0
6061241 0 4194616 8 0
6062285 0 4194624 8 0
6064577 0 4194632 8 0
6065664 0 4194640 8 0
6066629 0 4194648 8 0
6067766 0 4194656 8 0
6068835 0 4194664 8 0
6069861 0 4194672 8 0
6071206 0 4194680 8 0
6072458 0 4194688 8 0
6073508 0 4194696 8 0
6074596 0 4194704 8 0
6075541 0 4194712 8 0
6076490 0 4194720 8 0
6077507 0 4194728 8 0
6078455 0 4194736 8 0
6080158 0 4194744 8 0
6081766 0 4194752 8 0
6083140 0 4194760 8 0
6084638 0 4194768 8 0
6085833 0 4194776 8 0
6087103 0 4194784 8 0
6097666 0 4194792 8 0
6099002 0 4194800 8 0
6100583 0 4194808 8 0
6102058 0 4194816 8 0
6102622 0 4194560 8 0
14143815 0 4194304 8 0
1266874889699517184 0 67848 8 0
1266874889699596032 0 6416 8 0
1266874889699621888 0 6424 8 0
1266874889699623936 0 6432 8 0
1266874889699625984 0 6440 8 0
1266874889699627520 0 6448 8 0
1266874889699628544 0 6456 8 0
1266874889699629824 0 6464 8 0
1266874889699632128 0 6472 8 0
1266874889699633664 0 6480 8 0
1266874889699635200 0 6488 8 0
1266874889699636480 0 6496 8 0
1266874889699637760 0 6504 8 0
1266874889699638528 0 6512 8 0
1266874889699639808 0 6520 8 0
1266874889699640832 0 6528 8 0
1266874889699641856 0 6536 8 0
1266874889699642880 0 6544 8 0
1266874889699644160 0 6552 8 0
1266874889699644928 0 6560 8 0
1266874889699645952 0 6568 8 0
1266874889699646976 0 6576 8 0
1266874889699651584 0 6584 8 0
1266874889699652352 0 6592 8 0
1266874889699653888 0 6600 8 0
1266874889699655168 0 6608 8 0
1266874889699656192 0 6616 8 0
1266874889699657216 0 6624 8 0
1266874889699658752 0 6632 8 0
1266874889699660288 0 6640 8 0
1266874889699661824 0 6648 8 0
1266874889699663104 0 6656 8 0
1266874889699664128 0 6664 8 0
1266874889699664640 0 6408 8 0
1266874889709368576 0 67912 8 0
51074742 0 518040 8 0
52219616 0 4260104 8 0
53098761 0 4456448 32 0
55920510 0 68424 8 0
57913793 0 4260120 8 0
59391065 0 4194832 8 0
59401281 0 4194840 8 0
59403360 0 4194848 8 0
59406170 0 4194856 8 0
59407994 0 4194864 8 0
59409692 0 4194872 8 0
59412441 0 4194880 8 0
59417760 0 4194888 8 0
59419948 0 4194896 8 0
59427067 0 4194904 8 0
59428950 0 4194912 8 0
59430560 0 4194920 8 0
59432835 0 4194928 8 0
59434278 0 4194936 8 0
59435825 0 4194944 8 0
59437119 0 4194952 8 0
59438271 0 4194960 8 0
59439443 0 4194968 8 0
59440623 0 4194976 8 0
59441929 0 4194984 8 0
59443261 0 4194992 8 0
59445532 0 4195000 8 0
59447103 0 4195008 8 0
59448284 0 4195016 8 0
59449909 0 4195024 8 0
59451649 0 4195032 8 0
59452924 0 4195040 8 0
59454127 0 4195048 8 0
59455793 0 4195056 8 0
59457560 0 4195064 8 0
59458897 0 4195072 8 0
59459319 0 4194824 8 0
59489261 0 4260496 8 0
60651257 0 4513344 32 0
63925036 0 4458320 144 0
69678238 0 4513480 144 0
75174210 0 4513376 104 0
75655239 0 4456480 240 0
33259901 0 265424 8 0
35417070 0 264616 8 0
36730784 0 68464 8 0
37895878 0 68448 8 0
38886693 0 5632 8 0
38894087 0 5640 8 0
38895630 0 5648 8 0
38896881 0 5656 8 0
38898140 0 5664 8 0
38899179 0 5672 8 0
38900463 0 5680 8 0
38902097 0 5688 8 0
38904616 0 5696 8 0
38906019 0 5704 8 0
38907230 0 5712 8 0
38908285 0 5720 8 0
38909237 0 5728 8 0
38910353 0 5736 8 0
38911410 0 5744 8 0
38912724 0 5752 8 0
38913765 0 5760 8 0
38915102 0 5768 8 0
38916245 0 5776 8 0
38917495 0 5784 8 0
38918926 0 5800 8 0
38920297 0 5808 8 0
38922699 0 5816 8 0
38923799 0 5824 8 0
38936283 0 5832 8 0
38937753 0 5840 8 0
38939035 0 5848 8 0
38940486 0 5856 8 0
38941472 0 5864 8 0
38942498 0 5872 8 0
38943500 0 5880 8 0
38944528 0 5888 8 0
38944900 0 5792 8 0
46093164 0 74064 8 0
47308725 0 74072 8 0
48656044 0 74080 8 0
48865901 0 74120 8 0
50891316 0 74128 8 0
50930815 0 74136 8 0
87807669 0 512976 24 0
93694123 0 4521488 32 0
96725342 0 4521648 136 0
103899698 0 4521520 128 0
104377848 0 4598848 32 0
123044797 0 4599048 136 0
128989107 0 4514272 32 0
129103381 0 4514816 32 0
129177576 0 4518048 152 0
135308159 0 4598880 168 0
135339196 0 4514864 248 0
135339895 0 4515112 8 0
137861530 0 4456720 248 0
137869642 0 4456968 8 0
137925661 0 4515120 248 0
137934077 0 4515368 8 0
137952856 0 4514848 16 0
138080755 0 4515752 248 0
138087316 0 4516000 8 0
147053252 0 4516032 248 0
147092204 0 4516280 8 0
147119095 0 4517504 248 0
147162136 0 4517752 8 0
158676577 0 4516952 248 0
158709000 0 4517200 8 0
158891863 0 4516520 248 0
158943414 0 4516768 8 0
159113767 0 4457784 248 0
159155988 0 4458032 8 0
159299739 0 4515592 160 0
159371352 0 4457192 248 0
159418966 0 4457440 8 0
159450901 0 4458040 240 0
161252896 0 4517328 176 0
162856150 0 4516288 136 0
162922364 0 68520 8 0
164150367 0 2576 8 0
164157692 0 2584 8 0
164162173 0 2592 8 0
164166440 0 2600 8 0
164170819 0 2608 8 0
164174790 0 2616 8 0
164178736 0 2624 8 0
164184686 0 2632 8 0
164189528 0 2648 8 0
164194259 0 2656 8 0
164198803 0 2664 8 0
164202703 0 2672 8 0
164207158 0 2680 8 0
164210919 0 2688 8 0
164215407 0 2696 8 0
164219287 0 2704 8 0
164223219 0 2712 8 0
164227047 0 2720 8 0
164231041 0 2728 8 0
164234755 0 2736 8 0
164238969 0 2744 8 0
164243459 0 2752 8 0
164247651 0 2760 8 0
164251569 0 2768 8 0
164258745 0 2776 8 0
164262613 0 2784 8 0
164266834 0 2792 8 0
164270984 0 2800 8 0
164275204 0 2808 8 0
164278972 0 2816 8 0
164282523 0 2640 8 0
164291826 0 68552 8 0
166404655 0 68664 8 0
167541345 0 4457048 144 0
167966316 0 2824 8 0
167973364 0 2832 8 0
167977807 0 2840 8 0
167981716 0 2848 8 0
167988054 0 2856 8 0
167991982 0 2864 8 0
167996073 0 2872 8 0
167999618 0 2880 8 0
168003725 0 2888 8 0
168008791 0 2896 8 0
168013007 0 2904 8 0
168017668 0 2920 8 0
168022304 0 2928 8 0
168026346 0 2936 8 0
168030415 0 2944 8 0
168034075 0 2952 8 0
168038019 0 2960 8 0
168041738 0 2968 8 0
168045445 0 2976 8 0
168049199 0 2984 8 0
168053350 0 2992 8 0
168057306 0 3000 8 0
168240104 0 3008 8 0
168246012 0 3016 8 0
168250054 0 3024 8 0
168254228 0 3032 8 0
168257981 0 3040 8 0
168261760 0 3048 8 0
168265477 0 3056 8 0
168269286 0 3064 8 0
168273139 0 3072 8 0
168276336 0 2912 8 0
168285678 0 69224 8 0
191937603 0 3328 8 0
191946610 0 3336 8 0
191951183 0 3344 8 0
191956121 0 3352 8 0
191960745 0 3368 8 0
191965008 0 3376 8 0
191969120 0 3384 8 0
191973170 0 3392 8 0
191977280 0 3400 8 0
191981234 0 3408 8 0
191985427 0 3416 8 0
191989488 0 3424 8 0
191995262 0 3432 8 0
192000310 0 3440 8 0
192005069 0 3448 8 0
192009193 0 3456 8 0
192013808 0 3464 8 0
192017606 0 3472 8 0
192021585 0 3480 8 0
192025620 0 3488 8 0
192029776 0 3496 8 0
192034182 0 3504 8 0
192038537 0 3512 8 0
192042393 0 3520 8 0
192046599 0 3528 8 0
192050665 0 3536 8 0
192055656 0 3544 8 0
192059936 0 3552 8 0
192063975 0 3560 8 0
192067722 0 3568 8 0
192071831 0 3576 8 0
192075933 0 3584 8 0
192079065 0 3360 8 0
192092222 0 70456 8 0
194418261 0 68672 8 0
195721762 0 302440 8 0
197097452 0 68832 8 0
198409660 0 68848 8 0
200063826 0 68864 8 0
200097641 0 314344 56 0
205163381 0 296816 8 0
207973240 0 302464 8 0
209092427 0 296440 8 0
210252518 0 297848 8 0
211461182 0 302456 8 0
212552895 0 68680 8 0
213783631 0 296824 8 0
215065576 0 297840 8 0
216190470 0 299200 248 0
216224194 0 299448 8 0
225405063 0 301496 248 0
225470871 0 301744 8 0
235955624 0 302000 136 0
236016824 0 302472 8 0
239402177 0 302448 8 0
239445220 0 302136 248 0
239726687 0 302384 8 0
239789896 0 4457472 248 0
239832173 0 4457720 8 0
239871266 0 4456976 72 0
239975945 0 4515376 216 0
240071072 0 4457448 24 0
240222515 0 4260512 8 0
244115415 0 4195080 8 0
244128737 0 4195088 8 0
244133620 0 4195096 8 0
244138133 0 4195104 8 0
244142542 0 4195112 8 0
244146746 0 4195120 8 0
244150393 0 4195128 8 0
244154284 0 4195136 8 0
244157823 0 4195144 8 0
244162003 0 4195152 8 0
244165828 0 4195160 8 0
244169570 0 4195168 8 0
244173181 0 4195176 8 0
244176860 0 4195184 8 0
244180814 0 4195200 8 0
244185724 0 4195208 8 0
244190049 0 4195216 8 0
244194284 0 4195224 8 0
244198542 0 4195232 8 0
244202558 0 4195240 8 0
244207539 0 4195248 8 0
244535408 0 4195256 8 0
244545644 0 4195264 8 0
244551002 0 4195272 8 0
244555072 0 4195280 8 0
244559198 0 4195288 8 0
244563339 0 4195296 8 0
244567421 0 4195304 8 0
244571353 0 4195312 8 0
244575011 0 4195320 8 0
244579361 0 4195328 8 0
244582528 0 4195192 8 0
244605250 0 68472 8 0
250899015 0 4516784 168 0
250969549 0 265272 8 0
253186890 0 4592000 32 0
258479101 0 4592032 32 0
263507604 0 4521784 32 0
263549629 0 4521824 136 0
263605818 0 4521816 8 0
263682552 0 4592256 32 0
265723883 0 4592288 56 0
265790242 0 4592112 32 0
265835951 0 4592144 64 0
266437001 0 518024 8 0
272257452 0 74144 8 0
272276897 0 74152 8 0
272288467 0 5896 8 0
272290324 0 5904 8 0
272291598 0 5912 8 0
272293028 0 5920 8 0
272294506 0 5928 8 0
272295653 0 5936 8 0
272297984 0 5944 8 0
272299318 0 5952 8 0
272300500 0 5960 8 0
272301616 0 5968 8 0
272302824 0 5976 8 0
272303848 0 5984 8 0
272304889 0 5992 8 0
272306220 0 6000 8 0
272307511 0 6008 8 0
272308669 0 6016 8 0
272309976 0 6024 8 0
272310958 0 6032 8 0
272312267 0 6040 8 0
272313343 0 6048 8 0
272315348 0 6056 8 0
272316298 0 6064 8 0
272317135 0 6072 8 0
272318056 0 6080 8 0
272322371 0 6088 8 0
272323243 0 6096 8 0
272324066 0 6104 8 0
272324992 0 6112 8 0
272325820 0 6120 8 0
272326662 0 6128 8 0
272327917 0 6144 8 0
272328587 0 6136 8 0
272383255 0 74632 8 0
273702222 0 589824 32 0
276392889 0 592160 136 0
281439778 0 591864 248 0
281441502 0 592112 8 0
287746955 0 589856 224 0
298348609 0 6672 8 0
298352089 0 6688 8 0
298353478 0 6696 8 0
298354532 0 6704 8 0
298356557 0 6712 8 0
298357779 0 6720 8 0
298359092 0 6728 8 0
298360392 0 6736 8 0
298361907 0 6744 8 0
298363241 0 6752 8 0
298364564 0 6760 8 0
298365639 0 6768 8 0
298366647 0 6776 8 0
298367657 0 6784 8 0
298369060 0 6792 8 0
298370219 0 6800 8 0
298371156 0 6808 8 0
298372252 0 6816 8 0
298373925 0 6824 8 0
298378509 0 6832 8 0
298379545 0 6840 8 0
298380363 0 6848 8 0
298381269 0 6856 8 0
298382311 0 6864 8 0
298383204 0 6872 8 0
298384513 0 6880 8 0
298385520 0 6888 8 0
298386485 0 6896 8 0
298387484 0 6904 8 0
298388707 0 6912 8 0
298389174 0 6680 8 0
298449509 0 75160 8 0
300567198 0 75504 8 0
301536052 0 6152 8 0
301538215 0 6160 8 0
301539288 0 6168 8 0
301540355 0 6176 8 0
301541498 0 6184 8 0
301542631 0 6192 8 0
301543566 0 6200 8 0
301544453 0 6208 8 0
301545377 0 6216 8 0
301546490 0 6232 8 0
301547439 0 6240 8 0
301549309 0 6248 8 0
301550346 0 6256 8 0
301551274 0 6264 8 0
301552216 0 6272 8 0
301556066 0 6280 8 0
301557554 0 6288 8 0
301558717 0 6296 8 0
301559726 0 6304 8 0
301560721 0 6312 8 0
301561735 0 6320 8 0
301562689 0 6328 8 0
301563610 0 6336 8 0
301564442 0 6344 8 0
301565775 0 6352 8 0
301567701 0 6360 8 0
301569122 0 6368 8 0
301570245 0 6376 8 0
301571344 0 6384 8 0
301572699 0 6392 8 0
301574249 0 6400 8 0
301574501 0 6224 8 0
302022219 0 75136 8 0
306738176 0 74896 8 0
309178985 0 74968 8 0
324444532 0 74984 8 0
330792187 0 75600 8 0
331685129 0 75464 8 0
332428034 0 75400 8 0
333206919 0 75424 8 0
336313697 0 75248 8 0
337534504 0 75216 8 0
338318015 0 74680 8 0
339335523 0 74848 8 0
340340283 0 75688 8 0
341066942 0 75536 8 0
341836800 0 74872 8 0
342853201 0 74640 8 0
343890826 0 74776 8 0
344871081 0 74696 8 0
345939239 0 74832 8 0
346965935 0 74264 8 0
348096956 0 74320 8 0
349125107 0 75336 8 0
350388901 0 75144 8 0
351166774 0 75456 8 0
352153561 0 74920 8 0
353349757 0 4594688 32 0
356460865 0 4594720 32 0
359393594 0 4599304 24 0
359531045 0 75128 8 0
361840680 0 4593632 32 0
361884062 0 4593696 208 0
368636530 0 4593664 32 0
368669943 0 74928 8 0
370319002 0 1555944 32 0
372848369 0 1556856 144 0
378392615 0 1555976 224 0
383611105 0 4589472 32 0
386937493 0 4591392 136 0
393566076 0 4589504 224 0
399183680 0 1060552 32 0
406101670 0 1063472 136 0
412780643 0 1061248 248 0
412782696 0 1061496 8 0
422256323 0 1309504 32 0
428135714 0 1309816 136 0
438577972 0 1309552 248 0
438579734 0 1309800 8 0
442562860 0 737280 32 0
445541061 0 1056896 136 0
452528681 0 1049608 248 0
452530752 0 1049856 8 0
460659078 0 749840 248 0
460661250 0 750088 8 0
470866089 0 1366176 32 0
475593589 0 1368248 136 0
481904189 0 1367096 248 0
481906042 0 1367344 8 0
490625862 0 1316152 32 0
494646474 0 1322328 136 0
499488779 0 1321816 248 0
499491004 0 1322064 8 0
508186614 0 1318056 248 0
508188340 0 1318304 8 0
519338501 0 1281376 32 0
522492139 0 1281792 136 0
536836869 0 1281448 248 0
536838905 0 1281696 8 0
542194942 0 1284680 32 0
552873655 0 1284816 136 0
563819815 0 1284712 104 0
564239314 0 883136 32 0
583557699 0 883360 144 0
600379068 0 883168 192 0
602400727 0 881656 32 0
608481464 0 882616 136 0
613266557 0 881976 248 0
613269365 0 882224 8 0
624156915 0 604648 32 0
626805299 0 604896 136 0
631795844 0 604680 216 0
636303154 0 600064 32 0
642015935 0 600952 136 0
646895172 0 600184 248 0
646897462 0 600432 8 0
678879671 0 621672 32 0
684285442 0 625656 136 0
702714157 0 622312 248 0
702716095 0 622560 8 0
712609064 0 627072 32 0
729199437 0 627264 136 0
748828163 0 7104 8 0
748832276 0 7112 8 0
748835327 0 7120 8 0
748837446 0 7128 8 0
748840707 0 7136 8 0
748843019 0 7144 8 0
748845316 0 7152 8 0
748847286 0 7160 8 0
748849636 0 7168 8 0
748850288 0 6960 8 0
749093416 0 1370112 32 0
740416106 0 627104 160 0
748169401 0 6920 8 0
748186879 0 6928 8 0
748192154 0 6936 8 0
748196282 0 6944 8 0
748200672 0 6952 8 0
748205258 0 6968 8 0
748209376 0 6976 8 0
748213310 0 6984 8 0
748217495 0 6992 8 0
748222191 0 7000 8 0
748226397 0 7008 8 0
748230236 0 7016 8 0
748235723 0 7024 8 0
748240166 0 7032 8 0
748244143 0 7040 8 0
748248432 0 7048 8 0
748252501 0 7056 8 0
748256325 0 7064 8 0
748259779 0 7072 8 0
748264140 0 7080 8 0
748267786 0 7088 8 0
748271550 0 7096 8 0
809634660 0 1371576 144 0
821448405 0 1370632 248 0
821450189 0 1370880 8 0
837448872 0 1323008 32 0
837525886 0 1324960 136 0
847656841 0 1323528 248 0
847658859 0 1323776 8 0
861622143 0 628736 32 0
861700204 0 628840 144 0
871730573 0 628768 72 0
871815770 0 608768 32 0
874784828 0 610480 136 0
899291337 0 609160 248 0
899294159 0 609408 8 0
914486296 0 626016 32 0
914573046 0 626048 104 0
914683580 0 433896 32 0
918610993 0 434912 136 0
928005865 0 434056 248 0
928008322 0 434304 8 0
940317827 0 565248 32 0
943662551 0 875880 136 0
952023409 0 875056 248 0
952025644 0 875304 8 0
960542551 0 570128 248 0
960545071 0 570376 8 0
968169826 0 1064160 32 0
975168609 0 1064448 144 0
981675497 0 1064192 224 0
984877559 0 734592 32 0
988701078 0 735488 136 0
994115837 0 734832 248 0
994119142 0 735080 8 0
1002379485 0 1294896 32 0
1005364793 0 1295616 136 0
1010188851 0 1294928 224 0
1015676505 0 1304216 32 0
1020998300 0 1304248 72 0
1023165873 0 1060640 248 0
1023168138 0 1060888 8 0
1029862573 0 742744 248 0
1029864388 0 742992 8 0
1039077129 0 1366336 248 0
1039078935 0 1366584 8 0
1047851844 0 1316640 248 0
1047890752 0 1316888 8 0
1054977144 0 1281408 40 0
1055293921 0 881688 224 0
1068135869 0 600096 88 0
1068492175 0 621784 248 0
1068535186 0 622032 8 0
1084424197 0 1370176 248 0
1084480398 0 1370424 8 0
1088112270 0 1323064 248 0
1088166656 0 1323312 8 0
1088223504 0 608800 248 0
1090762438 0 433928 128 0
1091221322 0 567088 248 0
1091252941 0 567336 8 0
1114332104 0 734624 208 0
1119322637 0 750216 248 0
1119365248 0 750464 8 0
1119423344 0 570384 128 0
1119512611 0 737312 224 0
1125263995 0 737800 248 0
1125543237 0 738048 8 0
1127703686 0 565280 224 0
1141813753 0 1060584 56 0
1142098141 0 1366208 128 0
1142429956 0 621704 80 0
1142737727 0 4589728 248 0
1142780283 0 4589976 8 0
1142807661 0 737536 248 0
1142852422 0 737784 8 0
1142876812 0 1316184 248 0
1142949451 0 1316432 8 0
1142970542 0 565504 248 0
1142970941 0 565752 8 0
1142976084 0 1064416 32 0
1171194830 0 1323040 24 0
1171217644 0 1370144 32 0
1171961047 0 1370432 200 0
1172036042 0 1295152 248 0
1172078672 0 1295400 8 0
1172107418 0 738128 248 0
1172148227 0 738376 8 0
1172180446 0 1556200 248 0
1172221300 0 1556448 8 0
1172232824 0 1309536 16 0
1172485081 0 737792 8 0
1172505017 0 881912 64 0
1172763303 0 565776 248 0
1172920306 0 566024 8 0
1172944101 0 567472 248 0
1172984545 0 567720 8 0
1173020442 0 566696 248 0
1173060100 0 566944 8 0
1173082626 0 568664 248 0
1173106278 0 568912 8 0
1226477059 0 567344 128 0
1226547401 0 622040 176 0
1226603626 0 738056 72 0
1226649705 0 1366592 128 0
1226711211 0 566424 248 0
1226748424 0 566672 8 0
1226771432 0 569072 248 0
1227671175 0 569320 8 0
1233226025 0 566952 128 0
1233288347 0 566032 128 0
1233372385 0 566160 216 0
1233446025 0 1060896 200 0
1233507914 0 1316440 200 0
1233580927 0 569544 248 0
1233609196 0 569792 8 0
1257183645 0 738384 128 0
1257382454 0 569328 216 0
1257847586 0 735088 248 0
1257889914 0 735336 8 0
1258049494 0 565760 16 0
1258106570 0 874920 136 0
1279603297 0 570512 248 0
1279647409 0 570760 8 0
1279692637 0 570768 248 0
1279745196 0 571016 8 0
1279811855 0 875312 248 0
1279853675 0 875560 8 0
1279892803 0 571024 248 0
1279933684 0 571272 8 0
1279967285 0 875568 248 0
1280209442 0 875816 8 0
1280277834 0 571280 248 0
1280319390 0 571528 8 0
1280390100 0 571536 248 0
1280432727 0 571784 8 0
1280467447 0 875824 56 0
1280532148 0 571792 248 0
1280571588 0 572040 8 0
1280653442 0 572048 248 0
1280691956 0 572296 8 0
1280786542 0 572304 248 0
1280921954 0 572552 8 0
1280987827 0 568504 160 0
1281037303 0 567728 136 0
1281097404 0 568016 248 0
1281135770 0 568264 8 0
1281244222 0 567864 152 0
1281300308 0 568920 128 0
1281536551 0 569920 208 0
1281979387 0 434312 248 0
1282017944 0 434560 8 0
1282062567 0 566680 16 0
1282154159 0 566376 48 0
1282367990 0 609416 248 0
1282406984 0 609664 8 0
1282448048 0 609672 248 0
1282743465 0 609920 8 0
1282790321 0 609048 112 0
1282874974 0 568344 160 0
1283022350 0 567080 8 0
1283130925 0 568272 72 0
1283356786 0 1323784 248 0
1283399661 0 1324032 8 0
1283440534 0 1324040 248 0
1283767297 0 1324288 8 0
1283804167 0 1323336 192 0
1315444227 0 1323320 16 0
1316007277 0 1370888 248 0
1316049363 0 1371136 8 0
1316108895 0 1371144 248 0
1316161718 0 1371392 8 0
1316234424 0 569800 120 0
1316354268 0 738512 184 0
1316406239 0 749224 248 0
1316459103 0 749472 8 0
1324501831 0 741488 248 0
1324535450 0 741736 8 0
1332667683 0 622568 248 0
1332712146 0 622816 8 0
1332751769 0 622824 248 0
1333465431 0 623072 8 0
1333500680 0 622216 96 0
1333890276 0 600440 248 0
1333929251 0 600688 8 0
1334313536 0 882232 248 0
1334516914 0 882480 136 0
1335235041 0 1318312 248 0
1335275373 0 1318560 8 0
1335316069 0 1318568 248 0
1335564372 0 1318816 8 0
1335590392 0 1322072 248 0
1335626837 0 1322320 8 0
1335712444 0 1318824 248 0
1335750709 0 1319072 8 0
1335851462 0 1319080 248 0
1335890353 0 1319328 8 0
1335917069 0 1316896 192 0
1335968748 0 1317512 248 0
1336038041 0 1317760 8 0
1336068633 0 1317176 248 0
1336190473 0 1317424 8 0
1336225926 0 1317888 168 0
1336324541 0 1317768 120 0
1336384652 0 1317432 80 0
1336494610 0 1317088 88 0
1336793134 0 1367352 248 0
1336835057 0 1367600 8 0
1336872172 0 1367608 248 0
1336924190 0 1367856 8 0
1336947987 0 1366920 176 0
1337008672 0 1366720 144 0
1337207246 0 1366864 56 0
1337318719 0 750472 248 0
1337587052 0 750720 8 0
1337632723 0 750728 248 0
1337675485 0 750976 8 0
1337700095 0 1049864 248 0
1337740842 0 1050112 8 0
1337786929 0 1050120 248 0
1338036072 0 1050368 8 0
1338092159 0 750984 248 0
1338133965 0 751232 8 0
1338218211 0 1050376 248 0
1338259563 0 1050624 8 0
1338284841 0 751240 248 0
1338323834 0 751488 8 0
1338404123 0 751496 248 0
1338778073 0 751744 8 0
1338822807 0 1050632 248 0
1338823281 0 1050880 8 0
1338882801 0 751752 248 0
1338883318 0 752000 8 0
1372368164 0 1050888 248 0
1372412691 0 1051136 8 0
1372453235 0 752008 248 0
1372463313 0 752256 8 0
1372548809 0 752264 248 0
1372549670 0 752512 8 0
1374523263 0 1051144 248 0
1374878639 0 1051392 8 0
1374974680 0 1051400 248 0
1374975244 0 1051648 8 0
1388129835 0 752520 248 0
1388142332 0 752768 8 0
1388231313 0 1051656 248 0
1388231650 0 1051904 8 0
1388264211 0 752776 248 0
1388264507 0 753024 8 0
1417503934 0 753032 248 0
1417544362 0 753280 8 0
1417586252 0 1051912 248 0
1417624203 0 1052160 8 0
1417695250 0 753288 248 0
1417737091 0 753536 8 0
1417806415 0 1052168 248 0
1417846005 0 1052416 8 0
1417887244 0 753544 120 0
1418557181 0 933888 136 0
1418674909 0 934024 248 0
1418675374 0 934272 8 0
1418697861 0 1052424 248 0
1418698223 0 1052672 8 0
1469157593 0 934280 248 0
1469158634 0 934528 8 0
1471299497 0 1052680 248 0
1471342132 0 1052928 8 0
1471403079 0 934536 248 0
1471597345 0 934784 8 0
1471663307 0 1052936 248 0
1471663862 0 1053184 8 0
1471703546 0 934792 248 0
1471703970 0 935040 8 0
1475867023 0 1053192 248 0
1476210128 0 1053440 8 0
1476240863 0 935048 248 0
1476338526 0 935296 8 0
1476458731 0 935304 248 0
1476548277 0 935552 8 0
1476601512 0 1053448 248 0
1476642413 0 1053696 8 0
1476705094 0 935560 248 0
1477120936 0 935808 8 0
1477187005 0 1053704 248 0
1477187387 0 1053952 8 0
1477224981 0 935816 248 0
1477225603 0 936064 8 0
1485096851 0 1053960 248 0
1485107182 0 1054208 8 0
1485132394 0 936072 248 0
1485132851 0 936320 8 0
1485211707 0 936328 248 0
1485218655 0 936576 8 0
1485277662 0 1054216 248 0
1485278064 0 1054464 8 0
1485350860 0 936584 248 0
1485351454 0 936832 8 0
1485417092 0 1054472 248 0
1485417789 0 1054720 8 0
1485447376 0 936840 248 0
1485447744 0 937088 8 0
1485543577 0 937096 248 0
1485547975 0 937344 8 0
1485587329 0 1054728 248 0
1485594223 0 1054976 8 0
1485661798 0 937352 248 0
1485668535 0 937600 8 0
1485720276 0 1054984 248 0
1485723842 0 1055232 8 0
1485767313 0 937608 248 0
1485767888 0 937856 8 0
1485847046 0 1055240 248 0
1485847464 0 1055488 8 0
1485871996 0 937864 248 0
1485872454 0 938112 8 0
1496020523 0 938120 248 0
1496030672 0 938368 8 0
1496052184 0 1055496 248 0
1496052620 0 1055744 8 0
1496176578 0 938376 248 0
1496177201 0 938624 8 0
1500565571 0 1055752 248 0
1500566302 0 1056000 8 0
1500656793 0 938632 248 0
1500667498 0 938880 8 0
1500694343 0 1056008 248 0
1500694952 0 1056256 8 0
1500790997 0 938888 248 0
1500794794 0 939136 8 0
1500844225 0 1056264 248 0
1500849994 0 1056512 8 0
1500901723 0 939144 248 0
1500911765 0 939392 8 0
1500990817 0 939400 248 0
1500998353 0 939648 8 0
1501020325 0 1056520 248 0
1501020727 0 1056768 8 0
1501093200 0 939656 248 0
1501100309 0 939904 8 0
1501153843 0 1056776 120 0
1501210135 0 939912 248 0
1501210572 0 940160 8 0
1520355869 0 940168 248 0
1520364270 0 940416 8 0
1520449070 0 743664 248 0
1520449776 0 743912 8 0
1522361353 0 743136 248 0
1522367832 0 743384 8 0
1522495675 0 743392 168 0
1522769245 0 743560 104 0
1522890197 0 745432 248 0
1522893522 0 745680 8 0
1558157953 0 748840 248 0
1558166759 0 749088 8 0
1569353784 0 746416 248 0
1569363751 0 746664 8 0
1575761183 0 749536 248 0
1575768818 0 749784 8 0
1575872016 0 748032 248 0
1575879843 0 748280 8 0
1584093485 0 745120 248 0
1584103710 0 745368 8 0
1584188613 0 749096 128 0
1584259424 0 746880 248 0
1584265012 0 747128 8 0
1584349385 0 748568 248 0
1584355312 0 748816 8 0
1584543039 0 747184 248 0
1584548887 0 747432 8 0
1589039306 0 745824 248 0
1589049198 0 746072 8 0
1589184413 0 744112 248 0
1589191589 0 744360 8 0
1589279497 0 747536 248 0
1589285154 0 747784 8 0
1590307339 0 745376 56 0
1590366681 0 743000 136 0
1590449144 0 744528 248 0
1590454824 0 744776 8 0
1590700725 0 744368 144 0
1590828777 0 746176 240 0
1590943251 0 747136 48 0
1591063878 0 749480 56 0
1591180963 0 748288 136 0
1591255350 0 748424 144 0
1591326659 0 746080 96 0
1591401849 0 745688 136 0
1591452132 0 746672 208 0
1591690899 0 940424 248 0
1591698486 0 940672 8 0
1592036938 0 749792 48 0
1592241133 0 738696 248 0
1592248457 0 738944 8 0
1592442296 0 747880 152 0
1592727267 0 748824 16 0
1593273727 0 940680 248 0
1593281283 0 940928 8 0
1593446211 0 940936 248 0
1593453293 0 941184 8 0
1594031128 0 941192 248 0
1594039180 0 941440 8 0
1594521727 0 1061504 248 0
1594529372 0 1061752 8 0
1594561773 0 1061760 248 0
1594562820 0 1062008 8 0
1594628380 0 1309808 8 0
1594641899 0 1061096 152 0
1595641906 0 740120 248 0
1595650286 0 740368 8 0
1595723850 0 750096 120 0
1595796257 0 740976 248 0
1595802036 0 741224 8 0
1595884321 0 742432 248 0
1595889920 0 742680 8 0
1595969135 0 738952 248 0
1595974443 0 739200 8 0
1595997873 0 739400 248 0
1595998394 0 739648 8 0
1596122080 0 742104 248 0
1596127734 0 742352 8 0
1596209244 0 741744 128 0
1596275894 0 740400 248 0
1596281274 0 740648 8 0
1596355133 0 741312 176 0
1629417911 0 739728 248 0
1629427913 0 739976 8 0
1629532941 0 739984 136 0
1629603410 0 739656 72 0
1629676197 0 741232 80 0
1629749390 0 740832 144 0
1629870079 0 742688 56 0
1629924821 0 741896 208 0
1630022893 0 590080 248 0
1630029326 0 590328 8 0
1630087501 0 740688 144 0
1630165723 0 739208 136 0
1630282638 0 592120 40 0
1630299649 0 741872 24 0
1630347827 0 742360 72 0
1630485131 0 740376 24 0
1630616112 0 739344 56 0
1631301405 0 740656 32 0
1631470029 0 1295440 176 0
1631977196 0 1295408 32 0
1632400432 0 869480 248 0
1632409267 0 869728 8 0
1649063042 0 874552 248 0
1649072724 0 874800 8 0
1658179720 0 870464 248 0
1658190249 0 870712 8 0
1658278624 0 874040 248 0
1658285779 0 874288 8 0
1665060485 0 873320 248 0
1665070881 0 873568 8 0
1674068423 0 874296 248 0
1674078497 0 874544 8 0
1674115596 0 868832 248 0
1674116388 0 869080 8 0
1681708147 0 872528 248 0
1681718428 0 872776 8 0
1701592866 0 874808 112 0
1701793711 0 590336 224 0
1701997337 0 870992 248 0
1702062514 0 871240 8 0
1709484007 0 871248 136 0
1709552968 0 870976 16 0
1709600344 0 977392 248 0
1709642117 0 977640 8 0
1717866648 0 941784 248 0
1717910403 0 942032 8 0
1717935031 0 873184 136 0
1718434508 0 984016 248 0
1718464670 0 984264 8 0
1692762057 0 870176 248 0
1692784671 0 870424 8 0
1692853704 0 870720 128 0
1692917169 0 870848 128 0
1692986789 0 871608 248 0
1692992495 0 871856 8 0
1700624884 0 869088 184 0
1700699775 0 872904 248 0
1700705225 0 873152 8 0
1748189496 0 971216 248 0
1748231536 0 971464 8 0
1761042557 0 735344 144 0
1761099597 0 1028496 248 0
1761134224 0 1028744 8 0
1771193908 0 873864 176 0
1771262309 0 1012472 248 0
1771295808 0 1012720 8 0
1782608488 0 1028256 240 0
1789519064 0 1014048 248 0
1789568206 0 1014296 8 0
1793117552 0 1013640 248 0
1793151284 0 1013888 8 0
1793210984 0 869768 248 0
1793252684 0 870016 8 0
1793305210 0 984296 248 0
1793397639 0 984544 8 0
1793621894 0 871864 192 0
1793711948 0 873576 160 0
1793761061 0 1304424 8 0
1793795379 0 871384 224 0
1793872238 0 873736 128 0
1793967569 0 872056 248 0
1794067751 0 872304 8 0
1794556045 0 573352 88 0
1794590459 0 868352 168 0
1800524260 0 872784 120 0
1800600316 0 869272 144 0
1800727934 0 973064 248 0
1800778748 0 973312 8 0
1810274473 0 980424 248 0
1810341076 0 980672 8 0
1820885966 0 974328 248 0
1820932758 0 974576 8 0
1820962435 0 1013448 192 0
1821031730 0 979352 248 0
1821080606 0 979600 8 0
1836535807 0 973320 200 0
1836608237 0 976928 248 0
1836652591 0 977176 8 0
1843228855 0 944552 248 0
1843285148 0 944800 8 0
1843326080 0 972664 248 0
1843375962 0 972912 8 0
1843415201 0 981016 248 0
1843633287 0 981264 8 0
1843661342 0 1013104 248 0
1843991887 0 1013352 8 0
1844019997 0 973736 248 0
1844323950 0 973984 8 0
1844345836 0 973992 176 0
1844397478 0 969880 248 0
1844423384 0 970128 8 0
1883341187 0 977184 152 0
1883384337 0 1012728 136 0
1883430265 0 591640 224 0
1883498841 0 980864 152 0
1883547042 0 590680 248 0
1883590223 0 590928 8 0
1883768420 0 971512 248 0
1883810736 0 971760 8 0
1883931026 0 974584 200 0
1884085122 0 973520 152 0
1884372841 0 976648 248 0
1884675133 0 976896 8 0
1886522862 0 976904 24 0
1886541621 0 974168 136 0
1886609749 0 974304 24 0
1886662100 0 976512 136 0
1886703354 0 976376 136 0
1886746395 0 976240 136 0
1886780304 0 976104 136 0
1886817089 0 975928 176 0
1886865660 0 975792 136 0
1886908550 0 975656 136 0
1886952964 0 975512 144 0
1886993316 0 975376 136 0
1887034521 0 943888 248 0
1887075484 0 944136 8 0
1887105251 0 975240 136 0
1887150092 0 975104 136 0
1887196151 0 974968 136 0
1887257378 0 974832 136 0
1887301695 0 974784 48 0
1887334634 0 872312 176 0
1887409925 0 869736 32 0
1887447868 0 625136 248 0
1887487457 0 625384 8 0
1887548808 0 625400 248 0
1887596291 0 625648 8 0
1887627547 0 944808 136 0
1887702704 0 870040 136 0
1887800032 0 944144 128 0
1887883368 0 980192 232 0
1888068130 0 977648 248 0
1888293392 0 977896 8 0
1888331872 0 977904 232 0
1888387724 0 971472 40 0
1888426304 0 984688 248 0
1889160506 0 984936 8 0
1889195420 0 1012864 240 0
1889256886 0 1324424 248 0
1889298258 0 1324672 8 0
1889319887 0 1324680 248 0
1889358742 0 1324928 8 0
1889391387 0 967008 248 0
1889417232 0 967256 8 0
1939494241 0 944272 192 0
1939570261 0 942040 216 0
1939633789 0 572560 200 0
1939709476 0 1324296 128 0
1939808040 0 977336 56 0
1939874352 0 1371400 152 0
1939931291 0 978424 248 0
1939982350 0 978672 8 0
1940054217 0 988664 248 0
1940101998 0 988912 8 0
1940133549 0 986208 248 0
1940184070 0 986456 8 0
1940213535 0 987424 248 0
1940261260 0 987672 8 0
1940292970 0 985656 248 0
1940340404 0 985904 8 0
1940371114 0 987736 248 0
1940417748 0 987984 8 0
1940457416 0 986048 160 0
1940519919 0 985288 248 0
1940566776 0 985536 8 0
1940591561 0 985912 136 0
1940638023 0 988464 200 0
1941601946 0 984992 248 0
1941648031 0 985240 8 0
1941694696 0 985544 112 0
1941729544 0 1013896 152 0
1941860569 0 987680 56 0
1941897685 0 987992 200 0
1941989990 0 986464 248 0
1942034785 0 986712 8 0
1942077914 0 990176 248 0
1942119591 0 990424 8 0
1942151319 0 988920 208 0
1942214882 0 1011832 248 0
1942251037 0 1012080 8 0
1985221065 0 990016 160 0
1985291546 0 941448 184 0
1985366497 0 996096 248 0
1986172611 0 996344 8 0
1986214141 0 958040 248 0
1986217813 0 958288 8 0
2028036658 0 959216 248 0
2028045519 0 959464 8 0
2032896890 0 943736 152 0
2032973175 0 1011264 248 0
2032978260 0 1011512 8 0
2033047356 0 1011128 136 0
2033114551 0 1012224 248 0
2033206609 0 1008352 248 0
2033212200 0 1008600 8 0
2033305034 0 1012088 136 0
2033388265 0 957872 168 0
2038594708 0 959064 152 0
2038680477 0 1011520 168 0
2038751010 0 958512 248 0
2038756340 0 958760 8 0
2038966701 0 958768 160 0
2039020916 0 944464 88 0
2039060269 0 1011688 144 0
2039083034 0 958296 216 0
2051092176 0 959480 248 0
2051101442 0 959728 8 0
2051187167 0 990432 248 0
2051193240 0 990680 8 0
2051225914 0 941632 152 0
2051871171 0 944944 248 0
2051875132 0 945192 8 0
2051940460 0 956488 248 0
2051943200 0 956736 8 0
2084614540 0 967264 232 0
2084706902 0 965336 248 0
2084712752 0 965584 8 0
2095325765 0 988192 168 0
2095414671 0 966600 248 0
2095420234 0 966848 8 0
2097339959 0 966872 136 0
2097398886 0 966856 16 0
2097422910 0 963224 248 0
2097427437 0 963472 8 0
2105808669 0 962496 248 0
2105814682 0 962744 8 0
2117479645 0 968232 248 0
2117488028 0 968480 8 0
2117663326 0 967496 136 0
2117761342 0 1008736 248 0
2117779522 0 1008984 8 0
2117868044 0 967864 248 0
2117873742 0 968112 8 0
2117989906 0 963816 248 0
2117995613 0 964064 8 0
2118128555 0 963544 248 0
2118131829 0 963792 8 0
2118199371 0 963800 16 0
2118261099 0 963088 136 0
2118546313 0 1010984 144 0
2118740363 0 986720 152 0
2118867508 0 986872 248 0
2118879882 0 987120 8 0
2118904741 0 987128 248 0
2118905166 0 987376 8 0
2119056060 0 988360 104 0
2119162522 0 987384 40 0
2119228380 0 572776 248 0
2119234077 0 573024 8 0
2119496342 0 978680 248 0
2119504032 0 978928 8 0
2119550705 0 972088 248 0
2119551273 0 972336 8 0
2119626673 0 968584 248 0
2119632207 0 968832 8 0
2124037303 0 969744 136 0
2124106319 0 971848 240 0
2124198238 0 989152 248 0
2124203773 0 989400 8 0
2124318400 0 989728 248 0
2124324688 0 989976 8 0
2124464178 0 989592 136 0
2124533306 0 989456 136 0
2124646393 0 989408 48 0
2124750027 0 989128 24 0
2124938228 0 1010216 248 0
2124945884 0 1010464 8 0
2125061908 0 624848 248 0
2125068256 0 625096 8 0
2125193573 0 1023552 248 0
2125200030 0 1023800 8 0
2134134469 0 981272 232 0
2134207081 0 984272 24 0
2134263136 0 984552 136 0
2134341769 0 979984 208 0
2134425758 0 979080 248 0
2134431433 0 979328 8 0
2134500855 0 978936 144 0
2134569909 0 998280 248 0
2134575047 0 998528 8 0
2134648900 0 952216 248 0
2134653892 0 952464 8 0
2134731848 0 945816 248 0
2134737003 0 946064 8 0
2134810916 0 997312 248 0
2134816257 0 997560 8 0
2134889938 0 946272 248 0
2134895021 0 946520 8 0
2134969876 0 1006032 248 0
2134974889 0 1006280 8 0
2135046260 0 957624 248 0
2142822973 0 957176 248 0
2142838161 0 957424 8 0
2149212816 0 995160 248 0
2149220798 0 995408 8 0
2149330532 0 956744 152 0
2149432454 0 995016 144 0
2149528369 0 959736 248 0
2149537136 0 959984 8 0
2149561793 0 957032 144 0
2154961426 0 956896 136 0
2155163730 0 1000576 248 0
2155171159 0 1000824 8 0
2155243533 0 1000408 168 0
2155315468 0 970136 208 0
2155390212 0 1006288 160 0
2155467822 0 1005688 248 0
2155473162 0 1005936 8 0
2155548268 0 971064 152 0
2155617999 0 970720 248 0
2155622920 0 970968 8 0
2155697331 0 1005944 88 0
2155748595 0 970976 88 0
2155830175 0 969312 248 0
2155836804 0 969560 8 0
2155901106 0 1013360 88 0
2155970020 0 958928 136 0
2156043704 0 968968 248 0
2156056074 0 969216 8 0
2156154155 0 969576 168 0
2156221048 0 968840 128 0
2156352056 0 968488 96 0
2156649576 0 1006448 248 0
2156656822 0 1006696 8 0
2156695967 0 948400 248 0
2156696432 0 948648 8 0
2156780948 0 951664 248 0
2156786394 0 951912 8 0
2156861327 0 1016744 248 0
2156866687 0 1016992 8 0
2156937408 0 942520 248 0
2156942297 0 942768 8 0
2157014007 0 943544 192 0
2157079793 0 942776 144 0
2157144119 0 942256 176 0
2157210298 0 942432 88 0
2157286787 0 952072 144 0
2157345414 0 951920 128 0
2157425534 0 949976 248 0
2157431251 0 950224 8 0
2157520569 0 949696 248 0
2157527038 0 949944 8 0
2157597598 0 943384 160 0
2157665869 0 943144 240 0
2157737956 0 942920 152 0
2157804662 0 946072 200 0
2157884932 0 945432 248 0
2157890575 0 945680 8 0
2157986001 0 1017256 248 0
2157991793 0 1017504 8 0
2158073393 0 945688 128 0
2158148500 0 952048 24 0
2158168364 0 948656 184 0
2158239909 0 943072 72 0
2158360676 0 1016248 248 0
2158366129 0 1016496 8 0
2158450783 0 1023080 248 0
2158457258 0 1023328 8 0
2167359946 0 1022552 248 0
2167369473 0 1022800 8 0
2174098817 0 1017016 240 0
2174173534 0 1017000 16 0
2174228257 0 1017512 232 0
2174308379 0 1018032 248 0
2174313492 0 1018280 8 0
2175843657 0 1020344 248 0
2175852775 0 1020592 8 0
2183811617 0 1020192 152 0
2192375957 0 1020600 248 0
2192476512 0 1022896 184 0
2192561092 0 1022280 248 0
2192569423 0 1022528 8 0
2201163275 0 1021520 248 0
2201172032 0 1021768 8 0
2201259230 0 1021224 248 0
2201266093 0 1021472 8 0
2201350675 0 1021776 176 0
2201422355 0 1021480 40 0
2201498771 0 1021984 248 0
2201505397 0 1022232 8 0
2205573082 0 1020936 248 0
2205580881 0 1021184 8 0
2206169481 0 1021192 32 0
2206299927 0 1021952 32 0
2206312896 0 1022240 40 0
2206364411 0 1017848 184 0
2206439068 0 1017744 104 0
2206543459 0 1018288 128 0
2206682229 0 1018440 248 0
2206685649 0 1018688 8 0
2231087061 0 1018864 248 0
2231096036 0 1019112 8 0
2242926441 0 1019456 248 0
2242944994 0 1019704 8 0
2243050256 0 868520 160 0
2243187092 0 1018416 24 0
2243370430 0 625392 8 0
2243401425 0 1016600 144 0
2243480430 0 1022808 88 0
2243602445 0 1016504 96 0
2243666385 0 948840 160 0
2243741903 0 949000 248 0
2243747002 0 949248 8 0
2243768098 0 1023408 144 0
2243891704 0 950352 248 0
2243897329 0 950600 8 0
2243983695 0 950608 136 0
2244078225 0 950744 248 0
2244083597 0 950992 8 0
2244127473 0 951512 152 0
2244206226 0 951192 248 0
2244211661 0 951440 8 0
2244369905 0 947344 248 0
2244375764 0 947592 8 0
2244544344 0 1016064 184 0
2244626820 0 947208 136 0
2244716368 0 956272 216 0
2244844977 0 997568 136 0
2244915384 0 998536 248 0
2244920340 0 998784 8 0
2245080389 0 949528 168 0
2245238471 0 956072 200 0
2245334074 0 952880 248 0
2245339115 0 953128 8 0
2245421961 0 949952 24 0
2245509228 0 953144 248 0
2245514350 0 953392 8 0
2245614708 0 955136 248 0
2245620265 0 955384 8 0
2245716342 0 953552 248 0
2245721249 0 953800 8 0
2245794188 0 953400 136 0
2245858563 0 952472 248 0
2245944214 0 954992 144 0
2246022398 0 955872 200 0
2246114867 0 955392 248 0
2246202034 0 953136 8 0
2246249362 0 952720 128 0
2246317308 0 952848 32 0
2246409383 0 955640 232 0
2246450416 0 954848 144 0
2246530423 0 953536 16 0
2246555404 0 953808 144 0
2246627163 0 954376 248 0
2246632260 0 954624 8 0
2246727581 0 953952 128 0
2246813814 0 946824 248 0
2246819201 0 947072 8 0
2246908694 0 954080 248 0
2246914386 0 954328 8 0
2246936323 0 946528 248 0
2246937048 0 946776 8 0
2247154390 0 946784 40 0
2247431235 0 949344 184 0
2247584209 0 947080 128 0
2247689975 0 949256 88 0
2247984631 0 971768 80 0
2248021544 0 960568 248 0
2248026080 0 960816 8 0
2248107656 0 996472 248 0
2248112854 0 996720 8 0
2248210157 0 979784 200 0
2248302792 0 970584 136 0
2248465628 0 970344 232 0
2248596791 0 873160 24 0
2248666673 0 979608 176 0
2248746735 0 1004616 248 0
2248751790 0 1004864 8 0
2248839440 0 1006704 160 0
2248911305 0 1005016 248 0
2248916189 0 1005264 8 0
2248983020 0 1005272 128 0
2249044191 0 1002552 248 0
2249049121 0 1002800 8 0
2249126857 0 994184 248 0
2249131775 0 994432 8 0
2249212278 0 999560 248 0
2249218399 0 999808 8 0
2249288422 0 1004872 144 0
2249362953 0 1005400 248 0
2249368712 0 1005648 8 0
2249385435 0 993472 248 0
2249385832 0 993720 8 0
2249478903 0 992488 248 0
2249484042 0 992736 8 0
2249585483 0 992176 248 0
2249591043 0 992424 8 0
2249664672 0 990984 248 0
2249669652 0 991232 8 0
2249733735 0 992432 56 0
2249761676 0 990752 232 0
2249849840 0 991336 248 0
2249855471 0 991584 8 0
2249996684 0 999320 240 0
2250076804 0 1003032 248 0
2250082447 0 1003280 8 0
2250171450 0 1003480 248 0
2250179105 0 1003728 8 0
2250254363 0 1003776 248 0
2250259501 0 1004024 8 0
2250333198 0 1003736 40 0
2250403049 0 1008992 168 0
2250470728 0 1010064 152 0
2250539101 0 1007176 248 0
2250544047 0 1007424 8 0
2250628937 0 1006864 192 0
2250693557 0 1007056 120 0
2250754486 0 1008200 152 0
2250866701 0 998976 248 0
2250873188 0 999224 8 0
2250982240 0 1009832 232 0
2251061647 0 1009328 248 0
2251066981 0 1009576 8 0
2251179468 0 1009632 200 0
2251257902 0 1009160 168 0
2251332996 0 1009584 48 0
2251521292 0 1002808 224 0
2251647305 0 993840 248 0
2251653461 0 994088 8 0
2251731771 0 1010472 248 0
2251736763 0 1010720 8 0
2251807245 0 1010824 160 0
2251873751 0 1000832 200 0
2251955995 0 1024184 248 0
2251961204 0 1024432 8 0
2252051709 0 1001032 232 0
2252138633 0 999232 88 0
2252199861 0 1002088 248 0
2252204920 0 1002336 8 0
2252274577 0 1004104 248 0
2252279451 0 1004352 8 0
2252363066 0 999816 192 0
2252446343 0 961840 248 0
2252452313 0 962088 8 0
2252541872 0 992040 136 0
2252604503 0 991592 160 0
2252664753 0 990688 64 0
2252722111 0 994440 248 0
2252727316 0 994688 8 0
2252806332 0 994696 176 0
2252879301 0 991752 144 0
2252941299 0 994872 144 0
2253005671 0 991896 144 0
2253088948 0 994096 88 0
2253198095 0 991240 96 0
2253255704 0 993728 112 0
2253338206 0 1319392 248 0
2253343939 0 1319640 8 0
2253448998 0 1024440 200 0
2253569670 0 1320104 248 0
2253575051 0 1320352 8 0
2253694308 0 1319648 152 0
2253804385 0 1319800 248 0
2253809277 0 1320048 8 0
2253947349 0 1024640 168 0
2254046461 0 1320368 248 0
2254053936 0 1320616 8 0
2254144300 0 1320624 248 0
2254150143 0 1320872 8 0
2254178368 0 1281704 88 0
2254315867 0 1319336 56 0
2254460224 0 1010728 96 0
2254738928 0 1004032 72 0
2254808142 0 1004360 200 0
2254894917 0 1003288 192 0
2254965697 0 1004560 56 0
2255111484 0 967632 232 0
2255309313 0 961408 248 0
2255317333 0 961656 8 0
2255406403 0 1025096 248 0
2255412221 0 1025344 8 0
2255987085 0 1026040 248 0
2255990709 0 1026288 8 0
2256068178 0 996352 120 0
2256138114 0 996968 248 0
2256141450 0 997216 8 0
2256212366 0 996728 136 0
2256324480 0 996864 104 0
2256390295 0 997224 88 0
2256496765 0 997704 136 0
2256567228 0 997840 248 0
2256572330 0 998088 8 0
2256634827 0 1025496 248 0
2256640119 0 1025744 8 0
2256716668 0 1025816 224 0
2256809136 0 1026296 248 0
2256814420 0 1026544 8 0
2256907002 0 980680 184 0
2256932800 0 1025352 144 0
2257016051 0 434744 168 0
2257111484 0 1024808 128 0
2257221533 0 1024936 160 0
2257328365 0 960960 248 0
2257334601 0 961208 8 0
2257409991 0 961216 176 0
2257487341 0 962192 248 0
2257492664 0 962440 8 0
2257567385 0 961664 176 0
2257642152 0 962096 96 0
2257660883 0 962448 48 0
2257706636 0 960824 136 0
2257777395 0 1023808 224 0
2257853512 0 1024032 152 0
2258028838 0 959472 8 0
2258103929 0 960008 248 0
2258109587 0 960256 8 0
2258199705 0 959992 16 0
2258399713 0 1002344 152 0
2258462513 0 1002496 56 0
2258510432 0 1000008 144 0
2258575890 0 1001264 192 0
2258712967 0 1001456 248 0
2258719402 0 1001704 8 0
2258813209 0 993336 136 0
2258895176 0 1008008 192 0
2258975939 0 1007432 192 0
2259065591 0 1007624 144 0
2259143702 0 1007768 232 0
2259347433 0 1000152 248 0
2259354988 0 1000400 8 0
2259470378 0 1001856 232 0
2259577271 0 1001712 144 0
2259802677 0 978264 160 0
2260010328 0 995896 200 0
2260108128 0 995416 248 0
2260113707 0 995664 8 0
2260126202 0 995672 144 0
2260208684 0 995816 80 0
2260282060 0 624536 248 0
2260287823 0 624784 8 0
2260371965 0 1014304 240 0
2260462454 0 1015256 248 0
2260467683 0 1015504 8 0
2260541814 0 1014544 176 0
2260615099 0 1015512 224 0
2260725307 0 1015096 160 0
2260797651 0 1014808 248 0
2260802822 0 1015056 8 0
2260904385 0 1014720 88 0
2260975569 0 1015064 32 0
2261074475 0 1015928 136 0
2261142405 0 1015736 192 0
2261278133 0 998096 184 0
2261298331 0 998832 144 0
2261427737 0 998792 40 0
2261521580 0 960424 144 0
2261648863 0 960264 144 0
2261720336 0 960408 16 0
2261831190 0 984944 48 0
2262054672 0 590936 184 0
2262136089 0 590560 120 0
2262272627 0 600696 136 0
2262347144 0 600832 120 0
2262662614 0 591120 248 0
2262668666 0 591368 8 0
2262765484 0 972920 144 0
2263011337 0 1026552 184 0
2263134738 0 1026936 248 0
2263142964 0 1027184 8 0
2263337355 0 1026736 200 0
2263367689 0 1027192 56 0
2263448872 0 591376 128 0
2263556341 0 591504 136 0
2264188625 0 1062088 248 0
2264196073 0 1062336 8 0
2264294913 0 1062344 240 0
2264423422 0 1062880 248 0
2264430609 0 1063128 8 0
2264543235 0 1062016 72 0
2264619426 0 1062608 248 0
2264628451 0 1062856 8 0
2264712669 0 1062584 24 0
2264794509 0 1062864 16 0
2264828030 0 1063136 192 0
2264902158 0 1063328 144 0
2264989420 0 1371552 24 0
2267560488 0 1064800 16 0
2268090043 0 983880 136 0
2268489914 0 983744 136 0
2268970135 0 983608 136 0
2269235459 0 983472 136 0
2269660837 0 983336 136 0
2269880749 0 983200 136 0
2270084255 0 983064 136 0
2270291573 0 982928 136 0
2270612843 0 982792 136 0
2270802236 0 982656 136 0
2270988911 0 982520 136 0
2271170546 0 982384 136 0
2271355862 0 982248 136 0
2271533397 0 982112 136 0
2271805222 0 981976 136 0
2271979897 0 981840 136 0
2272149271 0 981704 136 0
2272315163 0 981568 136 0
2272481682 0 981504 64 0
2272757807 0 1049392 216 0
2327711847 0 625104 32 0
2327820708 0 973672 64 0
2328355006 0 75392 8 0
2329252251 0 1280512 128 0
2336338384 0 1280640 128 0
2352275282 0 1486976 32 0
2355905241 0 1488464 144 0
2362596962 0 1487008 248 0
2362762163 0 1487256 8 0
2369546386 0 1487664 248 0
2369759306 0 1487912 8 0
2369791333 0 1487520 144 0
2369871706 0 1487920 128 0
2369917575 0 1488080 248 0
2369935402 0 1488328 8 0
2370658429 0 1488048 32 0
2370792592 0 1488336 128 0
2370917837 0 68624 8 0
2376705816 0 68632 8 0
2381251107 0 68648 8 0
2381284425 0 1487264 248 0
2381317014 0 1487512 8 0
2381567096 0 4590240 248 0
2381608618 0 4590488 8 0
2339078091 0 68528 8 0
2343283414 0 76168 8 0
2350899412 0 76160 8 0
2382704864 0 993072 248 0
2382748034 0 993320 8 0
2382780697 0 1048888 248 0
2382791140 0 1049136 8 0
2337631715 0 868680 152 0
2338298210 0 4516424 96 0
2338657434 0 1025752 64 0
2338940605 0 869416 64 0
2388980101 0 4517208 120 0
2397372538 0 561600 32 0
2401217779 0 1028104 152 0
2401298106 0 989984 32 0
2412559890 0 74456 8 0
2414019446 0 549592 192 0
2421451695 0 1049176 216 0
2425723597 0 552656 184 0
2436644678 0 2192 8 0
2436677862 0 2056 8 0
2437366433 0 1028752 248 0
2437410166 0 1029000 8 0
2437457955 0 1030208 248 0
2437499079 0 1030456 8 0
2437516893 0 1030464 168 0
2437558753 0 1030632 160 0
2437598062 0 1030792 160 0
2437650943 0 1029376 248 0
2437692538 0 1029624 8 0
2437733741 0 1031432 248 0
2437773895 0 1031680 8 0
2437797616 0 1031712 248 0
2437837849 0 1031960 8 0
2437856312 0 1031968 184 0
2437898579 0 1032152 40 0
2437912604 0 1048576 128 0
2443724274 0 1048704 168 0
2443802557 0 1049144 32 0
2443837260 0 624792 56 0
2443917679 0 75152 8 0
2444880910 0 769520 8 0
2446988939 0 553232 24 0
2447769962 0 74536 8 0
2448976713 0 562016 56 0
2455733978 0 560064 240 0
2475782680 0 769504 8 0
2477776305 0 75344 8 0
2478891037 0 75352 8 0
2480328223 0 1063712 216 0
2484711343 0 1008608 128 0
2484858197 0 961392 16 0
2484988253 0 265128 8 0
2487367333 0 1027248 248 0
2487423899 0 1027496 8 0
2487731442 0 1027816 248 0
2487776319 0 1028064 8 0
2490362187 0 623080 240 0
2490422659 0 624112 248 0
2490461633 0 624360 8 0
2491636085 0 624368 168 0
2495641449 0 1556664 192 0
2537361810 0 3932160 8 1
2537406706 0 3932168 8 1
2537478535 0 3932176 8 1
2537619593 0 3932184 8 1
2537631473 0 3932192 8 1
2537637348 0 3932200 8 1
2537641393 0 3932208 8 1
2537644732 0 3932216 8 1
2537648094 0 3932224 8 1
2537651613 0 3932232 8 1
2537654708 0 3932240 8 1
2537657937 0 3932248 8 1
2537661111 0 3932256 8 1
2537664228 0 3932264 8 1
2537668976 0 3932272 8 1
2537675557 0 3932280 8 1
2537682612 0 3932288 8 1
2537688533 0 3932296 8 1
2537693592 0 3932304 8 1
2537699151 0 3932312 8 1
2537705410 0 3932320 8 1
2537711308 0 3932328 8 1
2537717197 0 3932336 8 1
2537720905 0 3932344 8 1
2537724365 0 3932352 8 1
2537727924 0 3932360 8 1
2537731334 0 3932368 8 1
2537734501 0 3932376 8 1
2537737937 0 3932384 8 1
2537741239 0 3932392 8 1
2537744191 0 3932400 8 1
2537748184 0 3932408 8 1
2537754259 0 3932416 8 1
2537761271 0 3932424 8 1
2537766206 0 3932432 8 1
2537771495 0 3932440 8 1
2537776543 0 3932448 8 1
2537781944 0 3932456 8 1
2537786703 0 3932464 8 1
2537792336 0 3932472 8 1
2537797957 0 3932480 8 1
2537801445 0 3932488 8 1
2537804649 0 3932496 8 1
2537808026 0 3932504 8 1
2537811341 0 3932512 8 1
2537814686 0 3932520 8 1
2537817640 0 3932528 8 1
2537820625 0 3932536 8 1
2537823909 0 3932544 8 1
2537827153 0 3932552 8 1
2537831947 0 3932560 8 1
2537838599 0 3932568 8 1
2537844486 0 3932576 8 1
2537849379 0 3932584 8 1
2537854482 0 3932592 8 1
2537859779 0 3932600 8 1
2537865960 0 3932608 8 1
2537871639 0 3932616 8 1
2537878308 0 3932624 8 1
2537882380 0 3932632 8 1
2537885947 0 3932640 8 1
2537889255 0 3932648 8 1
2537892577 0 3932656 8 1
2537896069 0 3932664 8 1
2537916676 0 3932672 8 1
2547826130 0 0 8 1
2547829400 0 8 8 1
2547830540 0 2056 8 1
2547831315 0 2192 8 1
2547832086 0 2312 8 1
2547833017 0 2352 8 1
2547833770 0 2384 8 1
2547834485 0 2392 8 1
2547835168 0 2408 8 1
2547835844 0 2472 8 1
2547836581 0 2664 8 1
2547837290 0 2672 8 1
2547838296 0 2824 8 1
2547839385 0 5800 8 1
2547841312 0 5912 8 1
2547842125 0 6008 8 1
2547842871 0 6048 8 1
2547843909 0 6096 8 1
2547844561 0 6104 8 1
2547845236 0 6112 8 1
2547845872 0 6136 8 1
2547846615 0 6144 8 1
2547847232 0 6152 8 1
2547848109 0 6160 8 1
2547849058 0 6184 8 1
2547849807 0 6208 8 1
2547850658 0 6216 8 1
2547851425 0 6224 8 1
2547852614 0 6408 8 1
2547853425 0 6664 8 1
2547854000 0 6672 8 1
2547854561 0 6704 8 1
2547855160 0 6728 8 1
2547856056 0 6736 8 1
2547856847 0 6784 8 1
2547857567 0 6800 8 1
2547858256 0 6808 8 1
2547859211 0 6816 8 1
2547859996 0 6824 8 1
2547861103 0 6840 8 1
2547862078 0 6848 8 1
2547863018 0 6880 8 1
2547865952 0 6912 8 1
2547867376 0 6960 8 1
2547868547 0 7040 8 1
2547869636 0 7744 8 1
2547870657 0 7872 8 1
2547871875 0 67848 8 1
2547872998 0 68464 8 1
2547874068 0 76648 8 1
2547875155 0 4194304 8 1
2547876304 0 4194432 8 1
2547877382 0 4194560 8 1
2547878701 0 4194832 8 1
2547879990 0 4194840 8 1
2547881055 0 4194848 8 1
2547883000 0 4194856 8 1
2547884362 0 4194864 8 1
2547885517 0 4194872 8 1
2547886547 0 4194880 8 1
2547887744 0 4195192 8 1
2560356701 0 3932160 8 1
2563324496 0 3932160 8 1
2565162911 0 0 8 1
