0 0 67848 8 0
67069 0 4194560 8 0
270565 0 6408 8 0
361452 0 4260096 8 0
635659 0 4194432 8 0
668980 0 4194304 8 0
15554934 0 264200 8 0
75257148 0 3932160 8 1
75304053 0 3932168 8 1
75314968 0 3932176 8 1
75315355 0 3932184 8 1
75315601 0 3932192 8 1
75315968 0 3932200 8 1
75316311 0 3932208 8 1
75316652 0 3932216 8 1
75316890 0 3932224 8 1
75317220 0 3932232 8 1
75392171 0 3932240 8 1
77044881 0 0 8 1
77054461 0 8 8 1
77059651 0 2312 8 1
77064826 0 67848 8 1
77069784 0 4194304 8 1
77074768 0 4194432 8 1
77079246 0 4194560 8 1
79190073 0 3932160 8 1
79758239 0 3932160 8 1
80367062 0 0 8 1
