0 0 67912 8 0
343932 0 4194432 8 0
2000065 0 4194568 8 0
2008776 0 4194576 8 0
2010147 0 4194584 8 0
2011707 0 4194592 8 0
2012996 0 4194600 8 0
2014253 0 4194608 8 0
2015546 0 4194616 8 0
2017178 0 4194624 8 0
2018498 0 4194632 8 0
2019676 0 4194640 8 0
2021942 0 4194648 8 0
2022947 0 4194656 8 0
2023984 0 4194664 8 0
2024970 0 4194672 8 0
2026272 0 4194680 8 0
2027335 0 4194688 8 0
2028622 0 4194696 8 0
2030132 0 4194704 8 0
2031191 0 4194712 8 0
2032665 0 4194720 8 0
2033849 0 4194728 8 0
2035709 0 4194736 8 0
2036816 0 4194744 8 0
2037957 0 4194752 8 0
2040438 0 4194760 8 0
2041620 0 4194768 8 0
2042678 0 4194776 8 0
2043913 0 4194784 8 0
2045172 0 4194792 8 0
2046154 0 4194800 8 0
2047127 0 4194808 8 0
2048386 0 4194816 8 0
2048742 0 4194560 8 0
13583143 0 4194304 8 0
31186735 0 265424 8 0
33036815 0 264616 8 0
34540733 0 69184 8 0
35933669 0 69144 8 0
70331361 0 4456480 240 0
37368267 0 453848 8 0
38542944 0 4260104 8 0
40075886 0 4456448 32 0
43162811 0 68424 8 0
44789238 0 4260120 8 0
46150207 0 4194832 8 0
46155119 0 4194840 8 0
46156215 0 4194848 8 0
46157194 0 4194856 8 0
46158327 0 4194864 8 0
46159685 0 4194872 8 0
46160843 0 4194880 8 0
46161711 0 4194888 8 0
46162844 0 4194896 8 0
46164390 0 4194904 8 0
46165637 0 4194912 8 0
46166773 0 4194920 8 0
46168004 0 4194928 8 0
46170253 0 4194936 8 0
46171734 0 4194944 8 0
46172847 0 4194952 8 0
46173952 0 4194960 8 0
46175136 0 4194968 8 0
46176262 0 4194976 8 0
46178168 0 4194984 8 0
46179452 0 4194992 8 0
46180728 0 4195000 8 0
46182204 0 4195008 8 0
46183503 0 4195016 8 0
46184869 0 4195024 8 0
46186191 0 4195032 8 0
46187681 0 4195040 8 0
46189588 0 4195048 8 0
46190671 0 4195056 8 0
46191835 0 4195064 8 0
46193033 0 4195072 8 0
46193550 0 4194824 8 0
46220811 0 4260496 8 0
47507093 0 4513344 32 0
51294381 0 4458320 144 0
59917012 0 4513480 144 0
69464964 0 4513376 104 0
86969524 0 520400 24 0
90434442 0 4521488 32 0
93973285 0 4521648 136 0
101715666 0 4521520 128 0
101988341 0 4598848 32 0
120894660 0 4599048 136 0
126481612 0 4514272 32 0
126563589 0 4514816 32 0
126603436 0 4518048 152 0
133145303 0 4598880 168 0
133253500 0 4514864 248 0
133253939 0 4515112 8 0
136907409 0 4456720 248 0
136951714 0 4456968 8 0
137008788 0 4515120 248 0
137051205 0 4515368 8 0
137075180 0 4514848 16 0
137132063 0 4515752 248 0
137182064 0 4516000 8 0
147549378 0 4516032 248 0
147583290 0 4516280 8 0
147606790 0 4517504 248 0
147646806 0 4517752 8 0
158423232 0 4516952 248 0
158456884 0 4517200 8 0
158575647 0 4516520 248 0
158631150 0 4516768 8 0
158782106 0 4457784 248 0
158825915 0 4458032 8 0
158876401 0 4515592 160 0
158926881 0 4457192 248 0
158969519 0 4457440 8 0
158993265 0 4458040 240 0
161244958 0 4517328 176 0
162869891 0 4457048 144 0
163265286 0 4516288 128 0
163308065 0 4457472 248 0
163353842 0 4457720 8 0
163391507 0 4456976 72 0
163489986 0 4515376 216 0
163560984 0 4457448 24 0
163686987 0 4260512 8 0
182757770 0 4195080 8 0
182766994 0 4195088 8 0
182771492 0 4195096 8 0
182775804 0 4195104 8 0
182779886 0 4195112 8 0
182784100 0 4195120 8 0
182788540 0 4195128 8 0
182792584 0 4195136 8 0
182796555 0 4195144 8 0
182800661 0 4195152 8 0
182804415 0 4195160 8 0
182808120 0 4195168 8 0
182813141 0 4195176 8 0
182817241 0 4195184 8 0
182821758 0 4195200 8 0
182826041 0 4195208 8 0
182829998 0 4195216 8 0
182833857 0 4195224 8 0
182837735 0 4195232 8 0
182841494 0 4195240 8 0
182844608 0 4195192 8 0
182865930 0 68472 8 0
184390352 0 4516784 168 0
184470108 0 265272 8 0
185931514 0 4592000 32 0
188860935 0 4592032 32 0
191151991 0 4521784 32 0
191192937 0 4521824 136 0
191247042 0 4521816 8 0
191311685 0 4592256 32 0
193728704 0 4592288 56 0
193784198 0 4592112 32 0
193816697 0 4592144 64 0
194204572 0 69216 8 0
197358252 0 68528 8 0
198633779 0 68488 8 0
224367779 0 74096 8 0
203879175 0 4465536 32 0
207469866 0 4465568 88 0
210267177 0 4516416 104 0
210529312 0 73992 8 0
222206487 0 5896 8 0
222215493 0 5904 8 0
222220086 0 5912 8 0
222224336 0 5920 8 0
222229822 0 5928 8 0
222233726 0 5936 8 0
222237951 0 5944 8 0
222241789 0 5952 8 0
222246073 0 5960 8 0
222250057 0 5968 8 0
222253945 0 5976 8 0
222258095 0 5984 8 0
222262020 0 5992 8 0
222265974 0 6000 8 0
222269642 0 6008 8 0
222273825 0 6024 8 0
222277685 0 6032 8 0
222281215 0 6040 8 0
222285745 0 6048 8 0
222289678 0 6056 8 0
222293638 0 6064 8 0
222297424 0 6072 8 0
222301192 0 6080 8 0
222305506 0 6088 8 0
222309434 0 6096 8 0
222315585 0 6104 8 0
222320149 0 6112 8 0
222324346 0 6120 8 0
222328288 0 6128 8 0
222332220 0 6136 8 0
222336476 0 6144 8 0
222339894 0 6016 8 0
222350541 0 74200 8 0
224074261 0 4517208 120 0
225856331 0 395792 32 0
228929576 0 397008 248 0
228940050 0 397256 8 0
237744248 0 395848 248 0
237751750 0 396096 8 0
247073005 0 4592608 32 0
247152132 0 4593352 136 0
247231870 0 2576 8 0
247240516 0 2584 8 0
247242160 0 2592 8 0
247243398 0 2600 8 0
247244879 0 2608 8 0
247246440 0 2616 8 0
247247803 0 2624 8 0
247249065 0 2632 8 0
247251630 0 2648 8 0
247252818 0 2656 8 0
247254042 0 2664 8 0
247255059 0 2672 8 0
247256296 0 2680 8 0
247257695 0 2688 8 0
247258927 0 2696 8 0
247260310 0 2704 8 0
247261791 0 2712 8 0
247263146 0 2720 8 0
247264576 0 2728 8 0
247265609 0 2736 8 0
247266651 0 2744 8 0
247267696 0 2752 8 0
247270307 0 2760 8 0
247271678 0 2768 8 0
247275680 0 2776 8 0
247276928 0 2784 8 0
247278096 0 2792 8 0
247279132 0 2800 8 0
247280288 0 2808 8 0
247281308 0 2640 8 0
247320085 0 68552 8 0
249252176 0 68832 8 0
250392603 0 513480 32 0
253174259 0 513672 144 0
259378654 0 513512 160 0
262768080 0 513048 32 0
268501521 0 513336 144 0
273858146 0 513080 224 0
277710497 0 4593632 32 0
277780727 0 4593696 208 0
286493534 0 4593664 32 0
286618056 0 4598744 32 0
294953357 0 4598776 8 0
295043420 0 4594688 32 0
295098371 0 4594720 32 0
295168031 0 4518576 32 0
295226490 0 4518608 40 0
295334758 0 4530112 32 0
298961397 0 4530304 136 0
304448888 0 4530144 160 0
304525749 0 395824 24 0
308365763 0 513304 32 0
308446596 0 4592640 248 0
308452534 0 4592888 8 0
308501632 0 396104 128 0
309346841 0 396736 248 0
309354918 0 396984 8 0
314955005 0 396232 248 0
314963324 0 396480 8 0
314974542 0 396488 168 0
326896343 0 396992 16 0
326983878 0 396656 80 0
327199110 0 264608 8 0
376837752 0 74120 8 0
386870339 0 397840 32 0
387011942 0 74448 8 0
388682859 0 446368 24 0
391910382 0 446304 32 0
394950061 0 446784 32 0
398339668 0 446752 32 0
401520814 0 446840 24 0
401629713 0 446656 32 0
405509967 0 446688 32 0
407305219 0 445920 32 0
411056701 0 446040 32 0
413260155 0 446072 8 0
413285726 0 397872 8 0
413318547 0 450472 32 0
416060361 0 450504 8 0
416103230 0 448320 32 0
419428184 0 448352 24 0
421754705 0 449144 32 0
426795231 0 449176 24 0
429091735 0 448952 32 0
429168913 0 448984 48 0
431761508 0 447720 24 0
434532338 0 448376 32 0
434599540 0 448408 24 0
434725762 0 451056 32 0
438479179 0 451088 8 0
438532453 0 4592896 248 0
438538827 0 4593144 8 0
438554016 0 4593152 200 0
438721648 0 452160 24 0
442524309 0 452072 32 0
447437420 0 452104 8 0
447493588 0 451976 32 0
450428047 0 452008 24 0
452216246 0 446864 32 0
452291515 0 446896 64 0
452428515 0 448128 32 0
456515305 0 445976 32 0
456618666 0 446008 8 0
457468686 0 264648 8 0
459625778 0 397920 32 0
459783749 0 397952 64 0
459939531 0 398016 8 0
462749986 0 2192 8 0
462816975 0 6672 8 0
463527119 0 265168 8 0
464692059 0 4520176 32 0
466185233 0 4520216 136 0
466262509 0 4520208 8 0
534923693 0 2064 8 0
534962421 0 264656 8 1
534988804 0 3932160 8 1
535004363 0 3932168 8 1
535036093 0 3932176 8 1
535036533 0 3932184 8 1
535036788 0 3932192 8 1
535037122 0 3932200 8 1
535037463 0 3932208 8 1
535037895 0 3932216 8 1
535038259 0 3932224 8 1
535038660 0 3932232 8 1
535039024 0 3932240 8 1
535039422 0 3932248 8 1
535039681 0 3932256 8 1
535040015 0 3932264 8 1
535040343 0 3932272 8 1
535040670 0 3932280 8 1
535040926 0 3932288 8 1
535041321 0 3932296 8 1
535041584 0 3932304 8 1
535041847 0 3932312 8 1
535042221 0 3932320 8 1
535042482 0 3932328 8 1
535042734 0 3932336 8 1
535042986 0 3932344 8 1
535043279 0 3932352 8 1
535044282 0 3932360 8 1
535044764 0 3932368 8 1
535045149 0 3932376 8 1
535045479 0 3932384 8 1
535045800 0 3932392 8 1
535046037 0 3932400 8 1
535046279 0 3932408 8 1
535046519 0 3932416 8 1
535046784 0 3932424 8 1
535047063 0 3932432 8 1
535047705 0 3932440 8 1
535048211 0 3932448 8 1
535048628 0 3932456 8 1
535049203 0 3932464 8 1
535049621 0 3932472 8 1
535049950 0 3932480 8 1
535050280 0 3932488 8 1
535139648 0 3932496 8 1
539213037 0 0 8 1
539226273 0 8 8 1
539234923 0 2064 8 1
539243438 0 2192 8 1
539251331 0 2312 8 1
539256089 0 2352 8 1
539260989 0 2384 8 1
539265220 0 2392 8 1
539269349 0 2408 8 1
539273558 0 2472 8 1
539278458 0 5776 8 1
539282995 0 5784 8 1
539290185 0 5824 8 1
539298631 0 5840 8 1
539311036 0 6016 8 1
539320084 0 6584 8 1
539327318 0 6592 8 1
539332140 0 6600 8 1
539337203 0 6608 8 1
539341829 0 6616 8 1
539346204 0 6624 8 1
539350938 0 6632 8 1
539355037 0 6664 8 1
539359629 0 6672 8 1
539366825 0 67848 8 1
539375099 0 74200 8 1
539382877 0 4194304 8 1
539390728 0 4194432 8 1
539401283 0 4194560 8 1
539407056 0 4194584 8 1
539411807 0 4194832 8 1
539416596 0 4194840 8 1
539420969 0 4194848 8 1
539425190 0 4194856 8 1
539429403 0 4194864 8 1
539433586 0 4194872 8 1
539438030 0 4194880 8 1
539446242 0 4195192 8 1
539454354 0 4195200 8 1
550601738 0 3932160 8 1
551112819 0 3932160 8 1
551571587 0 0 8 1
