0 0 67848 8 0
51502 0 6416 8 0
81836 0 6424 8 0
85893 0 6432 8 0
87082 0 6440 8 0
88369 0 6448 8 0
89668 0 6456 8 0
90755 0 6464 8 0
93100 0 6472 8 0
94227 0 6480 8 0
95412 0 6488 8 0
96843 0 6496 8 0
97996 0 6504 8 0
99412 0 6512 8 0
101111 0 6520 8 0
102429 0 6528 8 0
103409 0 6536 8 0
104530 0 6544 8 0
105624 0 6552 8 0
106566 0 6560 8 0
107595 0 6568 8 0
108537 0 6576 8 0
110121 0 6584 8 0
111186 0 6592 8 0
112215 0 6600 8 0
113169 0 6608 8 0
114371 0 6616 8 0
115668 0 6624 8 0
116698 0 6632 8 0
117686 0 6640 8 0
118674 0 6648 8 0
119930 0 6656 8 0
120893 0 6664 8 0
121470 0 6408 8 0
15084155 0 67912 8 0
15328686 0 14848 8 0
15334307 0 14856 8 0
15335924 0 14864 8 0
15337390 0 14872 8 0
15338707 0 14880 8 0
15339164 0 14888 8 0
18820240 0 4194432 8 0
20212491 0 4194568 8 0
20221266 0 4194576 8 0
20222535 0 4194584 8 0
20223663 0 4194592 8 0
20224848 0 4194600 8 0
20227773 0 4194608 8 0
20229261 0 4194616 8 0
20230559 0 4194624 8 0
20231751 0 4194632 8 0
20232806 0 4194640 8 0
20233976 0 4194648 8 0
20235200 0 4194656 8 0
20238729 0 4194664 8 0
20239853 0 4194672 8 0
20240804 0 4194680 8 0
20241954 0 4194688 8 0
20242992 0 4194696 8 0
20244243 0 4194704 8 0
20245458 0 4194712 8 0
20247277 0 4194720 8 0
20248361 0 4194728 8 0
20249730 0 4194736 8 0
20250738 0 4194744 8 0
20252107 0 4194752 8 0
20253120 0 4194760 8 0
20254286 0 4194768 8 0
20255176 0 4194776 8 0
20256177 0 4194784 8 0
20257080 0 4194792 8 0
20258203 0 4194800 8 0
20259229 0 4194808 8 0
20260549 0 4194816 8 0
20260960 0 4194560 8 0
29506300 0 4194304 8 0
47587983 0 703416 8 0
49603244 0 703208 8 0
51133111 0 68520 8 0
73097697 0 1439888 8 0
75124242 0 6144 8 0
75134945 0 6152 8 0
75136283 0 6160 8 0
75137629 0 6168 8 0
75138995 0 6176 8 0
75140466 0 6184 8 0
75144013 0 6192 8 0
75145246 0 6200 8 0
75146536 0 6208 8 0
75147514 0 6216 8 0
75148605 0 6224 8 0
75149729 0 6232 8 0
75150896 0 6240 8 0
75152105 0 6248 8 0
75153249 0 6256 8 0
75154197 0 6264 8 0
75156445 0 6272 8 0
75157623 0 6280 8 0
75158722 0 6288 8 0
75159782 0 6296 8 0
75161515 0 6304 8 0
75162566 0 6312 8 0
75164040 0 6320 8 0
75165347 0 6328 8 0
75166507 0 6336 8 0
75167730 0 6344 8 0
75168785 0 6352 8 0
75169735 0 6360 8 0
75171000 0 6376 8 0
75172345 0 6384 8 0
75173598 0 6392 8 0
75175010 0 6400 8 0
75175381 0 6368 8 0
86003489 0 453024 32 0
92464660 0 68424 8 0
94751678 0 4260120 8 0
96329116 0 4194832 8 0
96341499 0 4194840 8 0
96343811 0 4194848 8 0
96345536 0 4194856 8 0
96347026 0 4194864 8 0
96349031 0 4194872 8 0
96350911 0 4194880 8 0
96352766 0 4194888 8 0
96354655 0 4194896 8 0
96357040 0 4194904 8 0
96358992 0 4194912 8 0
96362926 0 4194920 8 0
96365503 0 4194928 8 0
96372530 0 4194936 8 0
96374219 0 4194944 8 0
96375888 0 4194952 8 0
96377852 0 4194960 8 0
96380128 0 4194968 8 0
96382568 0 4194976 8 0
96385045 0 4194984 8 0
96386963 0 4194992 8 0
96392791 0 4195000 8 0
96395490 0 4195008 8 0
96397965 0 4195016 8 0
96400665 0 4195024 8 0
96404194 0 4195032 8 0
96406474 0 4195040 8 0
96408416 0 4195048 8 0
96410583 0 4195056 8 0
96412469 0 4195064 8 0
96414897 0 4195072 8 0
96419276 0 4194824 8 0
96454259 0 4260496 8 0
97880460 0 4513344 32 0
101609585 0 4513480 144 0
53013227 0 2816 8 0
53021597 0 2824 8 0
53022909 0 2832 8 0
53024041 0 2840 8 0
53025541 0 2848 8 0
53026705 0 2856 8 0
53027903 0 2864 8 0
53029230 0 2872 8 0
53030564 0 2888 8 0
53031924 0 2896 8 0
53033518 0 2904 8 0
53035667 0 2912 8 0
53037755 0 2920 8 0
53041365 0 2928 8 0
53043983 0 2936 8 0
53045670 0 2944 8 0
53047547 0 2952 8 0
53049526 0 2960 8 0
53051750 0 2968 8 0
53053784 0 2976 8 0
53055551 0 2984 8 0
53057297 0 2992 8 0
53059379 0 3000 8 0
53061233 0 3008 8 0
53062954 0 3016 8 0
53064696 0 3024 8 0
53066748 0 3032 8 0
53071894 0 3040 8 0
53073107 0 3048 8 0
53074040 0 3056 8 0
53075021 0 3064 8 0
53076517 0 3072 8 0
53076928 0 2880 8 0
53300470 0 69136 8 0
57112828 0 69184 8 0
64578711 0 69144 8 0
66645026 0 14600 8 0
66654992 0 14608 8 0
66656700 0 14616 8 0
66752969 0 14632 8 0
66754580 0 14640 8 0
66755669 0 14648 8 0
66756981 0 14656 8 0
66758602 0 14664 8 0
66759686 0 14672 8 0
66760611 0 14680 8 0
66761874 0 14688 8 0
66764616 0 14696 8 0
66765617 0 14704 8 0
66766732 0 14712 8 0
66768111 0 14720 8 0
66769331 0 14728 8 0
66770288 0 14736 8 0
66771359 0 14744 8 0
66772272 0 14752 8 0
66773256 0 14760 8 0
66774106 0 14768 8 0
66775186 0 14776 8 0
66776289 0 14784 8 0
66777379 0 14792 8 0
66778296 0 14800 8 0
66779941 0 14808 8 0
66783486 0 14816 8 0
66784571 0 14824 8 0
66785862 0 14832 8 0
66787181 0 14840 8 0
66789465 0 14624 8 0
111991750 0 4513376 104 0
112516415 0 547968 64 0
134446261 0 69176 8 0
137072307 0 589824 32 0
139937073 0 595336 248 0
139946293 0 595584 8 0
147673924 0 594560 248 0
147682994 0 594808 8 0
158950780 0 589872 248 0
158956438 0 590120 8 0
163137677 0 4593632 32 0
167342347 0 4593696 208 0
175959444 0 4593664 32 0
176447750 0 4514272 32 0
176559557 0 4599304 24 0
195331825 0 4589472 32 0
198761470 0 4591392 136 0
204289296 0 4589504 224 0
209756833 0 4514816 32 0
209891431 0 4518048 152 0
209985670 0 4514864 248 0
209990015 0 4515112 8 0
210779792 0 4515120 248 0
210784574 0 4515368 8 0
210807762 0 4514848 16 0
210827488 0 4589728 248 0
210828079 0 4589976 8 0
210872758 0 589856 16 0
210913130 0 4515752 248 0
210913628 0 4516000 8 0
211250708 0 4516032 248 0
211254782 0 4516280 8 0
211390613 0 4517504 248 0
211393759 0 4517752 8 0
211462693 0 4516952 248 0
211466200 0 4517200 8 0
211648441 0 594816 248 0
211652464 0 595064 8 0
211682099 0 590128 248 0
211682781 0 590376 8 0
211705530 0 595072 248 0
211706227 0 595320 8 0
211816688 0 590384 248 0
211817779 0 590632 8 0
212477343 0 595328 8 0
212852419 0 595592 248 0
212911426 0 590640 248 0
212911933 0 590888 8 0
213087344 0 4516464 248 0
213087780 0 4516712 8 0
248454937 0 4516720 160 0
248711330 0 591160 248 0
248719255 0 591408 8 0
254395947 0 4517328 176 0
254496651 0 4516288 136 0
254588743 0 2576 8 0
254594034 0 2584 8 0
254595305 0 2592 8 0
254596772 0 2600 8 0
254598360 0 2608 8 0
254599580 0 2616 8 0
254601733 0 2624 8 0
254603395 0 2632 8 0
254604805 0 2648 8 0
254605935 0 2656 8 0
254607211 0 2664 8 0
254609332 0 2672 8 0
254610659 0 2680 8 0
254612006 0 2688 8 0
254613778 0 2696 8 0
254614987 0 2704 8 0
254616394 0 2712 8 0
254617713 0 2720 8 0
254621270 0 2728 8 0
254622487 0 2736 8 0
254623610 0 2744 8 0
254624637 0 2752 8 0
254625942 0 2760 8 0
254627500 0 2768 8 0
254628961 0 2776 8 0
254630242 0 2784 8 0
254631311 0 2792 8 0
254632482 0 2800 8 0
254634795 0 2808 8 0
254636132 0 2640 8 0
254677751 0 68552 8 0
278980370 0 68664 8 0
280707178 0 4515536 216 0
280793196 0 69224 8 0
282090955 0 3328 8 0
282097751 0 3336 8 0
282099002 0 3344 8 0
282100295 0 3352 8 0
282101756 0 3368 8 0
282102779 0 3376 8 0
282103763 0 3384 8 0
282104705 0 3392 8 0
282106055 0 3400 8 0
282107509 0 3408 8 0
282110361 0 3416 8 0
282111685 0 3424 8 0
282112855 0 3432 8 0
282114041 0 3440 8 0
282115242 0 3448 8 0
282116417 0 3456 8 0
282117582 0 3464 8 0
282119076 0 3472 8 0
282120340 0 3480 8 0
282121445 0 3488 8 0
282125405 0 3496 8 0
282126545 0 3504 8 0
282127624 0 3512 8 0
282128754 0 3520 8 0
282130453 0 3528 8 0
282131762 0 3536 8 0
282132869 0 3544 8 0
282134159 0 3552 8 0
282135176 0 3560 8 0
282136282 0 3568 8 0
282137573 0 3576 8 0
282138941 0 3584 8 0
282139495 0 3360 8 0
282177018 0 70456 8 0
283446462 0 68672 8 0
285311757 0 302440 8 0
286808554 0 68832 8 0
288163179 0 79480 8 0
289809321 0 68848 8 0
291111597 0 68864 8 0
292739435 0 314344 56 0
298695005 0 296816 8 0
301570778 0 302464 8 0
302950511 0 296440 8 0
304483150 0 297848 8 0
305790372 0 302456 8 0
307011611 0 68680 8 0
308745542 0 296824 8 0
310252567 0 297840 8 0
311524000 0 299200 248 0
311531483 0 299448 8 0
319897101 0 301496 248 0
319903585 0 301744 8 0
332456072 0 302000 136 0
332555064 0 302472 8 0
336795656 0 302448 8 0
336870382 0 302136 248 0
336877833 0 302384 8 0
337109608 0 592848 248 0
337115029 0 593096 8 0
338933747 0 593872 248 0
338937869 0 594120 8 0
339011194 0 592688 160 0
339136557 0 593544 248 0
339140513 0 593792 8 0
339315915 0 592264 248 0
339320163 0 592512 8 0
339421119 0 591416 184 0
339523149 0 591936 248 0
339527211 0 592184 8 0
339621477 0 591600 248 0
339626682 0 591848 8 0
339911088 0 590920 240 0
340052934 0 594128 248 0
340057521 0 594376 8 0
340372499 0 593104 248 0
340382756 0 593352 8 0
340589257 0 592520 168 0
341655479 0 590896 24 0
341762088 0 4516008 24 0
341777692 0 4515376 128 0
342000139 0 76528 8 0
348674631 0 6912 8 0
348682691 0 6920 8 0
348684856 0 6928 8 0
348686244 0 6936 8 0
348688245 0 6944 8 0
348689431 0 6952 8 0
348690941 0 6968 8 0
348692296 0 6976 8 0
348693488 0 6984 8 0
348694623 0 6992 8 0
348695775 0 7000 8 0
348696899 0 7008 8 0
348697982 0 7016 8 0
348698891 0 7024 8 0
348700044 0 7032 8 0
348701120 0 7040 8 0
348703107 0 7048 8 0
348704445 0 7056 8 0
348705562 0 7064 8 0
348707047 0 7072 8 0
348708275 0 7080 8 0
348709911 0 7088 8 0
348711521 0 7096 8 0
348712633 0 7104 8 0
348713907 0 7112 8 0
348716864 0 7120 8 0
348717920 0 7128 8 0
348719051 0 7136 8 0
348720406 0 7144 8 0
348721751 0 7152 8 0
348724860 0 7160 8 0
348726829 0 7168 8 0
348727645 0 6960 8 0
348925431 0 6672 8 0
348931028 0 6680 8 0
348932201 0 6688 8 0
348933328 0 6696 8 0
348935133 0 6704 8 0
348936057 0 6712 8 0
348937437 0 6720 8 0
348938479 0 6728 8 0
348939479 0 6736 8 0
348941018 0 6744 8 0
348942836 0 6752 8 0
348944034 0 6760 8 0
348945787 0 6768 8 0
348947133 0 6776 8 0
348948356 0 6784 8 0
348949795 0 6792 8 0
348952250 0 6800 8 0
348953359 0 6808 8 0
348955138 0 6816 8 0
348956296 0 6824 8 0
348957323 0 6832 8 0
348958315 0 6840 8 0
348959590 0 6856 8 0
348960891 0 6864 8 0
348962017 0 6872 8 0
348963210 0 6880 8 0
348964395 0 6888 8 0
348965547 0 6896 8 0
348966658 0 6904 8 0
348967518 0 6848 8 0
349078099 0 591856 80 0
349104306 0 4517208 120 0
349233516 0 4516424 40 0
349641644 0 594384 176 0
350811035 0 593360 184 0
351487895 0 4515504 32 0
352656249 0 78960 8 0
361072451 0 78968 8 0
363066568 0 1444840 8 0
364888136 0 77368 8 0
366307452 0 1440512 72 0
372698578 0 1444912 16 0
375961841 0 593800 72 0
376222756 0 1444960 8 0
378178671 0 1444904 8 0
381453587 0 1441000 8 0
381710343 0 1440096 16 0
385079313 0 1440072 24 0
388732390 0 1439912 8 0
390777138 0 7176 8 0
390787524 0 7184 8 0
390788685 0 7192 8 0
390789903 0 7208 8 0
390791367 0 7216 8 0
390792526 0 7224 8 0
390805896 0 7232 8 0
390807695 0 7240 8 0
390808960 0 7248 8 0
390811058 0 7256 8 0
390812114 0 7264 8 0
390813353 0 7272 8 0
390814810 0 7280 8 0
390816063 0 7288 8 0
390817319 0 7296 8 0
390818733 0 7304 8 0
390820059 0 7312 8 0
390821228 0 7320 8 0
390822306 0 7328 8 0
390823384 0 7336 8 0
390824671 0 7344 8 0
390825748 0 7352 8 0
390826888 0 7360 8 0
390828529 0 7368 8 0
390829990 0 7376 8 0
390831020 0 7384 8 0
390832362 0 7392 8 0
390836194 0 7400 8 0
390837282 0 7408 8 0
390838437 0 7416 8 0
390839750 0 7424 8 0
390840250 0 7200 8 0
390967255 0 1442624 40 0
394181833 0 1441984 64 0
401549232 0 1442168 8 0
403754578 0 1442144 24 0
404185420 0 1440440 8 0
406776944 0 1439936 48 0
416846317 0 1440024 8 0
417802923 0 1443000 40 0
418477067 0 1440032 40 0
419305252 0 68464 8 0
420628259 0 76376 8 0
422150569 0 1447064 8 0
423590103 0 592192 72 0
423737154 0 68448 8 0
424949879 0 9216 8 0
424957909 0 9224 8 0
424962814 0 9232 8 0
424967033 0 9240 8 0
424971631 0 9248 8 0
424976014 0 9256 8 0
424980002 0 9264 8 0
424984354 0 9272 8 0
424988418 0 9280 8 0
424992600 0 9288 8 0
424996685 0 9296 8 0
425000615 0 9304 8 0
425004523 0 9312 8 0
425009104 0 9320 8 0
425013095 0 9328 8 0
425017172 0 9336 8 0
425021047 0 9344 8 0
425025447 0 9352 8 0
425029420 0 9360 8 0
425033717 0 9376 8 0
425037814 0 9384 8 0
425041710 0 9392 8 0
425045611 0 9400 8 0
425049615 0 9408 8 0
425053578 0 9416 8 0
425057246 0 9424 8 0
425061077 0 9432 8 0
425065947 0 9440 8 0
425070325 0 9448 8 0
425074094 0 9456 8 0
425078328 0 9464 8 0
425084901 0 9472 8 0
425088506 0 9368 8 0
425098375 0 83672 8 0
426685259 0 83680 8 0
428235097 0 75896 8 0
429458027 0 76488 8 0
431138491 0 4516880 72 0
431632000 0 76272 8 0
432926025 0 76280 8 0
434458416 0 1450216 200 0
446670861 0 1439920 16 0
451417942 0 641760 32 0
454867186 0 641792 152 0
460052461 0 265168 8 0
463200180 0 1442432 32 0
463630428 0 1442528 24 0
464196644 0 1442768 40 0
464681831 0 1442752 16 0
466267437 0 1440720 16 0
466644506 0 1441280 24 0
470208954 0 76424 8 0
472514876 0 76432 8 0
474167903 0 1445104 8 0
476027594 0 1443408 16 0
476425250 0 1443472 24 0
476924064 0 1445112 8 0
478668217 0 1445488 16 0
482243759 0 1440672 24 0
482741384 0 77416 8 0
484789250 0 76448 8 0
484820701 0 1443632 96 0
491585746 0 1441792 32 0
492365331 0 1441224 8 0
492743727 0 1441248 32 0
493307535 0 724120 32 0
496671323 0 724152 72 0
499677540 0 1442416 16 0
500801728 0 1441088 48 0
501446057 0 1443496 40 0
503302021 0 8448 8 0
503313399 0 8456 8 0
503318637 0 8464 8 0
503323360 0 8472 8 0
503327359 0 8480 8 0
503331579 0 8488 8 0
503335539 0 8496 8 0
503339569 0 8504 8 0
503344551 0 8512 8 0
503348431 0 8520 8 0
503352437 0 8528 8 0
503356314 0 8536 8 0
503360033 0 8544 8 0
503364412 0 8552 8 0
503369230 0 8560 8 0
503374827 0 8568 8 0
503379174 0 8576 8 0
503383219 0 8584 8 0
503387488 0 8592 8 0
503391723 0 8600 8 0
503395700 0 8608 8 0
503399925 0 8616 8 0
503404772 0 8624 8 0
503408794 0 8632 8 0
503412651 0 8640 8 0
503416400 0 8648 8 0
503420233 0 8656 8 0
503424318 0 8664 8 0
503428356 0 8672 8 0
503432383 0 8680 8 0
503436667 0 8696 8 0
503440685 0 8704 8 0
503444264 0 8688 8 0
503902368 0 1443344 40 0
504332953 0 1442552 8 0
506213969 0 1443536 96 0
506822020 0 1442560 64 0
507449197 0 1440328 8 0
508024916 0 1443040 136 0
508790209 0 1442408 8 0
509085674 0 726056 32 0
512404310 0 726088 224 0
517140552 0 726312 40 0
517551348 0 1440704 16 0
518509709 0 673728 32 0
524296039 0 673760 32 0
525223887 0 1440352 32 0
527448279 0 7936 8 0
527459101 0 7944 8 0
527463934 0 7952 8 0
527468336 0 7960 8 0
527472925 0 7968 8 0
527477359 0 7976 8 0
527481832 0 7984 8 0
527485793 0 7992 8 0
527489606 0 8000 8 0
527493526 0 8008 8 0
527497416 0 8016 8 0
527501320 0 8024 8 0
527505120 0 8032 8 0
527508863 0 8040 8 0
527513758 0 8048 8 0
527517790 0 8056 8 0
527521716 0 8064 8 0
527525563 0 8072 8 0
527530740 0 8080 8 0
527536601 0 8088 8 0
527540660 0 8096 8 0
527544804 0 8104 8 0
527548971 0 8112 8 0
527553149 0 8120 8 0
527974878 0 8128 8 0
527982531 0 8136 8 0
527987334 0 8152 8 0
527992038 0 8160 8 0
527999321 0 8168 8 0
528003646 0 8176 8 0
528010010 0 8184 8 0
528016138 0 8192 8 0
528020763 0 8144 8 0
528161216 0 1443264 80 0
528896926 0 1443384 24 0
529329500 0 1441456 8 0
530134251 0 546568 32 0
551082882 0 4514056 32 0
551121068 0 4514088 104 0
551200832 0 546600 64 0
552594182 0 727744 32 0
556441306 0 727776 136 0
559684158 0 4599424 32 0
559732536 0 4599504 136 0
566509864 0 4599456 48 0
566968674 0 643600 32 0
573475938 0 643632 160 0
580125752 0 1441760 32 0
580598846 0 730832 32 0
585734396 0 730864 168 0
592287840 0 4520608 32 0
592330875 0 4520752 136 0
592380560 0 4520640 112 0
593782215 0 1441928 40 0
594464799 0 1442504 8 0
594965307 0 1442176 64 0
595594287 0 1442912 88 0
596504988 0 588672 32 0
600284134 0 588704 64 0
600657783 0 728936 32 0
607288345 0 728968 120 0
609838448 0 1442464 40 0
610323799 0 728160 32 0
610385450 0 728192 224 0
610456353 0 728416 88 0
617442488 0 1442240 64 0
617970029 0 1440768 112 0
619194377 0 586312 32 0
623519719 0 586352 248 0
623585727 0 586600 8 0
628191061 0 586344 8 0
628252197 0 586608 248 0
628781299 0 1441056 32 0
630506950 0 83568 8 0
633342110 0 83576 8 0
638489679 0 14864 8 0
638498534 0 14872 8 0
638503278 0 14880 8 0
638528615 0 1451792 8 0
638738295 0 83616 8 0
640372636 0 83624 8 0
642479523 0 1451832 8 0
642761542 0 1452160 8 0
644365342 0 639608 32 0
647498915 0 639976 248 0
647529644 0 640224 8 0
655555137 0 639640 224 0
659886942 0 639864 112 0
662187654 0 80296 8 0
663694344 0 80336 8 0
665034108 0 1444544 8 0
666619409 0 1444848 16 0
670681308 0 1444688 24 0
674089661 0 1444672 16 0
678366087 0 1444760 80 0
678957741 0 1443224 8 0
679303966 0 1442352 16 0
679598152 0 1444880 24 0
681474756 0 1442368 40 0
681936817 0 1441232 16 0
682271172 0 673584 32 0
685146579 0 673616 112 0
687049144 0 79496 8 0
688568391 0 5888 8 0
688575299 0 5896 8 0
688579794 0 5904 8 0
688585915 0 5912 8 0
688589954 0 5920 8 0
688594126 0 5928 8 0
688598163 0 5936 8 0
688603230 0 5944 8 0
688607340 0 5952 8 0
688612347 0 5960 8 0
688616988 0 5968 8 0
688620885 0 5976 8 0
688624606 0 5984 8 0
688628909 0 5992 8 0
688632993 0 6000 8 0
688637014 0 6008 8 0
688641012 0 6016 8 0
688645028 0 6024 8 0
688648937 0 6032 8 0
688652616 0 6040 8 0
688656415 0 6048 8 0
688660543 0 6056 8 0
688664485 0 6064 8 0
688669161 0 6072 8 0
688673654 0 6088 8 0
688706676 0 6096 8 0
688709229 0 6104 8 0
688711382 0 6112 8 0
688712864 0 6120 8 0
688714571 0 6128 8 0
688717562 0 6136 8 0
688718681 0 6080 8 0
693917503 0 442368 32 0
697250496 0 443000 136 0
702882093 0 442400 224 0
709045290 0 79472 8 0
711076866 0 515904 32 0
714507512 0 519800 136 0
720209699 0 516136 248 0
720243953 0 516384 8 0
729709503 0 519448 248 0
729742331 0 519696 8 0
739928340 0 516392 248 0
739963793 0 516640 8 0
739990976 0 519704 96 0
740025697 0 516648 248 0
740230404 0 516896 8 0
740367240 0 515936 200 0
748084301 0 516904 248 0
748125859 0 517152 8 0
748867005 0 442624 248 0
748910465 0 442872 8 0
749203849 0 518648 248 0
749210350 0 518896 8 0
753567754 0 517912 248 0
753601263 0 518160 8 0
753641178 0 518904 248 0
753807498 0 517216 248 0
753849719 0 517464 8 0
753915426 0 517560 248 0
753954912 0 517808 8 0
754096653 0 517816 96 0
755078438 0 518200 248 0
755120380 0 518448 8 0
755308212 0 518456 192 0
755434259 0 517472 88 0
756302997 0 4590416 248 0
756344898 0 4590664 8 0
756364401 0 4590248 168 0
756720962 0 724856 32 0
801060015 0 724888 40 0
801973249 0 1442664 40 0
805115646 0 589152 32 0
805187628 0 589208 248 0
805316033 0 589456 8 0
823018257 0 589184 24 0
825633384 0 83504 8 0
844202669 0 83512 8 0
858688266 0 1451776 8 0
859133405 0 1451840 64 0
862343925 0 1444576 32 0
862740102 0 1440384 56 0
863395529 0 1441664 80 0
865079232 0 1444640 24 0
865393937 0 1444552 8 0
865802484 0 1440288 40 0
866301542 0 1444864 16 0
867059373 0 1442864 16 0
869844670 0 1444664 8 0
871626866 0 1444608 32 0
871947483 0 1444712 40 0
873752026 0 1444560 16 0
874458876 0 1444752 8 0
875818371 0 1443176 48 0
876623238 0 638976 32 0
892040251 0 639008 224 0
897433242 0 639232 248 0
897486537 0 639480 8 0
897834341 0 82688 8 0
899242317 0 82696 8 0
900796499 0 1450136 8 0
900997604 0 82704 8 0
901193248 0 82712 8 0
901266270 0 1450424 8 0
901699606 0 1450416 8 0
901979895 0 1450488 24 0
902323073 0 1450440 8 0
945201755 0 4260104 8 0
946597059 0 4194568 8 0
946605624 0 4194576 8 0
946611389 0 4194592 8 0
946616376 0 4194600 8 0
946621443 0 4194616 8 0
946625792 0 4194624 8 0
946640408 0 4194584 8 0
946720057 0 4459304 32 0
950876824 0 4459416 136 0
909533321 0 1450448 40 0
909907365 0 1450432 8 0
927993206 0 14592 8 0
931584361 0 84008 8 0
932968514 0 1439624 8 0
934761119 0 1439656 8 0
936518980 0 84456 8 0
937972586 0 1447048 8 0
938516713 0 76392 8 0
940140829 0 76400 8 0
941910972 0 1446184 8 0
942240474 0 1440256 32 0
944543031 0 1446192 16 0
959936994 0 4459336 80 0
960751149 0 69216 8 0
976943191 0 68528 8 0
983737308 0 78656 8 0
987091763 0 68488 8 0
990091238 0 4474240 32 0
1000319433 0 4474272 32 0
1004203695 0 84384 8 0
1005785918 0 1446448 8 0
1006642474 0 84480 8 0
1008549360 0 1450784 16 0
1009070332 0 84360 8 0
1016602816 0 82784 8 0
1016702019 0 76264 8 0
1022047516 0 1439648 8 0
1036515219 0 10752 8 0
1036530126 0 10760 8 0
1036535516 0 10768 8 0
1036540053 0 10776 8 0
1036544686 0 10784 8 0
1036549105 0 10792 8 0
1036553748 0 10800 8 0
1036558117 0 10816 8 0
1036562084 0 10824 8 0
1036565699 0 10832 8 0
1036569477 0 10840 8 0
1036573226 0 10848 8 0
1036578527 0 10856 8 0
1036582536 0 10864 8 0
1036586858 0 10872 8 0
1036590758 0 10880 8 0
1036594814 0 10888 8 0
1036598599 0 10896 8 0
1036602684 0 10904 8 0
1036606442 0 10912 8 0
1036610333 0 10920 8 0
1036614170 0 10928 8 0
1036617852 0 10936 8 0
1036621621 0 10944 8 0
1036625305 0 10952 8 0
1036628821 0 10960 8 0
1036633442 0 10968 8 0
1036637371 0 10976 8 0
1036641519 0 10984 8 0
1036645998 0 10992 8 0
1036650056 0 11000 8 0
1036653950 0 11008 8 0
1036657282 0 10808 8 0
1036669738 0 83848 8 0
1038601268 0 1438496 8 0
1041399256 0 2208 8 0
1041431579 0 2056 8 0
1041705507 0 11520 8 0
1041715575 0 11528 8 0
1041720284 0 11536 8 0
1041724219 0 11544 8 0
1041728033 0 11552 8 0
1041731951 0 11560 8 0
1041735546 0 11568 8 0
1041739320 0 11576 8 0
1041744070 0 11584 8 0
1041747790 0 11592 8 0
1041751794 0 11600 8 0
1041755699 0 11608 8 0
1041759493 0 11616 8 0
1041763496 0 11624 8 0
1041767212 0 11632 8 0
1041770791 0 11640 8 0
1041774424 0 11648 8 0
1041778236 0 11656 8 0
1041782173 0 11672 8 0
1041787982 0 11680 8 0
1041791802 0 11688 8 0
1041795451 0 11696 8 0
1041801084 0 11704 8 0
1041805222 0 11712 8 0
1041809353 0 11720 8 0
1041813654 0 11728 8 0
1041817801 0 11736 8 0
1041821696 0 11744 8 0
1041825470 0 11752 8 0
1041829420 0 11760 8 0
1041835799 0 11768 8 0
1041842251 0 11776 8 0
1041847298 0 11664 8 0
1041969809 0 1439040 8 0
1054987163 0 83888 8 0
1059827000 0 1438920 8 0
1062025988 0 11016 8 0
1062038652 0 11024 8 0
1062043917 0 11032 8 0
1062048254 0 11040 8 0
1062055983 0 11048 8 0
1062061592 0 11056 8 0
1062066793 0 11064 8 0
1062071047 0 11072 8 0
1062074900 0 11080 8 0
1062078633 0 11088 8 0
1062082763 0 11096 8 0
1062086754 0 11104 8 0
1062091127 0 11112 8 0
1062094985 0 11120 8 0
1062098946 0 11128 8 0
1062102746 0 11136 8 0
1062106986 0 11144 8 0
1062110807 0 11152 8 0
1062114685 0 11160 8 0
1062119027 0 11168 8 0
1062122889 0 11176 8 0
1062126764 0 11184 8 0
1062131004 0 11200 8 0
1062134772 0 11208 8 0
1062138692 0 11216 8 0
1062142742 0 11224 8 0
1062146631 0 11232 8 0
1062165298 0 11240 8 0
1062173814 0 11248 8 0
1062180756 0 11256 8 0
1062187677 0 11264 8 0
1062193619 0 11192 8 0
1062341019 0 1438984 8 0
1075684731 0 1439016 8 0
1085820097 0 1439000 8 0
1090058821 0 1438512 8 0
1093230684 0 1441968 16 0
1093780311 0 1439008 8 0
1098759522 0 1438960 8 0
1102403858 0 1439024 8 0
1105391485 0 1439032 8 0
1106132861 0 1438992 8 0
1109705584 0 1438976 8 0
1113657709 0 1438968 8 0
1119439736 0 1438944 16 0
1126728522 0 1438864 16 0
1139603145 0 84392 8 0
1145952799 0 84400 8 0
1147989926 0 1446496 8 0
1148329010 0 1446504 24 0
1148637666 0 1446560 8 0
1148961683 0 1440696 8 0
1149519856 0 84440 8 0
1158112144 0 84448 8 0
1164599497 0 1446840 8 0
1164970331 0 1446848 16 0
1165179978 0 84408 8 0
1165398308 0 84416 8 0
1165422700 0 1446600 8 0
1165614233 0 84424 8 0
1165754739 0 84432 8 0
1166759365 0 1446688 8 0
1167126317 0 1446720 8 0
1167448800 0 1446704 16 0
1167738517 0 1446696 8 0
1168195434 0 1446736 8 0
1168463182 0 1446728 8 0
1168675479 0 77376 8 0
1170981418 0 77384 8 0
1173035652 0 1443736 40 0
1173714439 0 729560 32 0
1173808589 0 729728 248 0
1173816036 0 729976 8 0
1184607669 0 729592 136 0
1190149096 0 1443776 8 0
1191584607 0 1446896 16 0
1192095207 0 1446888 8 0
1192367572 0 1446872 8 0
1192653409 0 1446880 8 0
1192952616 0 1446864 8 0
1193321643 0 1446912 8 0
1193789895 0 1446536 8 0
1194379587 0 1438880 16 0
1196430547 0 1438560 160 0
1218752709 0 83880 8 0
1223801484 0 1438896 8 0
1224426012 0 84464 8 0
1224602420 0 84472 8 0
1224656869 0 1450520 8 0
1225007580 0 1450528 8 0
1225382819 0 1450560 24 0
1225950304 0 1450536 8 0
1226219647 0 1450632 8 0
1226706404 0 1450592 40 0
1227077509 0 76440 8 0
1227267265 0 76480 8 0
1229734963 0 1445152 24 0
1230207362 0 1445504 24 0
1230537320 0 1445176 8 0
1230910491 0 724224 32 0
1230990399 0 724256 224 0
1231107150 0 724480 72 0
1232259349 0 1445528 24 0
1233150124 0 1450544 16 0
1233476371 0 1450640 8 0
1233967959 0 1450584 8 0
1234451304 0 1438904 8 0
1235379106 0 1438912 8 0
1240510305 0 1438928 16 0
1244135076 0 68512 8 0
1246068499 0 517160 56 0
1264362679 0 1438528 32 0
1270686371 0 1440112 136 0
1271729300 0 1443232 32 0
1273993617 0 1441152 32 0
1275520323 0 547192 24 0
1277411438 0 702592 16 0
1284732439 0 84368 8 0
1286685993 0 84376 8 0
1288591455 0 1446288 8 0
1289111393 0 1446296 48 0
1289719708 0 1446352 16 0
1290523741 0 1446368 16 0
1291183407 0 1438720 16 0
1292884517 0 641240 32 0
1292971186 0 641272 136 0
1293083573 0 4593904 32 0
1293156386 0 4594352 136 0
1293234109 0 4593936 224 0
1293321141 0 4598848 32 0
1298877267 0 4599048 136 0
1310851983 0 4598880 168 0
1313886150 0 4594160 192 0
1314928247 0 68368 8 0
1334651794 0 4260360 8 0
1345898921 0 4260392 8 0
1350403227 0 4486128 8 0
1352224800 0 265024 8 0
1354989740 0 69192 8 0
1359021251 0 83872 8 0
1360840969 0 1438792 8 0
1361446616 0 1438816 32 0
1450890244 0 1438800 8 0
1587959831 0 1438808 8 0
1621213559 0 1438848 16 0
1877182541 0 442880 120 0
1911381660 0 2064 8 0
1911427930 0 264656 8 1
1911465914 0 265528 8 1
1911495624 0 453328 8 1
1911516284 0 2096 8 0
1911538739 0 1452376 8 1
1911562510 0 1452384 8 1
1911578277 0 1452392 8 1
1911592071 0 1452400 8 1
1911604941 0 1452408 8 1
1911617927 0 1452416 8 1
1911629658 0 1452424 8 1
1911641681 0 1452432 8 1
1911653138 0 1452440 8 1
1911665624 0 1452448 8 1
1911677881 0 1452456 8 1
1911692129 0 1452464 16 1
1911708046 0 1452480 8 1
1911730587 0 1452496 16 1
1911754988 0 1452512 120 1
1911800912 0 1452488 8 1
1911820023 0 1452632 8 1
1911833420 0 1452640 8 1
1911848336 0 1452648 24 1
1911867329 0 1452672 24 1
1911886710 0 1452696 24 1
1911907798 0 1452720 24 1
1911926292 0 1452752 16 1
1911942508 0 1452744 8 1
1911958646 0 1452768 8 1
1911976690 0 3932160 8 1
1911994216 0 3932168 8 1
1912068722 0 3932176 8 1
1912069218 0 3932184 8 1
1912069504 0 3932192 8 1
1912069919 0 3932200 8 1
1912070365 0 3932208 8 1
1912070768 0 3932216 8 1
1912071178 0 3932224 8 1
1912071597 0 3932232 8 1
1912071943 0 3932240 8 1
1912072335 0 3932248 8 1
1912072724 0 3932256 8 1
1912073274 0 3932264 8 1
1912073733 0 3932272 8 1
1912074234 0 3932280 8 1
1912074538 0 3932288 8 1
1912074882 0 3932296 8 1
1912075267 0 3932304 8 1
1912075832 0 3932312 8 1
1912076252 0 3932320 8 1
1912076676 0 3932328 8 1
1912077126 0 3932336 8 1
1912077854 0 3932344 8 1
1912078463 0 3932352 8 1
1912079145 0 3932360 8 1
1912079578 0 3932368 8 1
1912079998 0 3932376 8 1
1912080476 0 3932384 8 1
1912080821 0 3932392 8 1
1912081066 0 3932400 8 1
1912081315 0 3932408 8 1
1912081928 0 3932416 8 1
1912082325 0 3932424 8 1
1912082668 0 3932432 8 1
1912083007 0 3932440 8 1
1912083359 0 3932448 8 1
1912083909 0 3932456 8 1
1912084347 0 3932464 8 1
1912084933 0 3932472 8 1
1912085362 0 3932480 8 1
1912085929 0 3932488 8 1
1912086338 0 3932496 8 1
1912086685 0 3932504 8 1
1912087035 0 3932512 8 1
1912087870 0 3932520 8 1
1912089035 0 3932528 8 1
1912089547 0 3932536 8 1
1912089963 0 3932544 8 1
1912090344 0 3932552 8 1
1912090684 0 3932560 8 1
1912090958 0 3932568 8 1
1912091476 0 3932576 8 1
1912091962 0 3932584 8 1
1912092530 0 3932592 8 1
1912093041 0 3932600 8 1
1912093449 0 3932608 8 1
1912093794 0 3932616 8 1
1912094185 0 3932624 8 1
1912094428 0 3932632 8 1
1912094670 0 3932640 8 1
1912095031 0 3932648 8 1
1912096042 0 3932656 8 1
1912096336 0 3932664 8 1
1912096683 0 3932672 8 1
1912097030 0 3932680 8 1
1912097519 0 3932688 8 1
1912097970 0 3932696 8 1
1912098303 0 3932704 8 1
1912098744 0 3932712 8 1
1912099186 0 3932720 8 1
1912099518 0 3932728 8 1
1912099846 0 3932736 8 1
1912100172 0 3932744 8 1
1912100504 0 3932752 8 1
1912100837 0 3932760 8 1
1912101080 0 3932768 8 1
1912101412 0 3932776 8 1
1912102047 0 3932784 8 1
1912102579 0 3932792 8 1
1912103085 0 3932800 8 1
1912103711 0 3932808 8 1
1912104221 0 3932816 8 1
1912104626 0 3932824 8 1
1912104972 0 3932832 8 1
1912105913 0 3932840 8 1
1912106398 0 3932848 8 1
1912106826 0 3932856 8 1
1912107165 0 3932864 8 1
1912107511 0 3932872 8 1
1912107868 0 3932880 8 1
1912108117 0 3932888 8 1
1912108445 0 3932896 8 1
1912108764 0 3932904 8 1
1912109007 0 3932912 8 1
1912109383 0 3932920 8 1
1912109626 0 3932928 8 1
1912109865 0 3932936 8 1
1912110114 0 3932944 8 1
1912110612 0 3932952 8 1
1912111027 0 3932960 8 1
1912422547 0 3932968 8 1
1922851636 0 0 8 1
1922860800 0 8 8 1
1922866747 0 2056 8 1
1922871815 0 2064 8 1
1922876105 0 2096 8 1
1922880250 0 2208 8 1
1922884817 0 2312 8 1
1922889311 0 2352 8 1
1922894038 0 2376 8 1
1922898491 0 2384 8 1
1922916999 0 2408 8 1
1922924173 0 2472 8 1
1922929358 0 2664 8 1
1922934306 0 2672 8 1
1922942255 0 2824 8 1
1922947549 0 2880 8 1
1922952120 0 6056 8 1
1922957089 0 6080 8 1
1922961822 0 6368 8 1
1922966674 0 6408 8 1
1922971079 0 6536 8 1
1922975354 0 6568 8 1
1922979666 0 6584 8 1
1922984230 0 6688 8 1
1922988965 0 6704 8 1
1922993546 0 6840 8 1
1922997960 0 6848 8 1
1923002327 0 6856 8 1
1923008122 0 6864 8 1
1923012489 0 6872 8 1
1923017587 0 6880 8 1
1923022248 0 6968 8 1
1923026670 0 6984 8 1
1923031250 0 7144 8 1
1923035839 0 7152 8 1
1923039972 0 9328 8 1
1923044829 0 9344 8 1
1923049214 0 9360 8 1
1923054012 0 9368 8 1
1923059432 0 10808 8 1
1923064289 0 10824 8 1
1923068772 0 10888 8 1
1923073873 0 10896 8 1
1923078277 0 10912 8 1
1923082986 0 11192 8 1
1923087658 0 11656 8 1
1923092284 0 11664 8 1
1923096654 0 14592 8 1
1923101265 0 14600 8 1
1923106087 0 14624 8 1
1923111720 0 14632 8 1
1923116575 0 14640 8 1
1923121448 0 14648 8 1
1923125997 0 14656 8 1
1923130299 0 14664 8 1
1923134721 0 14672 8 1
1923139539 0 14688 8 1
1923143789 0 14696 8 1
1923148017 0 14704 8 1
1923152241 0 14712 8 1
1923156465 0 14720 8 1
1923160743 0 14728 8 1
1923164925 0 14736 8 1
1923169282 0 14744 8 1
1923173230 0 14752 8 1
1923177117 0 14760 8 1
1923181424 0 14840 8 1
1923186224 0 14848 8 1
1923191147 0 14872 8 1
1923195383 0 14880 8 1
1923201502 0 14888 8 1
1923206312 0 14896 8 1
1923210891 0 14904 8 1
1923215385 0 67848 8 1
1923219985 0 68464 8 1
1923225018 0 68512 8 1
1923230047 0 77368 8 1
1923234746 0 83848 8 1
1923239360 0 83872 8 1
1923243631 0 83880 8 1
1923248704 0 83888 8 1
1923253692 0 84504 8 1
1923258354 0 84512 8 1
1923262478 0 84520 8 1
1923268569 0 84528 8 1
1923272974 0 4194304 8 1
1923278043 0 4194432 8 1
1923282473 0 4194560 8 1
1923287308 0 4194584 8 1
1923291669 0 4194600 8 1
1923296251 0 4194776 8 1
1923301035 0 4194832 8 1
1923305652 0 4194840 8 1
1923310298 0 4194848 8 1
1923314913 0 4194856 8 1
1923319166 0 4194872 8 1
1923323703 0 4194880 8 1
1923328337 0 4194888 8 1
1951297711 0 3932160 8 1
1952266277 0 3932160 8 1
1955964423 0 0 8 1
