0 0 6416 8 0
66097 0 6424 8 0
67911 0 6432 8 0
69265 0 6440 8 0
70367 0 6448 8 0
71622 0 6456 8 0
72790 0 6464 8 0
73907 0 6472 8 0
74874 0 6480 8 0
76057 0 6488 8 0
77044 0 6496 8 0
78089 0 6504 8 0
80262 0 6512 8 0
81454 0 6520 8 0
82676 0 6528 8 0
83633 0 6536 8 0
84584 0 6544 8 0
85738 0 6552 8 0
86689 0 6560 8 0
87828 0 6568 8 0
88675 0 6576 8 0
89692 0 6584 8 0
91261 0 6592 8 0
92767 0 6600 8 0
93713 0 6608 8 0
94724 0 6616 8 0
97520 0 6624 8 0
99233 0 6632 8 0
100135 0 6640 8 0
101197 0 6648 8 0
102548 0 6656 8 0
103920 0 6664 8 0
104275 0 6408 8 0
8630298 0 4194432 8 0
13352357 0 4194568 8 0
13359768 0 4194576 8 0
13360984 0 4194584 8 0
13362320 0 4194592 8 0
13364012 0 4194600 8 0
13365241 0 4194608 8 0
13366273 0 4194616 8 0
13367529 0 4194624 8 0
13369006 0 4194632 8 0
13369960 0 4194640 8 0
13371014 0 4194648 8 0
13372126 0 4194656 8 0
13373206 0 4194664 8 0
13374254 0 4194672 8 0
13375697 0 4194680 8 0
13377960 0 4194688 8 0
13381777 0 4194696 8 0
13383375 0 4194704 8 0
13384466 0 4194712 8 0
13385528 0 4194720 8 0
13386785 0 4194728 8 0
13387845 0 4194736 8 0
13388810 0 4194744 8 0
13389870 0 4194752 8 0
13390895 0 4194760 8 0
13392088 0 4194768 8 0
13392980 0 4194776 8 0
13393993 0 4194784 8 0
13394959 0 4194792 8 0
13396803 0 4194800 8 0
13397678 0 4194808 8 0
13398845 0 4194816 8 0
13399180 0 4194560 8 0
27072355 0 4194304 8 0
28686187 0 67912 8 0
28807330 0 15360 8 0
28817209 0 15368 8 0
28818607 0 15376 8 0
28819579 0 15384 8 0
28821694 0 15392 8 0
28822932 0 15400 8 0
28863342 0 15408 8 0
28866140 0 15416 8 0
28867578 0 15424 8 0
28868923 0 15432 8 0
28870335 0 15440 8 0
28871572 0 15448 8 0
28873104 0 15456 8 0
28874256 0 15464 8 0
28876347 0 15472 8 0
28877497 0 15480 8 0
28878793 0 15488 8 0
28879913 0 15496 8 0
28883142 0 15504 8 0
28884226 0 15512 8 0
28885317 0 15520 8 0
28887005 0 15528 8 0
28888083 0 15536 8 0
28889553 0 15544 8 0
28890501 0 15552 8 0
28891606 0 15560 8 0
28892553 0 15568 8 0
28893503 0 15576 8 0
28895070 0 15584 8 0
28896171 0 15592 8 0
28904473 0 15600 8 0
28905444 0 15608 8 0
1266874889709425152 0 67848 8 0
35415413 0 4198400 8 0
35421253 0 4198408 8 0
35422569 0 4198416 8 0
35424296 0 4198424 8 0
35425435 0 4198432 8 0
35426453 0 4198440 8 0
35427442 0 4198448 8 0
35428502 0 4198456 8 0
35429460 0 4198464 8 0
35430547 0 4198472 8 0
35431565 0 4198480 8 0
35432626 0 4198488 8 0
35433739 0 4198496 8 0
35436093 0 4198504 8 0
35437185 0 4198512 8 0
35438731 0 4198520 8 0
35439924 0 4198528 8 0
35441000 0 4198536 8 0
35442223 0 4198544 8 0
35443455 0 4198552 8 0
35444566 0 4198560 8 0
35445962 0 4198568 8 0
35447101 0 4198576 8 0
35448531 0 4198584 8 0
35449845 0 4198592 8 0
35451067 0 4198600 8 0
35452243 0 4198608 8 0
35454330 0 4198616 8 0
35455895 0 4198624 8 0
35456963 0 4198632 8 0
67023496 0 703416 8 0
68415404 0 703208 8 0
69768126 0 68520 8 0
70965995 0 2816 8 0
70972636 0 2824 8 0
70973958 0 2832 8 0
70975268 0 2840 8 0
70976645 0 2848 8 0
70980132 0 2856 8 0
70981361 0 2864 8 0
70982583 0 2872 8 0
70985035 0 2888 8 0
70986306 0 2896 8 0
70987528 0 2904 8 0
70988878 0 2912 8 0
70990088 0 2920 8 0
70991408 0 2928 8 0
70992438 0 2936 8 0
70993604 0 2944 8 0
70994464 0 2952 8 0
70995684 0 2960 8 0
70996877 0 2968 8 0
70998717 0 2976 8 0
70999816 0 2984 8 0
71001378 0 2992 8 0
71003090 0 3000 8 0
71004729 0 3008 8 0
71006183 0 3016 8 0
71007483 0 3024 8 0
71008966 0 3032 8 0
71010505 0 3040 8 0
71012084 0 3048 8 0
71013565 0 3056 8 0
71014872 0 3064 8 0
71016572 0 3072 8 0
71017274 0 2880 8 0
71292350 0 69136 8 0
78509825 0 69184 8 0
82688221 0 69144 8 0
83809845 0 14336 8 0
83817426 0 14344 8 0
83818794 0 14352 8 0
83820068 0 14360 8 0
83821160 0 14368 8 0
83822754 0 14376 8 0
83826668 0 14384 8 0
83827939 0 14392 8 0
83829100 0 14400 8 0
83830205 0 14408 8 0
83831247 0 14416 8 0
83832367 0 14424 8 0
83833595 0 14432 8 0
83834800 0 14440 8 0
83836147 0 14448 8 0
83837344 0 14456 8 0
83838296 0 14464 8 0
83839559 0 14472 8 0
83840660 0 14480 8 0
83841702 0 14488 8 0
83843301 0 14496 8 0
83844278 0 14504 8 0
83845319 0 14512 8 0
83846619 0 14520 8 0
83847548 0 14528 8 0
83848607 0 14536 8 0
83849608 0 14544 8 0
83850553 0 14552 8 0
83851694 0 14560 8 0
83852862 0 14576 8 0
83853816 0 14584 8 0
83854921 0 14592 8 0
83855347 0 14568 8 0
91681439 0 1425408 32 0
94889575 0 68424 8 0
96287774 0 4260120 8 0
97595032 0 4194832 8 0
97606945 0 4194840 8 0
97615302 0 4194848 8 0
97622902 0 4194856 8 0
97629515 0 4194864 8 0
97635928 0 4194872 8 0
97642734 0 4194880 8 0
97649438 0 4194888 8 0
97656815 0 4194896 8 0
97663697 0 4194904 8 0
97672598 0 4194912 8 0
97680704 0 4194920 8 0
97691317 0 4194928 8 0
97698607 0 4194936 8 0
97705827 0 4194944 8 0
97713077 0 4194952 8 0
97719901 0 4194960 8 0
97727367 0 4194968 8 0
97734913 0 4194976 8 0
97742315 0 4194984 8 0
97748923 0 4194992 8 0
97756281 0 4195000 8 0
97762720 0 4195008 8 0
97768957 0 4195016 8 0
97776673 0 4195024 8 0
97783927 0 4195032 8 0
97791554 0 4195040 8 0
97799677 0 4195048 8 0
97806738 0 4195056 8 0
97813107 0 4195064 8 0
97819511 0 4195072 8 0
97825437 0 4194824 8 0
97840633 0 4260496 8 0
99152862 0 4513344 32 0
102639015 0 1452104 248 0
102674609 0 1452352 8 0
111690881 0 4513480 144 0
119590094 0 4513376 104 0
119831206 0 1451912 192 0
132886006 0 1426984 248 0
132918734 0 1427232 8 0
143902171 0 703296 64 0
157527022 0 4594688 32 0
164703886 0 4594720 32 0
167478803 0 4514272 32 0
167570658 0 2576 8 0
167580427 0 2584 8 0
167584727 0 2592 8 0
167588947 0 2600 8 0
167592922 0 2608 8 0
167597117 0 2616 8 0
167601352 0 2624 8 0
167605709 0 2632 8 0
167610210 0 2648 8 0
167614108 0 2656 8 0
167618057 0 2664 8 0
167622939 0 2672 8 0
167627280 0 2680 8 0
167631199 0 2688 8 0
167635385 0 2696 8 0
167639439 0 2704 8 0
167643510 0 2712 8 0
167647521 0 2720 8 0
167651375 0 2728 8 0
167655242 0 2736 8 0
167659003 0 2744 8 0
167662890 0 2752 8 0
167666786 0 2760 8 0
167670624 0 2768 8 0
167676112 0 2776 8 0
167680630 0 2784 8 0
167684447 0 2792 8 0
167688838 0 2800 8 0
167692719 0 2808 8 0
167696737 0 2640 8 0
167705585 0 68552 8 0
170890827 0 68832 8 0
172286411 0 79480 8 0
174091976 0 327680 32 0
181105843 0 329512 144 0
188786546 0 328088 248 0
188821840 0 328336 8 0
202080385 0 4589472 32 0
208817052 0 4591392 136 0
224968518 0 4589504 224 0
230353102 0 4520176 32 0
238398661 0 4520216 136 0
245201028 0 4520208 8 0
245268945 0 4593632 32 0
250629895 0 4593696 208 0
261192272 0 4593664 32 0
261577693 0 4514816 32 0
261619288 0 4518048 152 0
286007591 0 4514864 248 0
286051741 0 4515112 8 0
286082400 0 1430256 248 0
286116077 0 1430504 8 0
298574712 0 4515120 248 0
298619271 0 4515368 8 0
298646170 0 1425440 224 0
308988200 0 1425664 208 0
309036225 0 1426584 248 0
309068491 0 1426832 8 0
309090211 0 1428064 248 0
309130589 0 1428312 8 0
309156140 0 327712 248 0
309236949 0 327960 8 0
309245878 0 4514848 16 0
309265617 0 4589728 248 0
309266844 0 4589976 8 0
312459386 0 1426360 224 0
312523617 0 1427496 248 0
312734132 0 1427744 8 0
312767441 0 1425872 144 0
312810194 0 1426160 200 0
312857918 0 1426840 144 0
312894908 0 1429616 248 0
312899018 0 1429864 8 0
321909834 0 4515752 248 0
321967446 0 4516000 8 0
329057671 0 4516032 248 0
329092877 0 4516280 8 0
329117714 0 4517504 248 0
329158132 0 4517752 8 0
339248091 0 4516952 248 0
339281547 0 4517200 8 0
339394488 0 327968 120 0
339503313 0 328344 248 0
339546589 0 328592 8 0
339652373 0 1426016 144 0
340603465 0 328600 248 0
340942143 0 328848 8 0
341021302 0 1428688 248 0
341071101 0 1428936 8 0
341191028 0 1427296 200 0
341312233 0 4516464 248 0
341409269 0 4516712 8 0
341431267 0 4516720 160 0
341696895 0 329000 248 0
341739473 0 329248 8 0
341773248 0 329256 144 0
341826365 0 1444560 248 0
341858613 0 1444808 8 0
397133419 0 1431512 248 0
397184572 0 1431760 8 0
397230103 0 1444816 232 0
397299611 0 1433584 248 0
397346442 0 1433832 8 0
397431379 0 1443416 248 0
397504489 0 1443664 8 0
407326593 0 1448768 248 0
407395995 0 1449016 8 0
415746667 0 1444352 208 0
415837517 0 1427752 128 0
415961645 0 4517208 144 0
416022738 0 1428944 160 0
416185219 0 1433840 216 0
416247863 0 1436792 248 0
416293774 0 1437040 8 0
416337768 0 1434056 144 0
416394690 0 1437128 248 0
416441866 0 1437376 8 0
416467216 0 1444192 160 0
416514934 0 1428488 200 0
416591131 0 4517352 128 0
416668962 0 4516880 72 0
416790437 0 1427896 168 0
416901337 0 1441872 248 0
416906467 0 1442120 8 0
427634917 0 1439040 248 0
427643620 0 1439288 8 0
427868751 0 1441280 248 0
427874227 0 1441528 8 0
437247833 0 1434656 248 0
437258353 0 1434904 8 0
437349910 0 1442208 248 0
437359390 0 1442456 8 0
437446811 0 4516288 136 0
437553590 0 1443976 216 0
437821295 0 1432424 248 0
437825467 0 1432672 8 0
437922641 0 1431848 248 0
437927812 0 1432096 8 0
438237025 0 1445128 248 0
438242749 0 1445376 8 0
438779777 0 1430072 184 0
438901364 0 1429160 248 0
438906632 0 1429408 8 0
438990917 0 4517480 24 0
439018722 0 1432104 200 0
439289452 0 1445048 80 0
439350256 0 1432680 144 0
439423024 0 1433368 216 0
439573559 0 1442856 248 0
439578076 0 1443104 8 0
439655279 0 1434200 152 0
439738088 0 1446536 248 0
439744915 0 1446784 8 0
446307827 0 1442128 80 0
446492808 0 1436488 248 0
446499921 0 1436736 8 0
446695165 0 1439368 248 0
446705671 0 1439616 8 0
446869847 0 1445552 248 0
446876845 0 1445800 8 0
447023817 0 1434352 168 0
447100958 0 1429104 56 0
447211714 0 4515600 152 0
447287080 0 4515376 128 0
447412531 0 1445896 248 0
447419302 0 1446144 8 0
447501654 0 1439296 72 0
447524478 0 1437848 248 0
447525027 0 1438096 8 0
447634343 0 1437560 248 0
447643993 0 1437808 8 0
447786815 0 1437384 176 0
447879753 0 1434520 136 0
448003009 0 1436096 248 0
448011553 0 1436344 8 0
448174482 0 1441568 248 0
448183868 0 1441816 8 0
448279026 0 1446168 248 0
448283159 0 1446416 8 0
448397575 0 1437048 80 0
448477331 0 1440536 248 0
448477903 0 1440784 8 0
451246879 0 1439624 152 0
458049355 0 328856 144 0
458262676 0 1438104 248 0
458273255 0 1438352 8 0
458357416 0 1436352 136 0
458547425 0 1436744 48 0
458740316 0 1439840 248 0
458749153 0 1440088 8 0
458892267 0 1439776 64 0
458972041 0 1448152 248 0
458976772 0 1448400 8 0
484016707 0 1446152 16 0
484076813 0 1446792 136 0
484197946 0 1445808 88 0
484297086 0 1446424 112 0
484506690 0 1440096 200 0
484641322 0 1442496 248 0
484647626 0 1442744 8 0
484794107 0 1438472 248 0
484830468 0 1438720 8 0
485007948 0 1438360 112 0
485197550 0 1438728 56 0
485268565 0 1438856 184 0
485543861 0 1446928 248 0
485553942 0 1447176 8 0
485602399 0 1442752 104 0
485736587 0 1443112 248 0
485742869 0 1443360 8 0
488919887 0 1443368 48 0
489139047 0 1441824 48 0
495295873 0 4517760 248 0
495305672 0 4518008 8 0
495730231 0 1449024 200 0
495911507 0 1440392 144 0
495974799 0 1440296 96 0
496086527 0 1441536 32 0
496889474 0 1442464 32 0
497067351 0 1441072 208 0
497209667 0 1440936 136 0
499298608 0 1438784 72 0
500487091 0 1449224 248 0
500506036 0 1449472 8 0
501684582 0 1440792 128 0
502004032 0 1440920 16 0
505389696 0 1449480 248 0
505407022 0 1449728 8 0
518203149 0 1449736 248 0
518216009 0 1449984 8 0
530794083 0 1443672 232 0
532106313 0 1447984 168 0
532267524 0 1447840 144 0
532437140 0 1447704 136 0
532557595 0 1447568 136 0
533268537 0 1447416 152 0
533396603 0 1447280 136 0
533528012 0 1447184 96 0
577461413 0 1443904 72 0
608801311 0 265272 8 0
622334205 0 1429416 144 0
966975955 0 265168 8 0
1034664568 0 3932160 8 1
1034692863 0 3932168 8 1
1034714431 0 3932176 8 1
1034715070 0 3932184 8 1
1034715338 0 3932192 8 1
1034715752 0 3932200 8 1
1034716110 0 3932208 8 1
1034716567 0 3932216 8 1
1034716900 0 3932224 8 1
1034717340 0 3932232 8 1
1034717692 0 3932240 8 1
1034718045 0 3932248 8 1
1034718423 0 3932256 8 1
1034718850 0 3932264 8 1
1034719293 0 3932272 8 1
1034719900 0 3932280 8 1
1034720292 0 3932288 8 1
1034720877 0 3932296 8 1
1034721709 0 3932304 8 1
1034722115 0 3932312 8 1
1034722457 0 3932320 8 1
1034722792 0 3932328 8 1
1034723040 0 3932336 8 1
1034723367 0 3932344 8 1
1034794269 0 3932352 8 1
1036902615 0 0 8 1
1036910556 0 8 8 1
1036915164 0 2312 8 1
1036919903 0 2352 8 1
1036924510 0 2384 8 1
1036928869 0 2392 8 1
1036933353 0 2408 8 1
1036937422 0 2472 8 1
1036941922 0 2840 8 1
1036946608 0 14568 8 1
1036951805 0 67848 8 1
1036956809 0 4194304 8 1
1036961591 0 4194432 8 1
1036966006 0 4194560 8 1
1036972813 0 4194832 8 1
1036977480 0 4194840 8 1
1036981871 0 4194848 8 1
1036986930 0 4194856 8 1
1036991237 0 4194872 8 1
1036995559 0 4198632 8 1
1037000286 0 4260096 8 1
1042668726 0 3932160 8 1
1044960802 0 3932160 8 1
1045744889 0 0 8 1
