0 0 67848 8 0
79935 0 6416 8 0
84792 0 6424 8 0
86032 0 6432 8 0
87048 0 6440 8 0
88249 0 6448 8 0
115478 0 6456 8 0
119014 0 6464 8 0
120080 0 6472 8 0
121247 0 6480 8 0
122334 0 6488 8 0
123473 0 6496 8 0
124394 0 6504 8 0
125377 0 6512 8 0
126547 0 6520 8 0
127816 0 6528 8 0
128811 0 6536 8 0
130029 0 6544 8 0
131233 0 6552 8 0
132356 0 6560 8 0
133467 0 6568 8 0
135403 0 6576 8 0
136926 0 6584 8 0
137919 0 6592 8 0
138784 0 6600 8 0
140077 0 6608 8 0
141240 0 6616 8 0
142281 0 6624 8 0
143575 0 6632 8 0
144734 0 6640 8 0
145796 0 6648 8 0
147019 0 6656 8 0
147937 0 6664 8 0
148352 0 6408 8 0
8981136 0 4194432 8 0
12943662 0 4194568 8 0
12983902 0 4194576 8 0
12985280 0 4194584 8 0
12986493 0 4194592 8 0
12987616 0 4194600 8 0
12988686 0 4194608 8 0
12989793 0 4194616 8 0
12991043 0 4194624 8 0
12992071 0 4194632 8 0
12992977 0 4194640 8 0
12994137 0 4194648 8 0
12995220 0 4194656 8 0
12997628 0 4194664 8 0
12998728 0 4194672 8 0
12999801 0 4194680 8 0
13000830 0 4194688 8 0
13001920 0 4194696 8 0
13002899 0 4194704 8 0
13004094 0 4194712 8 0
13005373 0 4194720 8 0
13006491 0 4194728 8 0
13007575 0 4194736 8 0
13008706 0 4194744 8 0
13009849 0 4194752 8 0
13011143 0 4194760 8 0
13012375 0 4194768 8 0
13014238 0 4194776 8 0
13015380 0 4194784 8 0
13016472 0 4194792 8 0
13017472 0 4194800 8 0
13018807 0 4194808 8 0
13020797 0 4194816 8 0
13021249 0 4194560 8 0
25715648 0 4194304 8 0
27101748 0 67912 8 0
27274483 0 10240 8 0
27324160 0 10248 8 0
27326748 0 10256 8 0
27328690 0 10264 8 0
27343111 0 10272 8 0
27344929 0 10280 8 0
27347737 0 10288 8 0
27348901 0 10296 8 0
27350156 0 10304 8 0
27351154 0 10312 8 0
27352344 0 10320 8 0
27352986 0 10328 8 0
32144726 0 4197632 8 0
32227743 0 4197640 8 0
32229828 0 4197648 8 0
32231311 0 4197656 8 0
32232761 0 4197664 8 0
32239681 0 4197672 8 0
32241629 0 4197680 8 0
32243528 0 4197688 8 0
32244614 0 4197696 8 0
58833843 0 779560 8 0
60368746 0 779128 8 0
61704984 0 68520 8 0
62988239 0 2816 8 0
62995525 0 2824 8 0
63047092 0 2832 8 0
63052926 0 2840 8 0
63057486 0 2848 8 0
63061937 0 2856 8 0
63067442 0 2864 8 0
63071971 0 2872 8 0
63090219 0 2888 8 0
63095526 0 2896 8 0
63100090 0 2904 8 0
63104782 0 2912 8 0
63109433 0 2920 8 0
63113728 0 2928 8 0
63117807 0 2936 8 0
63122025 0 2944 8 0
63126080 0 2952 8 0
63130502 0 2960 8 0
63134762 0 2968 8 0
63139130 0 2976 8 0
63144750 0 2984 8 0
63149603 0 2992 8 0
63154079 0 3000 8 0
63158434 0 3008 8 0
63468705 0 3016 8 0
63476592 0 3024 8 0
63481123 0 3032 8 0
63485315 0 3040 8 0
63490167 0 3048 8 0
63494608 0 3056 8 0
63501891 0 3064 8 0
63506608 0 3072 8 0
63510090 0 2880 8 0
63520213 0 69136 8 0
70967493 0 69184 8 0
80016211 0 69144 8 0
82358708 0 69216 8 0
84020692 0 68528 8 0
85406653 0 75776 8 0
86720497 0 68488 8 0
87999194 0 4260104 8 0
89365366 0 4459304 32 0
92787288 0 68424 8 0
94151838 0 4260120 8 0
95939659 0 4194832 8 0
95947684 0 4194840 8 0
95948999 0 4194848 8 0
95950137 0 4194856 8 0
95951307 0 4194864 8 0
95952268 0 4194872 8 0
95954908 0 4194880 8 0
95956232 0 4194888 8 0
95957525 0 4194896 8 0
95988004 0 4194904 8 0
95996936 0 4194912 8 0
95998205 0 4194920 8 0
95999325 0 4194928 8 0
96000484 0 4194936 8 0
96001612 0 4194944 8 0
96002730 0 4194952 8 0
96004032 0 4194960 8 0
96005179 0 4194968 8 0
96006447 0 4194976 8 0
96007915 0 4194984 8 0
96010527 0 4194992 8 0
96011813 0 4195000 8 0
96013498 0 4195008 8 0
96027992 0 4195016 8 0
96031980 0 4195024 8 0
96033114 0 4195032 8 0
96034214 0 4195040 8 0
96035338 0 4195048 8 0
96036523 0 4195056 8 0
96037726 0 4195064 8 0
96038770 0 4195072 8 0
96039237 0 4194824 8 0
96072400 0 4260496 8 0
98743160 0 4500752 32 0
102469403 0 4459416 136 0
107266355 0 4500888 144 0
112479224 0 4500784 104 0
112800528 0 779504 48 0
122824201 0 4502152 32 0
122917871 0 4505384 152 0
130062879 0 4502200 248 0
130072261 0 4502448 8 0
130245911 0 4459336 80 0
130309176 0 4502456 248 0
130309893 0 4502704 8 0
130320312 0 4502184 16 0
130770348 0 4503088 248 0
130778533 0 4503336 8 0
141861305 0 4503368 248 0
141870403 0 4503616 8 0
144126250 0 4504840 248 0
144132801 0 4505088 8 0
165349506 0 4504288 248 0
165354528 0 4504536 8 0
165811892 0 4503856 248 0
165821192 0 4504104 8 0
167206010 0 4503624 128 0
167438144 0 4502712 128 0
167593344 0 4504680 160 0
167758670 0 4504544 136 0
167900588 0 8448 8 0
167908012 0 8456 8 0
167910018 0 8464 8 0
167911737 0 8472 8 0
167913440 0 8480 8 0
167915506 0 8488 8 0
167919045 0 8496 8 0
167920872 0 8504 8 0
167922784 0 8512 8 0
167924428 0 8520 8 0
167927305 0 8528 8 0
167928538 0 8536 8 0
167929521 0 8544 8 0
167930504 0 8552 8 0
167931896 0 8560 8 0
167933007 0 8568 8 0
167934226 0 8576 8 0
167935326 0 8584 8 0
167939668 0 8592 8 0
167941471 0 8600 8 0
167943363 0 8608 8 0
167945017 0 8616 8 0
167946560 0 8624 8 0
167947949 0 8632 8 0
167949197 0 8640 8 0
167951181 0 8648 8 0
167952550 0 8656 8 0
167954154 0 8672 8 0
167955783 0 8680 8 0
167957138 0 8688 8 0
167958352 0 8696 8 0
167960496 0 8704 8 0
167961135 0 8664 8 0
168030736 0 67920 8 0
217056969 0 785952 16 0
219863238 0 4195584 8 0
219888875 0 4195592 8 0
219894768 0 4195600 8 0
219899518 0 4195608 8 0
219903742 0 4195616 8 0
219910119 0 4195624 8 0
219914656 0 4195632 8 0
219919130 0 4195640 8 0
219923557 0 4195648 8 0
219927535 0 4195656 8 0
219931535 0 4195664 8 0
219935512 0 4195672 8 0
219939202 0 4195680 8 0
219942872 0 4195688 8 0
219946685 0 4195696 8 0
219950636 0 4195704 8 0
219954335 0 4195712 8 0
219958040 0 4195720 8 0
219961926 0 4195728 8 0
219967128 0 4195736 8 0
219971231 0 4195744 8 0
219975142 0 4195752 8 0
219979108 0 4195760 8 0
219983615 0 4195776 8 0
219987574 0 4195784 8 0
219991869 0 4195792 8 0
219996031 0 4195800 8 0
220000270 0 4195808 8 0
220004209 0 4195816 8 0
220008620 0 4195824 8 0
220012641 0 4195832 8 0
220016721 0 4195840 8 0
220019795 0 4195768 8 0
220030059 0 4261792 8 0
221344846 0 4261800 8 0
222760461 0 4261808 8 0
222849690 0 78944 8 0
222957020 0 78960 8 0
222968349 0 4261672 8 0
225209825 0 4515520 32 0
225268706 0 4515584 208 0
225323027 0 4515552 32 0
225352481 0 4261688 8 0
227451873 0 4549008 32 0
230386318 0 4549040 80 0
200545288 0 2576 8 0
200553922 0 2584 8 0
200556236 0 2592 8 0
200558919 0 2600 8 0
200561217 0 2608 8 0
200563564 0 2616 8 0
200565743 0 2624 8 0
200567657 0 2632 8 0
200570048 0 2648 8 0
200571822 0 2656 8 0
200573583 0 2664 8 0
200575861 0 2672 8 0
200577763 0 2680 8 0
200580476 0 2688 8 0
200581828 0 2696 8 0
200583088 0 2704 8 0
200584455 0 2712 8 0
200586004 0 2720 8 0
200587496 0 2728 8 0
200588641 0 2736 8 0
200593336 0 2744 8 0
200594435 0 2752 8 0
200595554 0 2760 8 0
200596549 0 2768 8 0
200597642 0 2776 8 0
200598683 0 2784 8 0
200600029 0 2792 8 0
200601960 0 2800 8 0
200603288 0 2808 8 0
200604468 0 2640 8 0
200721339 0 68552 8 0
213871914 0 8712 8 0
213881531 0 8720 8 0
213883657 0 8728 8 0
213885720 0 8736 8 0
213887990 0 8752 8 0
213889972 0 8760 8 0
213891967 0 8768 8 0
213893838 0 8776 8 0
213895388 0 8784 8 0
213897383 0 8792 8 0
213900960 0 8800 8 0
213903016 0 8808 8 0
213905370 0 8816 8 0
213907249 0 8824 8 0
213909305 0 8832 8 0
213911024 0 8840 8 0
213912717 0 8848 8 0
213915279 0 8856 8 0
213918117 0 8864 8 0
213920096 0 8872 8 0
213927232 0 8880 8 0
213928824 0 8888 8 0
213930762 0 8896 8 0
213932447 0 8904 8 0
213935116 0 8912 8 0
213937023 0 8920 8 0
213939543 0 8928 8 0
213950286 0 8936 8 0
213951940 0 8944 8 0
213953857 0 8952 8 0
213955691 0 8960 8 0
213956354 0 8744 8 0
213993322 0 78904 8 0
215398416 0 78912 8 0
216784152 0 78920 8 0
232795853 0 4506976 32 0
232966910 0 4521280 32 0
236976117 0 4521360 136 0
245608359 0 4521312 48 0
246433096 0 4502936 152 0
246537567 0 78736 8 0
258512010 0 779304 8 0
265282619 0 4261696 8 0
266852254 0 819200 32 0
269996240 0 958440 248 0
270025262 0 958688 8 0
277533996 0 958160 248 0
277569668 0 958408 8 0
286765163 0 819232 248 0
286970325 0 819480 8 0
291627160 0 68832 8 0
296147589 0 78976 8 0
296181617 0 401696 32 0
300156061 0 403528 144 0
309828059 0 402104 248 0
309863205 0 402352 8 0
318744851 0 4510296 32 0
318798936 0 4512216 136 0
318856435 0 4510328 224 0
318962337 0 4507632 32 0
319012920 0 4507672 136 0
319054836 0 4507664 8 0
319101949 0 401728 248 0
319190739 0 401976 8 0
323336716 0 4510552 248 0
323380954 0 4510800 8 0
323446625 0 401984 120 0
323524120 0 402360 248 0
323557049 0 402608 8 0
323810061 0 402616 248 0
324136313 0 402864 8 0
324450733 0 956896 248 0
324481145 0 957144 8 0
352716085 0 957152 248 0
352753215 0 957400 8 0
352795592 0 819488 128 0
352844909 0 957408 248 0
352925772 0 957656 8 0
352953493 0 819616 248 0
352954006 0 819864 8 0
352982061 0 819872 248 0
352982675 0 820120 8 0
373921022 0 820128 248 0
373965344 0 820376 8 0
374034618 0 820384 248 0
374076536 0 820632 8 0
374108695 0 957664 248 0
374141191 0 957912 8 0
374214752 0 820640 248 0
374258842 0 820888 8 0
374328377 0 820896 248 0
374711374 0 821144 8 0
374774703 0 821152 248 0
374775248 0 821400 8 0
381986705 0 957920 240 0
382088129 0 821408 248 0
382104698 0 821656 8 0
382170497 0 821664 248 0
382170954 0 821912 8 0
391022506 0 821920 248 0
391057625 0 822168 8 0
391131093 0 822176 248 0
391165803 0 822424 8 0
391237268 0 822432 248 0
391270853 0 822680 8 0
391346452 0 822688 248 0
391379104 0 822936 8 0
391450845 0 958416 24 0
391486705 0 822944 248 0
391518514 0 823192 8 0
392311126 0 823200 248 0
392311591 0 823448 8 0
392610458 0 403016 248 0
392611055 0 403264 8 0
400638787 0 403272 144 0
400691037 0 953944 248 0
400727208 0 954192 8 0
458282358 0 953448 248 0
458324437 0 953696 8 0
477813596 0 824512 248 0
477856603 0 824760 8 0
477883361 0 835296 248 0
477916746 0 835544 8 0
486532609 0 834440 248 0
486584652 0 834688 8 0
486623405 0 827512 248 0
487315910 0 827760 8 0
487355569 0 830424 248 0
487396856 0 830672 8 0
487422426 0 953184 248 0
487451550 0 953432 8 0
523703374 0 834920 248 0
523746848 0 835168 8 0
523773406 0 953704 216 0
523842351 0 826640 248 0
523885323 0 826888 8 0
523925773 0 829976 248 0
523966550 0 830224 8 0
523992137 0 823456 248 0
524033427 0 823704 8 0
524059319 0 954208 248 0
524101013 0 954456 8 0
524128720 0 951208 248 0
524162305 0 951456 8 0
552250917 0 950928 248 0
552302125 0 951176 8 0
569399363 0 829136 248 0
569441589 0 829384 8 0
569476793 0 823768 248 0
569599310 0 824016 8 0
569704813 0 4502840 96 0
569763076 0 831592 248 0
569805006 0 831840 8 0
569828174 0 952544 248 0
569859926 0 952792 8 0
569991096 0 835552 32 0
570016305 0 950272 120 0
570381122 0 4516544 32 0
581460834 0 4516576 32 0
581549348 0 831880 248 0
581590163 0 832128 8 0
581648338 0 831296 248 0
581688368 0 831544 8 0
581715096 0 829392 176 0
581774485 0 4552952 32 0
587013434 0 4553088 8 0
593787417 0 4552984 104 0
593932185 0 4592312 32 0
600995372 0 4592680 8 0
605861088 0 4592344 192 0
614983829 0 4592536 144 0
615173840 0 824768 248 0
615227060 0 825016 8 0
615252890 0 830248 176 0
615364072 0 4261704 8 0
623327850 0 4505096 248 0
623373039 0 4505344 8 0
623442405 0 950392 248 0
623652771 0 950640 8 0
623959439 0 4503752 104 0
624007097 0 828400 248 0
624044158 0 828648 8 0
624068283 0 830704 248 0
624104796 0 830952 8 0
624122914 0 829568 136 0
624178034 0 950648 192 0
624242314 0 4260512 8 0
628929792 0 4195080 8 0
628987109 0 4195088 8 0
628998542 0 4195096 8 0
629003433 0 4195104 8 0
629007805 0 4195112 8 0
629013619 0 4195120 8 0
629032969 0 4195128 8 0
629038011 0 4195136 8 0
629042608 0 4195144 8 0
629046746 0 4195152 8 0
629050784 0 4195160 8 0
629054591 0 4195168 8 0
629058370 0 4195176 8 0
629061962 0 4195184 8 0
629066174 0 4195192 8 0
629070586 0 4195208 8 0
629074440 0 4195216 8 0
629078496 0 4195224 8 0
629082488 0 4195232 8 0
629086926 0 4195240 8 0
629090611 0 4195248 8 0
629274059 0 4195256 8 0
629280992 0 4195264 8 0
629285773 0 4195272 8 0
629289820 0 4195280 8 0
629294205 0 4195288 8 0
629298006 0 4195296 8 0
629302048 0 4195304 8 0
629306904 0 4195312 8 0
629310853 0 4195320 8 0
629315085 0 4195328 8 0
629318192 0 4195200 8 0
629341567 0 68472 8 0
639151783 0 4504120 168 0
639236301 0 265272 8 0
642221106 0 4513856 32 0
642266957 0 4513888 32 0
642353586 0 4513680 32 0
642404854 0 4513720 136 0
642472411 0 4513712 8 0
642581845 0 4514112 32 0
642627110 0 4514144 56 0
642704609 0 4513968 32 0
642755084 0 4514000 64 0
642872876 0 68512 8 0
646890944 0 78832 8 0
648443538 0 2192 8 0
648573750 0 954200 8 0
648619382 0 952800 248 0
648680931 0 953048 8 0
648715953 0 829704 248 0
648762319 0 829952 8 0
648810781 0 827904 248 0
648968764 0 828152 8 0
649052533 0 834240 200 0
649164766 0 827352 160 0
649242539 0 825440 248 0
649291697 0 825688 8 0
649376965 0 4553096 32 0
649560979 0 4553160 8 0
649584250 0 4553128 32 0
649782769 0 796504 8 0
652251628 0 834696 144 0
652340783 0 951704 248 0
652407146 0 951952 8 0
652453370 0 825160 248 0
652503485 0 825408 8 0
652529233 0 825024 136 0
652711327 0 951960 152 0
652873056 0 951184 24 0
652911761 0 831552 40 0
652958017 0 830232 16 0
653006183 0 950840 88 0
653074276 0 951520 184 0
653288952 0 953920 24 0
653757038 0 4511240 248 0
653809830 0 4511488 8 0
653906127 0 4511072 168 0
654083721 0 952112 192 0
654418746 0 952304 192 0
654488362 0 952496 48 0
654555910 0 831112 184 0
655892120 0 951464 56 0
656034392 0 833216 248 0
656076470 0 833464 8 0
656425444 0 830960 152 0
656490086 0 834840 80 0
656522943 0 828256 144 0
656573360 0 835176 120 0
657550774 0 833600 248 0
657592316 0 833848 8 0
657674400 0 832136 248 0
657714694 0 832384 8 0
657753695 0 835584 32 0
657776240 0 1013432 8 0
678691020 0 1009848 248 0
678740405 0 1010096 8 0
700970942 0 1010104 248 0
701004957 0 1010352 8 0
701062642 0 1010360 248 0
701277255 0 1010608 8 0
701477698 0 1010616 248 0
701478227 0 1010864 8 0
703517933 0 1010872 248 0
703542129 0 1011120 8 0
703686209 0 1011128 248 0
703686588 0 1011376 8 0
705884996 0 1011384 248 0
706419778 0 1011632 8 0
706590950 0 1011640 248 0
706591414 0 1011888 8 0
710500779 0 1011896 248 0
710525376 0 1012144 8 0
710692969 0 1012152 248 0
710693684 0 1012400 8 0
714902621 0 1012408 248 0
714944949 0 1012656 8 0
715115988 0 1012664 248 0
715156344 0 1012912 8 0
715326671 0 1012920 248 0
715364919 0 1013168 8 0
715535895 0 1013176 248 0
715570967 0 1013424 8 0
715979722 0 953056 128 0
716040633 0 827216 136 0
720171722 0 975944 8 0
732576575 0 975952 32 0
734794775 0 1009840 8 0
737036490 0 1007408 8 0
738787605 0 1009824 8 0
740128125 0 1009832 8 0
741836480 0 1009808 8 0
742990195 0 1009816 8 0
744454616 0 1009800 8 0
745788298 0 1009784 8 0
747151114 0 1009792 8 0
749351110 0 1009776 8 0
753647947 0 1009760 8 0
755032727 0 1009768 8 0
756462567 0 1009752 8 0
758263955 0 1009744 8 0
760752361 0 1009736 8 0
764278296 0 976176 8 0
768190088 0 976184 32 0
770211489 0 976152 8 0
771596851 0 976160 16 0
773101377 0 976216 40 0
773737468 0 976120 8 0
775230266 0 976128 24 0
778532797 0 976032 8 0
778545895 0 976040 32 0
778623538 0 976072 48 0
778915730 0 976296 8 0
780898932 0 976304 32 0
780977872 0 976336 64 0
781398875 0 975800 8 0
828719404 0 1009440 8 0
830676370 0 1009432 8 0
832278076 0 68664 8 0
811413245 0 829960 16 0
811743526 0 832656 248 0
811792019 0 832904 8 0
811827741 0 1009624 8 0
814134600 0 1009584 8 0
815842694 0 1009592 32 0
818513426 0 1008728 8 0
820052588 0 1008736 32 0
823360621 0 1009576 8 0
825480911 0 1009568 8 0
783894636 0 976016 8 0
783906835 0 976024 8 0
784200283 0 1009704 8 0
789122047 0 1009712 24 0
791265008 0 1009696 8 0
792962462 0 1009216 8 0
794401973 0 1009224 32 0
797164558 0 1009688 8 0
798926444 0 1009672 8 0
800222198 0 1009680 8 0
801966253 0 1009664 8 0
803391390 0 1009656 8 0
804739351 0 1009648 8 0
806139870 0 1009632 8 0
807706376 0 1009640 8 0
809300507 0 827768 136 0
810915941 0 832912 248 0
810959834 0 833160 8 0
810974150 0 953440 8 0
833997708 0 69224 8 0
835246362 0 3328 8 0
835257144 0 3336 8 0
835265692 0 3344 8 0
835272254 0 3352 8 0
835276975 0 3368 8 0
835283397 0 3376 8 0
835287561 0 3384 8 0
835291801 0 3392 8 0
835295525 0 3400 8 0
835299949 0 3408 8 0
835306189 0 3416 8 0
835315120 0 3424 8 0
835321913 0 3432 8 0
835328937 0 3440 8 0
835336461 0 3448 8 0
835343832 0 3456 8 0
835351836 0 3464 8 0
835356590 0 3472 8 0
835360950 0 3480 8 0
835365471 0 3488 8 0
835369382 0 3496 8 0
835373534 0 3504 8 0
835377376 0 3512 8 0
835381283 0 3520 8 0
835386745 0 3528 8 0
835395666 0 3536 8 0
835402530 0 3544 8 0
835409280 0 3552 8 0
835416129 0 3560 8 0
835422469 0 3568 8 0
835430621 0 3576 8 0
835435665 0 3584 8 0
835439180 0 3360 8 0
835450044 0 70456 8 0
836879351 0 68672 8 0
838794004 0 310632 8 0
840390012 0 68848 8 0
842055473 0 68864 8 0
844235890 0 322536 56 0
851419957 0 305008 8 0
853908888 0 310656 8 0
855726841 0 304632 8 0
857225534 0 306040 8 0
858616527 0 310648 8 0
860259422 0 68680 8 0
862042063 0 305016 8 0
865034759 0 306032 8 0
866521471 0 307392 248 0
866559515 0 307640 8 0
877468264 0 309688 248 0
877508979 0 309936 8 0
889836039 0 310192 136 0
889902594 0 310664 8 0
893857828 0 310640 8 0
893909561 0 310328 248 0
894253876 0 310576 8 0
894399717 0 265168 8 0
897201781 0 1009560 8 0
907911129 0 1009552 8 0
909717909 0 1009544 8 0
911347275 0 1009536 8 0
913965721 0 1009528 8 0
915575450 0 1009520 8 0
917851441 0 1009176 8 0
919161772 0 1009184 32 0
920863520 0 1009256 24 0
921319678 0 1009488 8 0
923220425 0 1009496 24 0
924019679 0 1009480 8 0
924567694 0 1008392 8 0
926049038 0 1008384 8 0
929144220 0 1007576 8 0
930569869 0 1003400 8 0
931763871 0 1008096 8 0
933221015 0 1009472 8 0
933333133 0 975880 8 0
934756811 0 975872 8 0
936398819 0 994680 8 0
937767557 0 994688 32 0
939628151 0 994640 8 0
941750015 0 994648 32 0
943677533 0 975888 24 0
945860303 0 1008296 8 0
947357317 0 1008304 32 0
949547943 0 1009464 8 0
949946555 0 1009448 16 0
950843056 0 1006272 8 0
952405970 0 1006264 8 0
953886026 0 1008920 8 0
955389190 0 1008912 8 0
957127010 0 1009424 8 0
957377088 0 1009416 8 0
957735259 0 1006256 8 0
959235885 0 993472 8 0
960642725 0 1009400 8 0
960654307 0 1009408 8 0
961516863 0 1003904 8 0
962945317 0 1003984 8 0
964180232 0 1003992 32 0
966061712 0 1008448 8 0
966075084 0 1008456 32 0
969320781 0 1009352 8 0
969334990 0 1009360 32 0
969552546 0 1009344 8 0
969942773 0 975736 8 0
971342238 0 992072 8 0
972848991 0 1009336 8 0
973114234 0 1009328 8 0
973393145 0 1009320 8 0
973580456 0 1009312 8 0
973772408 0 1004104 8 0
973788448 0 1004112 32 0
973999197 0 976432 8 0
974011442 0 976440 32 0
974134038 0 976408 8 0
974194917 0 976424 8 0
974280816 0 976416 8 0
974410650 0 1004144 64 0
974659246 0 1008968 8 0
982137001 0 1008976 32 0
984213724 0 1009008 64 0
984615565 0 1008936 8 0
988231595 0 1008960 8 0
990038345 0 1008952 8 0
991401356 0 1008944 8 0
993359267 0 978072 8 0
994864474 0 1009304 8 0
995293325 0 1009296 8 0
995496251 0 1009288 8 0
995924593 0 1009280 8 0
996207719 0 1009392 8 0
997341490 0 976640 8 0
997356827 0 976648 32 0
999102250 0 1008176 8 0
1001955611 0 1009160 8 0
1001971323 0 1009168 8 0
1002299710 0 1005112 8 0
1004172187 0 1009152 8 0
1004439596 0 1009144 8 0
1004546777 0 1009128 8 0
1004557410 0 1009136 8 0
1004947738 0 1009120 8 0
1005273648 0 992056 8 0
1006536710 0 992064 8 0
1006585413 0 992080 16 0
1007935851 0 978688 8 0
1010386300 0 1008288 8 0
1011750910 0 978208 8 0
1013074843 0 977824 8 0
1013239480 0 978216 32 0
1016445131 0 1009112 8 0
1017271722 0 4261720 8 0
1017641795 0 1009072 40 0
1018830170 0 977984 8 0
1018935497 0 976632 8 0
1019543794 0 978056 8 0
1020789820 0 978064 8 0
1020835265 0 978080 16 0
1022111135 0 999056 8 0
1024325513 0 978256 8 0
1024419865 0 978264 32 0
1024537901 0 999016 8 0
1025932777 0 999008 8 0
1029777897 0 999064 8 0
1031628870 0 975848 8 0
1033041158 0 1008928 8 0
1036655783 0 4196608 8 0
1036667492 0 4196616 8 0
1036672537 0 4196624 8 0
1036676860 0 4196632 8 0
1036682933 0 4196640 8 0
1036686948 0 4196648 8 0
1036691094 0 4196664 8 0
1036694975 0 4196672 8 0
1036699542 0 4196680 8 0
1036703549 0 4196688 8 0
1036708420 0 4196696 8 0
1036712369 0 4196704 8 0
1036716236 0 4196712 8 0
1036720370 0 4196720 8 0
1036724275 0 4196728 8 0
1036728458 0 4196736 8 0
1036732471 0 4196744 8 0
1036736289 0 4196752 8 0
1036740088 0 4196760 8 0
1036743852 0 4196768 8 0
1036747633 0 4196776 8 0
1036751288 0 4196784 8 0
1036755096 0 4196792 8 0
1036758907 0 4196800 8 0
1036763319 0 4196808 8 0
1036767306 0 4196816 8 0
1036770949 0 4196824 8 0
1036774546 0 4196832 8 0
1036778215 0 4196840 8 0
1036782589 0 4196848 8 0
1036786615 0 4196856 8 0
1036790610 0 4196864 8 0
1036793896 0 4196656 8 0
1036803047 0 4266504 8 0
1038545287 0 826992 224 0
1038663232 0 78984 8 0
1038676235 0 4195848 8 0
1038681774 0 4195864 8 0
1038690064 0 4195872 8 0
1038694336 0 4195880 8 0
1038698237 0 4195888 8 0
1038702682 0 4195896 8 0
1038707089 0 4195904 8 0
1038711358 0 4195912 8 0
1038715308 0 4195920 8 0
1038719293 0 4195928 8 0
1038723053 0 4195936 8 0
1038726633 0 4195944 8 0
1038730847 0 4195952 8 0
1038734660 0 4195960 8 0
1038738498 0 4195968 8 0
1038742203 0 4195976 8 0
1038746814 0 4195984 8 0
1038751189 0 4195992 8 0
1038755469 0 4196000 8 0
1038759621 0 4196008 8 0
1038763490 0 4196016 8 0
1038767079 0 4196024 8 0
1038771079 0 4196032 8 0
1038774706 0 4196040 8 0
1038779098 0 4196048 8 0
1038782774 0 4196056 8 0
1038786849 0 4196064 8 0
1038790895 0 4196072 8 0
1038795425 0 4196080 8 0
1038799228 0 4196088 8 0
1038804055 0 4196096 8 0
1038807454 0 4195856 8 0
1038817512 0 4262024 8 0
1040261928 0 977312 8 0
1040275735 0 977320 32 0
1040523383 0 1008848 8 0
1040542612 0 1008856 32 0
1041213020 0 1008896 8 0
1042457511 0 1008904 8 0
1042986932 0 1008888 8 0
1043964413 0 826896 96 0
1044558844 0 834000 240 0
1044647421 0 991520 8 0
1046149927 0 991528 32 0
1047958828 0 991560 64 0
1048722380 0 992608 8 0
1053153120 0 1005536 8 0
1054472754 0 1005544 32 0
1056673511 0 1003912 8 0
1059059081 0 1007560 8 0
1060587245 0 1005576 64 0
1060946262 0 1005528 8 0
1063289659 0 976936 8 0
1063543069 0 1006208 8 0
1065543876 0 1006216 32 0
1068564528 0 1003960 8 0
1076666202 0 1003968 16 0
1078887638 0 1004432 8 0
1078906798 0 1004440 32 0
1079132839 0 977752 8 0
1079155202 0 977760 32 0
1079354201 0 1006720 8 0
1079743303 0 979144 8 0
1085127079 0 4554240 24 0
1085188756 0 992096 48 0
1085680668 0 1007424 8 0
1085741805 0 1007416 8 0
1086024525 0 1007632 8 0
1086036436 0 1007640 32 0
1086380717 0 976784 8 0
1086536780 0 976848 8 0
1086553313 0 976856 32 0
1087087882 0 1005520 8 0
1088942035 0 1005224 8 0
1090398423 0 1005232 32 0
1092283583 0 1005264 64 0
1092874208 0 4554264 32 0
1095706406 0 4554400 8 0
1095725772 0 4554296 104 0
1096132329 0 1005512 8 0
1098589430 0 1005480 8 0
1098745600 0 1004368 8 0
1098992909 0 979136 8 0
1106402141 0 979152 32 0
1110405169 0 1004376 32 0
1110993794 0 4603904 32 0
1118036516 0 4604992 8 0
1120393647 0 4604848 144 0
1126572275 0 4605448 32 0
1129914446 0 4605600 8 0
1132548992 0 4605480 120 0
1146516916 0 4668992 32 0
1154362381 0 4669048 8 0
1156375540 0 4669024 24 0
1156697723 0 4605000 32 0
1157324745 0 4605440 8 0
1157346501 0 4605288 152 0
1157561138 0 4616872 32 0
1194143573 0 4617072 8 0
1199041171 0 4617064 8 0
1200752699 0 4617056 8 0
1206025258 0 4617048 8 0
1208026743 0 4617040 8 0
1210107682 0 4617032 8 0
1210132830 0 4617024 8 0
1210153922 0 4617016 8 0
1210174146 0 4617008 8 0
1210208715 0 4617000 8 0
1210230278 0 4616992 8 0
1210250961 0 4616984 8 0
1210271288 0 4616976 8 0
1210291167 0 4616968 8 0
1210311715 0 4616960 8 0
1210332240 0 4616952 8 0
1210353280 0 4616944 8 0
1210592216 0 1008344 8 0
1211051163 0 4605952 32 0
1211071986 0 4606456 8 0
1211098479 0 4606304 152 0
1211381328 0 868352 32 0
1220707381 0 899568 8 0
1228018478 0 898592 248 0
1228063274 0 898840 8 0
1238073468 0 898848 248 0
1238121850 0 899096 8 0
1238220139 0 899104 248 0
1238477278 0 899352 8 0
1238610029 0 899360 208 0
1245283723 0 1005328 144 0
1246726703 0 977216 8 0
1246742242 0 977224 32 0
1246871264 0 978832 8 0
1247154864 0 1005216 8 0
1255762571 0 1005120 32 0
1259106205 0 1005152 64 0
1261808304 0 872776 8 0
1263232641 0 1008840 8 0
1263575416 0 1008832 8 0
1263818696 0 1008816 8 0
1263836693 0 1008824 8 0
1264316047 0 1008800 8 0
1264328590 0 1008808 8 0
1264765558 0 1008792 8 0
1265179804 0 1008768 24 0
1266087151 0 1005648 8 0
1266103592 0 1005656 32 0
1266435890 0 1003856 8 0
1268404022 0 873296 8 0
1269647709 0 873304 32 0
1272230855 0 873336 192 0
1278275266 0 873648 8 0
1278920048 0 873728 8 0
1279836028 0 873656 32 0
1281463431 0 1007328 8 0
1282011066 0 875080 8 0
1284195447 0 875088 32 0
1299334620 0 1004096 8 0
1302665501 0 874440 8 0
1303210428 0 874816 8 0
1313908529 0 872904 8 0
1315656577 0 872912 32 0
1317319095 0 872944 64 0
1317774744 0 985920 8 0
1322695098 0 985912 8 0
1325183251 0 976944 32 0
1326385349 0 1005104 8 0
1328197110 0 985904 8 0
1330583104 0 1002560 8 0
1332427475 0 872896 8 0
1286728354 0 1006736 8 0
1287047965 0 873536 8 0
1287063119 0 873544 32 0
1287456857 0 874360 8 0
1288413831 0 873528 8 0
1288429557 0 873576 72 0
1288451658 0 873688 40 0
1288468435 0 873736 48 0
1288910305 0 873272 8 0
1290449126 0 873280 16 0
1293196471 0 977920 8 0
1293212641 0 977928 32 0
1293516879 0 1008008 8 0
1293635987 0 1008000 8 0
1293865701 0 978096 48 0
1296675024 0 977744 8 0
1296876941 0 1006176 8 0
1297523596 0 824048 248 0
1297573867 0 824296 8 0
1297592069 0 824304 136 0
1297645204 0 828792 248 0
1297687927 0 829040 8 0
1297717161 0 829048 88 0
1297787681 0 828656 136 0
1297890845 0 824440 72 0
1297924713 0 825416 24 0
1301022116 0 825704 248 0
1301317992 0 833472 128 0
1301684664 0 825952 8 0
1302069063 0 833864 136 0
1302464253 0 833856 8 0
1304239837 0 824024 24 0
1304928337 0 823712 56 0
1337416513 0 1008720 8 0
1338964142 0 874504 8 0
1341535898 0 874400 8 0
1341953502 0 873784 248 0
1342231943 0 874032 8 0
1346633514 0 1008368 8 0
1346649516 0 1008376 8 0
1346654142 0 1008400 8 0
1347616912 0 1008360 8 0
1347930000 0 1006728 8 0
1347940558 0 1006744 16 0
1349107656 0 872616 8 0
1353499865 0 872624 32 0
1356099871 0 872656 64 0
1356295762 0 872720 56 0
1356299350 0 872784 64 0
1359592132 0 1008352 8 0
1360229155 0 1007544 8 0
1364515668 0 1004728 8 0
1364972917 0 874736 8 0
1364987900 0 874744 32 0
1365446799 0 874616 8 0
1365761413 0 874728 8 0
1366680210 0 874376 8 0
1367994181 0 874416 8 0
1368560429 0 874352 8 0
1368796732 0 1007992 8 0
1369303380 0 977904 8 0
1369317142 0 977912 8 0
1369605087 0 977888 8 0
1370336137 0 874712 8 0
1370350331 0 874720 8 0
1370633502 0 979552 8 0
1372813440 0 874480 8 0
1372830846 0 874488 16 0
1372836793 0 874512 8 0
1373039410 0 979568 8 0
1374839260 0 874648 8 0
1374853484 0 874656 32 0
1375374072 0 874688 24 0
1375652950 0 979576 32 0
1378718623 0 979608 64 0
1379141620 0 874640 8 0
1381931086 0 874808 8 0
1382431046 0 874448 32 0
1383410288 0 874520 80 0
1383715722 0 979560 8 0
1399449544 0 875056 8 0
1400003251 0 874776 32 0
1400025254 0 874824 104 0
1400877970 0 870624 8 0
1406731760 0 870600 8 0
1409323363 0 874928 128 0
1409717727 0 875064 16 0
1409729842 0 875120 64 0
1411518141 0 873080 8 0
1411778831 0 870592 8 0
1390344369 0 874432 8 0
1392414302 0 872872 8 0
1392449167 0 872880 16 0
1393516771 0 874632 8 0
1459288682 0 873144 8 0
1459307094 0 873152 32 0
1460237050 0 873048 8 0
1460692996 0 870616 8 0
1467121413 0 873192 8 0
1467139142 0 873200 32 0
1467459922 0 870584 8 0
1469626509 0 873184 8 0
1469636429 0 873232 16 0
1474691376 0 875184 248 0
1474738284 0 875432 8 0
1476981076 0 874624 8 0
1480769057 0 874064 8 0
1484054356 0 874600 16 0
1512735626 0 874200 8 0
1512756831 0 874208 32 0
1512955264 0 874240 64 0
1513122351 0 874304 48 0
1513135765 0 874368 8 0
1513141951 0 874384 16 0
1513148012 0 874408 8 0
1513151606 0 874424 8 0
1517235036 0 873136 8 0
1521118848 0 874056 8 0
1524697794 0 873248 24 0
1526341947 0 873088 8 0
1527192910 0 873096 32 0
1531157620 0 870608 8 0
1531264228 0 870632 8 0
1534826937 0 873016 8 0
1536440731 0 873128 8 0
1539344781 0 873024 24 0
1542552611 0 873008 8 0
1542563888 0 873056 24 0
1562536603 0 874072 24 0
1562557234 0 874096 48 0
1562734495 0 874144 56 0
1570038258 0 870640 32 0
1571285161 0 874040 16 0
1591426163 0 1002568 8 0
1598418721 0 1003880 8 0
1601059245 0 826384 248 0
1601104363 0 826632 8 0
1602016144 0 875440 248 0
1602061973 0 875688 8 0
1611355519 0 872608 8 0
1614265721 0 872520 8 0
1616306337 0 872528 32 0
1620435166 0 872560 48 0
1623367464 0 872512 8 0
1658332335 0 1008712 8 0
1660037589 0 977792 32 0
1660054880 0 977832 24 0
1660977769 0 979272 8 0
1662421802 0 979264 8 0
1662814514 0 979672 144 0
1663427290 0 1007744 8 0
1663442559 0 1007752 32 0
1663523775 0 1007784 64 0
1663718413 0 1007848 128 0
1664287300 0 979032 8 0
1670343622 0 1007736 8 0
1670647261 0 979056 8 0
1672141274 0 1007720 8 0
1672269574 0 1007704 8 0
1672452493 0 979080 8 0
1675321495 0 1007696 8 0
1675580138 0 1007440 8 0
1675596047 0 1007448 32 0
1675711989 0 1007728 8 0
1676791671 0 1007712 8 0
1677720652 0 979048 8 0
1679206168 0 979040 8 0
1680473009 0 1007688 8 0
1680953622 0 1006536 8 0
1685485954 0 1008424 8 0
1685774234 0 1001568 8 0
1688182467 0 985928 32 0
1694905635 0 1004808 8 0
1694923267 0 1004816 32 0
1696658631 0 1004848 64 0
1697431231 0 1004792 8 0
1699019833 0 1004800 8 0
1703234235 0 1007584 8 0
1704802633 0 1007568 8 0
1710072457 0 1007432 8 0
1710288499 0 979072 8 0
1712221259 0 979024 8 0
1714364416 0 1007616 8 0
1714380166 0 1007624 8 0
1714529322 0 1007608 8 0
1715066857 0 992040 8 0
1715080926 0 992048 8 0
1719462765 0 872504 8 0
1721041296 0 975920 8 0
1726010989 0 979120 8 0
1728118266 0 1007400 8 0
1729008565 0 796512 32 0
1731894872 0 797968 16 0
1736067998 0 797904 64 0
1741197376 0 872864 8 0
1748737180 0 1005992 8 0
1748757514 0 1006000 32 0
1748888604 0 977856 32 0
1748901975 0 977896 8 0
1748911625 0 977960 16 0
1750953501 0 851968 32 0
1758516909 0 964384 8 0
1760718358 0 866600 248 0
1760771768 0 866848 248 0
1760773906 0 867096 16 0
1775600965 0 867112 248 0
1775816098 0 867360 8 0
1775885776 0 867368 248 0
1775886447 0 867616 8 0
1777808989 0 867624 248 0
1777834330 0 867872 8 0
1777905051 0 867880 248 0
1777905790 0 868128 8 0
1780057784 0 868136 216 0
1780255326 0 963120 40 0
1780361178 0 963160 248 0
1780361639 0 963408 8 0
1794783705 0 963416 248 0
1794784615 0 963664 8 0
1799349481 0 963672 248 0
1799560384 0 963920 8 0
1799631719 0 963928 248 0
1799632314 0 964176 8 0
1802040333 0 964184 200 0
1946417935 0 795824 32 0
1954535216 0 796464 16 0
1959155193 0 796440 24 0
1966225771 0 795592 32 0
1974533979 0 795792 8 0
1976728272 0 795776 16 0
1981827905 0 791128 32 0
1990515051 0 795320 8 0
1992684292 0 795248 72 0
2003779757 0 797984 32 0
2003944181 0 800256 8 0
2009730799 0 800152 104 0
2025425158 0 979544 8 0
2099808943 0 859200 8 0
2104662796 0 859456 8 0
2110497082 0 985896 8 0
2114544677 0 859472 8 0
2123321028 0 859344 8 0
2125700006 0 859352 32 0
2168081090 0 2088 8 0
2168144055 0 1167360 64 1
2168313706 0 78952 8 0
2141273323 0 861640 8 0
2144405485 0 861608 8 0
2150545625 0 1008104 32 0
2150670357 0 978048 8 0
2168584028 0 790800 16 0
2286411874 0 3932160 8 1
2286440488 0 3932168 8 1
2286483278 0 3932176 8 1
2286483686 0 3932184 8 1
2286484088 0 3932192 8 1
2286484431 0 3932200 8 1
2286484759 0 3932208 8 1
2286485031 0 3932216 8 1
2286485366 0 3932224 8 1
2286485692 0 3932232 8 1
2286486039 0 3932240 8 1
2286486425 0 3932248 8 1
2286486801 0 3932256 8 1
2286487204 0 3932264 8 1
2286487562 0 3932272 8 1
2286487958 0 3932280 8 1
2286488314 0 3932288 8 1
2286488630 0 3932296 8 1
2286488982 0 3932304 8 1
2286489248 0 3932312 8 1
2286489521 0 3932320 8 1
2286489789 0 3932328 8 1
2286490290 0 3932336 8 1
2286490562 0 3932344 8 1
2286491106 0 3932352 8 1
2286491512 0 3932360 8 1
2286491855 0 3932368 8 1
2286492204 0 3932376 8 1
2286492544 0 3932384 8 1
2286492805 0 3932392 8 1
2286493062 0 3932400 8 1
2286493730 0 3932408 8 1
2286494163 0 3932416 8 1
2286494518 0 3932424 8 1
2286494866 0 3932432 8 1
2286495121 0 3932440 8 1
2286495470 0 3932448 8 1
2286495733 0 3932456 8 1
2286495985 0 3932464 8 1
2286496234 0 3932472 8 1
2286496590 0 3932480 8 1
2286496838 0 3932488 8 1
2286497095 0 3932496 8 1
2286497590 0 3932504 8 1
2286498016 0 3932512 8 1
2286498358 0 3932520 8 1
2286498628 0 3932528 8 1
2286498875 0 3932536 8 1
2286499125 0 3932544 8 1
2286499382 0 3932552 8 1
2286499943 0 3932560 8 1
2286621012 0 3932568 8 1
2245027138 0 1167424 64 1
2295072405 0 0 8 1
2295081004 0 8 8 1
2295086370 0 2088 8 1
2295091391 0 2192 8 1
2295096401 0 2312 8 1
2295101287 0 2352 8 1
2295105738 0 2384 8 1
2295110607 0 2392 8 1
2295114831 0 2408 8 1
2295119561 0 2472 8 1
2295123806 0 2664 8 1
2295128293 0 2672 8 1
2295132962 0 2824 8 1
2295137672 0 2840 8 1
2295145548 0 8552 8 1
2295150553 0 8632 8 1
2295154887 0 8648 8 1
2295159527 0 8664 8 1
2295163921 0 8752 8 1
2295168477 0 8776 8 1
2295172745 0 8784 8 1
2295176652 0 8792 8 1
2295180823 0 10328 8 1
2295185463 0 67848 8 1
2295190445 0 78832 8 1
2295195256 0 4194304 8 1
2295200102 0 4194432 8 1
2295204595 0 4194560 8 1
2295210887 0 4194584 8 1
2295216247 0 4194832 8 1
2295220985 0 4194840 8 1
2295225450 0 4194848 8 1
2295229980 0 4194856 8 1
2295234507 0 4194864 8 1
2295238681 0 4194872 8 1
2295243292 0 4194888 8 1
2295247964 0 4195200 8 1
2295252394 0 4195712 8 1
2295256732 0 4195720 8 1
2295260704 0 4195728 8 1
2295264781 0 4195736 8 1
2295268800 0 4195744 8 1
2295273705 0 4195768 8 1
2295278143 0 4195776 8 1
2295282300 0 4195856 8 1
2295286863 0 4196664 8 1
2295291358 0 4197696 8 1
2295296046 0 4260096 8 1
2302744607 0 3932160 8 1
2303412396 0 3932160 8 1
2305978642 0 0 8 1
