0 0 67848 8 0
74795 0 6416 8 0
138852 0 6424 8 0
141714 0 6432 8 0
144124 0 6440 8 0
145422 0 6448 8 0
146886 0 6456 8 0
148278 0 6464 8 0
149337 0 6472 8 0
150356 0 6480 8 0
151463 0 6488 8 0
154168 0 6496 8 0
155304 0 6504 8 0
156659 0 6512 8 0
157914 0 6520 8 0
159223 0 6528 8 0
160655 0 6536 8 0
162822 0 6544 8 0
164224 0 6552 8 0
165548 0 6560 8 0
166843 0 6568 8 0
167929 0 6576 8 0
169266 0 6584 8 0
170405 0 6592 8 0
171394 0 6600 8 0
173119 0 6608 8 0
174550 0 6616 8 0
175581 0 6624 8 0
176666 0 6632 8 0
177822 0 6640 8 0
178902 0 6648 8 0
180553 0 6656 8 0
181657 0 6664 8 0
182012 0 6408 8 0
10870036 0 4194816 8 0
10879703 0 4194824 8 0
10884784 0 4194832 8 0
10889835 0 4194840 8 0
10894370 0 4194848 8 0
10898871 0 4194856 8 0
10902816 0 4194864 8 0
10908740 0 4194872 8 0
10913379 0 4194880 8 0
10917872 0 4194888 8 0
10922315 0 4194896 8 0
10927040 0 4194912 8 0
10931232 0 4194920 8 0
10935653 0 4194928 8 0
10939932 0 4194936 8 0
10947582 0 4194944 8 0
10954979 0 4194952 8 0
10962226 0 4194960 8 0
10970882 0 4194968 8 0
10979489 0 4194976 8 0
10987476 0 4194984 8 0
10996514 0 4194992 8 0
11001500 0 4195000 8 0
11006137 0 4195008 8 0
11010437 0 4195016 8 0
11015012 0 4195024 8 0
11023051 0 4195032 8 0
11027652 0 4195040 8 0
11031983 0 4195048 8 0
11036495 0 4195056 8 0
11040557 0 4195064 8 0
11044865 0 4195072 8 0
11048306 0 4194904 8 0
11070265 0 4260496 8 0
11080264 0 4197120 8 0
11086890 0 4197128 8 0
11091409 0 4197136 8 0
11094856 0 4197144 8 0
11184710 0 67912 8 0
11246578 0 10240 8 0
11273347 0 10248 8 0
11274805 0 10256 8 0
11276286 0 10264 8 0
11277712 0 10272 8 0
11278973 0 10280 8 0
11281188 0 10288 8 0
11282304 0 10296 8 0
11283480 0 10304 8 0
11284645 0 10312 8 0
11286050 0 10320 8 0
11287061 0 10328 8 0
11288324 0 10336 8 0
11289546 0 10344 8 0
11294814 0 10352 8 0
11295853 0 10360 8 0
11296956 0 10368 8 0
11298007 0 10376 8 0
11298961 0 10384 8 0
11299966 0 10392 8 0
11302078 0 10400 8 0
11303370 0 10408 8 0
11304544 0 10416 8 0
11305900 0 10424 8 0
11307168 0 10432 8 0
11308343 0 10440 8 0
11309394 0 10448 8 0
11310347 0 10456 8 0
11311037 0 10464 8 0
22559618 0 4194432 8 0
24085752 0 4194568 8 0
24123123 0 4194576 8 0
24124940 0 4194584 8 0
24126219 0 4194592 8 0
24128625 0 4194600 8 0
24129725 0 4194608 8 0
24130829 0 4194616 8 0
24132009 0 4194624 8 0
24133484 0 4194632 8 0
24134708 0 4194640 8 0
24135887 0 4194648 8 0
24136995 0 4194656 8 0
24138053 0 4194664 8 0
24139134 0 4194672 8 0
24140383 0 4194680 8 0
24141443 0 4194688 8 0
24142409 0 4194696 8 0
24143364 0 4194704 8 0
24145145 0 4194712 8 0
24146227 0 4194720 8 0
24147267 0 4194728 8 0
24148242 0 4194736 8 0
24149260 0 4194744 8 0
24150313 0 4194752 8 0
24151489 0 4194760 8 0
24152549 0 4194768 8 0
24153620 0 4194776 8 0
24154698 0 4194784 8 0
24156309 0 4194792 8 0
24157521 0 4194800 8 0
24158542 0 4194808 8 0
24159428 0 4194560 8 0
37740027 0 4194304 8 0
84027034 0 393208 8 0
85180944 0 4260104 8 0
86522581 0 4456448 32 0
89870490 0 68400 8 0
91375069 0 4260120 8 0
63928849 0 458784 8 0
66219566 0 392792 8 0
68027709 0 68496 8 0
70157026 0 2816 8 0
70164551 0 2824 8 0
70169596 0 2832 8 0
70174171 0 2840 8 0
70181342 0 2848 8 0
70186113 0 2856 8 0
70190565 0 2864 8 0
70194947 0 2872 8 0
70199719 0 2888 8 0
70204096 0 2896 8 0
70208819 0 2904 8 0
70213168 0 2912 8 0
70217413 0 2920 8 0
70221705 0 2928 8 0
70226100 0 2936 8 0
70230353 0 2944 8 0
70234671 0 2952 8 0
70239102 0 2960 8 0
70244758 0 2968 8 0
70249244 0 2976 8 0
70253747 0 2984 8 0
70258181 0 2992 8 0
70262330 0 3000 8 0
70544206 0 3008 8 0
70552108 0 3016 8 0
70558574 0 3024 8 0
70565910 0 3032 8 0
70571787 0 3040 8 0
70576413 0 3048 8 0
70581005 0 3056 8 0
70585483 0 3064 8 0
70590458 0 3072 8 0
70594017 0 2880 8 0
70605816 0 69120 8 0
81117511 0 69128 8 0
92702312 0 4260480 8 0
94133946 0 4496488 32 0
98041587 0 4458320 144 0
105597457 0 4496624 144 0
111027399 0 4496520 104 0
111279932 0 4456480 240 0
130528631 0 1226800 48 0
136434506 0 4508656 32 0
141457019 0 4508816 136 0
150056882 0 4508688 128 0
150527692 0 4516416 32 0
170581821 0 4516616 136 0
177635355 0 4502688 32 0
182781321 0 4497848 32 0
182852002 0 4501072 152 0
192143702 0 4516448 168 0
192323767 0 4497896 248 0
192324318 0 4498144 8 0
196022653 0 4456720 248 0
196068790 0 4456968 8 0
196134014 0 4498152 248 0
196182468 0 4498400 8 0
196205838 0 4497880 16 0
196268591 0 4498784 248 0
196330926 0 4499032 8 0
202982161 0 4499064 248 0
203129122 0 4499312 8 0
205941586 0 4500536 248 0
205945974 0 4500784 8 0
216718936 0 4499984 248 0
216757174 0 4500232 8 0
216917378 0 4499552 248 0
217409213 0 4499800 8 0
217596264 0 4457784 248 0
217660149 0 4458032 8 0
217732031 0 4498624 160 0
217810471 0 4457192 248 0
217865930 0 4457440 8 0
217909722 0 4458040 240 0
245062231 0 4500360 176 0
245170051 0 4457048 144 0
245809266 0 4499320 128 0
245882601 0 4457472 248 0
245941863 0 4457720 8 0
245999720 0 4456976 72 0
246142841 0 4498408 216 0
246242435 0 4457448 24 0
246430715 0 4195080 8 0
246444544 0 4195088 8 0
246452375 0 4195096 8 0
246461286 0 4195104 8 0
246466726 0 4195112 8 0
246471829 0 4195120 8 0
246476062 0 4195128 8 0
246480265 0 4195136 8 0
246484623 0 4195144 8 0
246489058 0 4195152 8 0
246494135 0 4195160 8 0
246502355 0 4195168 8 0
246509740 0 4195176 8 0
246517489 0 4195184 8 0
246526308 0 4195200 8 0
246534418 0 4195208 8 0
246542551 0 4195216 8 0
246549184 0 4195224 8 0
246554059 0 4195232 8 0
246558540 0 4195240 8 0
246563478 0 4195248 8 0
246567938 0 4195256 8 0
246576942 0 4195264 8 0
246585439 0 4195272 8 0
246592542 0 4195280 8 0
246599529 0 4195288 8 0
246607181 0 4195296 8 0
246614534 0 4195304 8 0
246622770 0 4195312 8 0
246628135 0 4195320 8 0
246633208 0 4195328 8 0
246636787 0 4195192 8 0
246649706 0 4260824 8 0
266319072 0 4499816 168 0
266413612 0 265240 8 0
268832987 0 4509568 32 0
268931328 0 4509600 32 0
269052507 0 4509384 32 0
269108438 0 4509424 136 0
269179129 0 4509416 8 0
269265509 0 4509824 32 0
269319102 0 4509856 56 0
269379194 0 4509680 32 0
269425103 0 4509712 64 0
269948668 0 69168 8 0
271682351 0 69200 8 0
273390275 0 68504 8 0
275243113 0 75688 8 0
277356536 0 287664 32 0
281147748 0 287984 144 0
289031722 0 287696 248 0
289158846 0 287944 8 0
289206759 0 4506000 32 0
292524203 0 4507920 136 0
292650009 0 4506032 224 0
292871262 0 4506256 248 0
292982752 0 4506504 8 0
293439729 0 287952 32 0
293584943 0 69208 8 0
309413654 0 75680 8 0
312194468 0 68464 8 0
324845222 0 285088 32 0
332185367 0 285120 24 0
336911625 0 4499448 104 0
297590318 0 81576 8 0
301631827 0 4500240 120 0
301685805 0 81584 8 0
306550571 0 81592 8 0
337752740 0 4464040 32 0
384283611 0 6144 8 0
384297640 0 6152 8 0
384300567 0 6160 8 0
384302990 0 6168 8 0
384305311 0 6184 8 0
384307470 0 6192 8 0
384308935 0 6200 8 0
384310386 0 6208 8 0
384311731 0 6216 8 0
384313214 0 6224 8 0
384314704 0 6232 8 0
384316146 0 6240 8 0
384317573 0 6248 8 0
384319996 0 6256 8 0
384321882 0 6264 8 0
384323399 0 6272 8 0
384324512 0 6280 8 0
384325933 0 6288 8 0
384327244 0 6296 8 0
384328606 0 6304 8 0
384329984 0 6312 8 0
384331301 0 6320 8 0
384335768 0 6328 8 0
384337223 0 6336 8 0
384338704 0 6344 8 0
384340788 0 6352 8 0
384342752 0 6360 8 0
384345936 0 6368 8 0
384347975 0 6376 8 0
384349789 0 6384 8 0
384352071 0 6392 8 0
384354197 0 6400 8 0
384355175 0 6176 8 0
348269798 0 4464072 128 0
357849845 0 4512320 32 0
357917438 0 4512464 136 0
357993411 0 4512352 112 0
358090211 0 4510208 32 0
358137621 0 4510952 136 0
358226300 0 4511232 32 0
358272154 0 4511296 208 0
358331698 0 4511264 32 0
358497504 0 4510240 248 0
359087181 0 4510488 8 0
359496019 0 4510720 232 0
359954898 0 4459008 32 0
360071445 0 4459168 136 0
360163032 0 4459040 128 0
360255943 0 4496824 32 0
360285325 0 4496856 40 0
360326082 0 4496928 32 0
360356743 0 4496960 8 0
360923348 0 458904 8 0
383869184 0 4506768 248 0
383995727 0 4507016 8 0
397528285 0 67920 8 0
401719249 0 5632 8 0
401728309 0 5640 8 0
401730504 0 5648 8 0
401732548 0 5656 8 0
401734337 0 5664 8 0
401736635 0 5672 8 0
401738779 0 5680 8 0
401740678 0 5688 8 0
401742817 0 5696 8 0
401744932 0 5704 8 0
401747283 0 5712 8 0
401749473 0 5720 8 0
401753311 0 5728 8 0
401755256 0 5736 8 0
401757184 0 5744 8 0
401759274 0 5752 8 0
401761524 0 5760 8 0
401763555 0 5768 8 0
401766440 0 5784 8 0
401773704 0 5792 8 0
401780915 0 5800 8 0
401782946 0 5808 8 0
401784148 0 5816 8 0
401785551 0 5824 8 0
401786738 0 5832 8 0
401788037 0 5840 8 0
401790254 0 5848 8 0
401791499 0 5856 8 0
401792879 0 5864 8 0
401794581 0 5872 8 0
401796156 0 5880 8 0
401797972 0 5888 8 0
401798652 0 5776 8 0
401880822 0 2576 8 0
401889449 0 2584 8 0
401890855 0 2592 8 0
401892377 0 2600 8 0
401894109 0 2608 8 0
401895760 0 2616 8 0
401897940 0 2624 8 0
401901654 0 2632 8 0
401904303 0 2648 8 0
401906807 0 2656 8 0
401908647 0 2664 8 0
401910477 0 2672 8 0
401912756 0 2680 8 0
401915033 0 2688 8 0
401917172 0 2696 8 0
401919143 0 2704 8 0
401921364 0 2712 8 0
401927973 0 2720 8 0
401935076 0 2728 8 0
401936944 0 2736 8 0
401939077 0 2744 8 0
401942312 0 2752 8 0
401945065 0 2760 8 0
401947607 0 2768 8 0
401949444 0 2776 8 0
401950900 0 2784 8 0
401952401 0 2792 8 0
401953800 0 2800 8 0
401955217 0 2808 8 0
401956412 0 2640 8 0
401978331 0 68528 8 0
405621495 0 75760 8 0
410361439 0 75768 8 0
412925342 0 75800 8 0
419144003 0 75808 8 0
419329743 0 480496 16 0
424732341 0 75816 8 0
424749473 0 75824 8 0
424758885 0 75840 8 0
424862831 0 480896 32 0
428474161 0 480928 80 0
431752273 0 4516992 32 0
431793549 0 4517072 136 0
431836962 0 4517024 48 0
432243424 0 1315592 8 0
434111888 0 1315400 16 0
437533093 0 1228800 32 0
440919158 0 1228832 64 0
441022114 0 1228896 128 0
444091719 0 74216 8 0
452104965 0 392944 8 0
454220207 0 75848 8 0
454288878 0 507904 32 0
458039509 0 1073784 248 0
458074109 0 1074032 8 0
468930803 0 1073504 248 0
468966776 0 1073752 8 0
483571995 0 507936 248 0
483807337 0 508184 8 0
503235749 0 68816 8 0
508729273 0 77528 8 0
511715624 0 76560 8 0
521969557 0 401232 32 0
547463592 0 403064 144 0
562762792 0 401640 248 0
562798211 0 401888 8 0
608301595 0 4503344 32 0
608344143 0 4503384 136 0
608386018 0 4503376 8 0
608437692 0 401264 248 0
608514324 0 401512 8 0
618067192 0 401520 120 0
618158331 0 401896 248 0
618195112 0 402144 8 0
618431264 0 402152 248 0
618780809 0 402400 8 0
619144833 0 1072240 248 0
619179355 0 1072488 8 0
645135488 0 1072496 248 0
645172861 0 1072744 8 0
645216443 0 508192 128 0
645267507 0 1072752 248 0
645412686 0 1073000 8 0
645442941 0 508320 248 0
645443400 0 508568 8 0
645474878 0 508576 248 0
645475547 0 508824 8 0
648022107 0 508832 248 0
648078347 0 509080 8 0
648173707 0 509088 248 0
648225179 0 509336 8 0
648273222 0 1073008 248 0
648318690 0 1073256 8 0
648401369 0 509344 248 0
648453716 0 509592 8 0
648553343 0 509600 248 0
649223752 0 509848 8 0
649318116 0 509856 248 0
649319009 0 510104 8 0
657202790 0 1073264 240 0
657308332 0 510112 248 0
657327639 0 510360 8 0
657396999 0 510368 248 0
657397735 0 510616 8 0
683073203 0 510624 248 0
683127036 0 510872 8 0
683244846 0 510880 248 0
683294629 0 511128 8 0
683371329 0 511136 248 0
683417871 0 511384 8 0
683497630 0 511392 248 0
683541366 0 511640 8 0
683606013 0 1073760 24 0
683640062 0 511648 248 0
683683591 0 511896 8 0
684547205 0 511904 248 0
684595057 0 512152 8 0
684864163 0 402552 248 0
684912817 0 402800 8 0
684943838 0 402808 144 0
684999614 0 1069288 248 0
685038533 0 1069536 8 0
731696711 0 1068776 248 0
731757983 0 1069024 8 0
744975729 0 513216 248 0
745042656 0 513464 8 0
745083739 0 524008 248 0
745329442 0 524256 8 0
754918630 0 523152 248 0
754962952 0 523400 8 0
754996232 0 516224 248 0
755651768 0 516472 8 0
755681711 0 519136 248 0
755726084 0 519384 8 0
755752563 0 1068520 248 0
755778094 0 1068768 8 0
796840405 0 523632 248 0
796886343 0 523880 8 0
796913621 0 1069032 224 0
796985597 0 515344 248 0
797031323 0 515592 8 0
797074844 0 518688 248 0
797120231 0 518936 8 0
797147574 0 512160 248 0
797192256 0 512408 8 0
797220706 0 1069552 248 0
797265079 0 1069800 8 0
797296249 0 1066544 248 0
797337780 0 1066792 8 0
807704751 0 1066256 248 0
807742765 0 1066504 8 0
821626853 0 517848 248 0
821682008 0 518096 8 0
821720112 0 512472 248 0
821776117 0 512720 8 0
821905900 0 520312 248 0
821958420 0 520560 8 0
821988770 0 1067880 248 0
822033314 0 1068128 8 0
822139994 0 524264 24 0
822159666 0 1065600 128 0
830541630 0 4512256 32 0
830585404 0 4512288 32 0
830732827 0 520600 248 0
830778038 0 520848 8 0
830928307 0 520008 248 0
830971957 0 520256 8 0
831060396 0 518104 176 0
831122865 0 488008 32 0
835879105 0 488152 8 0
838821112 0 488040 112 0
838951737 0 483920 32 0
844957980 0 484288 8 0
864619009 0 1067448 192 0
864926540 0 1067640 192 0
864980778 0 1067832 48 0
865044399 0 519832 176 0
866331626 0 1066800 56 0
866475555 0 521928 248 0
866521335 0 522176 8 0
866889872 0 519672 160 0
866956012 0 523552 80 0
866986353 0 516976 136 0
867035371 0 523888 120 0
868070537 0 522312 248 0
868111986 0 522560 8 0
868191234 0 520856 248 0
868232276 0 521104 8 0
868269470 0 540672 32 0
848135409 0 483952 192 0
852120416 0 484144 144 0
852274013 0 1069256 32 0
852391060 0 513472 248 0
852436830 0 513720 8 0
852461216 0 518960 176 0
852596603 0 75856 8 0
852641209 0 4500792 248 0
852687494 0 4501040 8 0
852798755 0 1065728 248 0
853021049 0 1065976 8 0
853476771 0 517112 248 0
853575823 0 517360 8 0
853602059 0 519416 248 0
853645509 0 519664 8 0
853664219 0 518280 136 0
853783288 0 1065984 192 0
854390315 0 68488 8 0
859408326 0 2192 8 0
859437480 0 2056 8 0
859562865 0 1069544 8 0
859598373 0 1068136 248 0
860156523 0 1068384 8 0
860253713 0 516616 248 0
860300294 0 516864 8 0
860364290 0 522960 192 0
860517346 0 516056 168 0
860641328 0 514144 248 0
860685771 0 514392 8 0
860815198 0 488160 32 0
860923703 0 488224 8 0
861003377 0 488192 32 0
861240235 0 529896 8 0
861383669 0 523408 144 0
861874031 0 1067040 248 0
861985687 0 1067288 8 0
862016816 0 513856 248 0
862138646 0 514104 8 0
862161812 0 513728 128 0
862395000 0 1067296 152 0
862882689 0 518944 16 0
862921859 0 1066176 80 0
863096121 0 1066856 184 0
864377888 0 4507024 176 0
930583456 0 1128072 8 0
938558500 0 1124488 248 0
938606359 0 1124736 8 0
955595380 0 1124744 248 0
955633558 0 1124992 8 0
955690264 0 1125000 248 0
955931607 0 1125248 8 0
956080714 0 1125256 248 0
956081347 0 1125504 8 0
965407914 0 1125512 248 0
965445187 0 1125760 8 0
965599388 0 1125768 248 0
965634382 0 1126016 8 0
965786356 0 1126024 248 0
966358607 0 1126272 8 0
966511995 0 1126280 248 0
966512495 0 1126528 8 0
969897462 0 1126536 248 0
969937684 0 1126784 8 0
970087051 0 1126792 248 0
970169111 0 1127040 8 0
970318425 0 1127048 248 0
970363814 0 1127296 8 0
970508181 0 1127304 248 0
970508667 0 1127552 8 0
974262140 0 1127560 248 0
974301068 0 1127808 8 0
974447614 0 1127816 248 0
974484163 0 1128064 8 0
974838371 0 1068392 128 0
974889907 0 515920 136 0
974995973 0 518416 128 0
975639463 0 522184 128 0
977952166 0 1090608 8 0
994766488 0 1124480 8 0
997851308 0 1124472 8 0
1000372542 0 1124464 8 0
1002892694 0 1124448 8 0
1005244553 0 1124456 8 0
1008316589 0 1124440 8 0
1011581158 0 1124424 8 0
1013746290 0 1124432 8 0
1016531112 0 1124416 8 0
1019607873 0 1124408 8 0
1021578206 0 1124400 8 0
1023570032 0 1124392 8 0
1025698767 0 1124384 8 0
1027807348 0 1124376 8 0
1029942857 0 1090832 8 0
1031991176 0 1090840 32 0
1034975948 0 1090816 8 0
1039208834 0 1090824 8 0
1041533153 0 1090888 8 0
1041547454 0 1090896 32 0
1041626160 0 1090928 64 0
1041829616 0 1090776 8 0
1048912067 0 1090784 32 0
1055218060 0 1090872 8 0
1055768770 0 1090696 8 0
1059064171 0 1090704 32 0
1061731116 0 1090736 40 0
1062321385 0 1090464 8 0
1071736794 0 1090672 8 0
1073698046 0 1090680 16 0
1076829827 0 1124344 8 0
1078518652 0 1124352 24 0
1081721614 0 1124336 8 0
1085291600 0 1123856 8 0
1087271011 0 1123864 32 0
1090484356 0 1124328 8 0
1092877941 0 1124312 8 0
1094904805 0 1124320 8 0
1108204068 0 1124264 8 0
1110408477 0 521376 248 0
1110467004 0 521624 8 0
1111023524 0 1124256 8 0
1112972803 0 1124224 8 0
1114931222 0 1123368 8 0
1116569100 0 1123376 32 0
1119548533 0 1124216 8 0
1122326547 0 1124208 8 0
1096827561 0 1124304 8 0
1098581290 0 1124296 8 0
1100527206 0 1124280 8 0
1102183745 0 1124288 8 0
1104042151 0 1124272 8 0
1106027281 0 520264 48 0
1106100776 0 516480 136 0
1106144236 0 1066512 32 0
1107649284 0 521632 248 0
1107711489 0 521880 8 0
1107725587 0 521888 40 0
1138989089 0 265136 8 0
1141160424 0 1124200 8 0
1142589577 0 1124192 8 0
1142753382 0 1124184 8 0
1143142126 0 1124176 8 0
1143753544 0 1124168 8 0
1144154582 0 1124160 8 0
1144773669 0 1124152 8 0
1144916218 0 1123816 8 0
1124570368 0 1124248 8 0
1127096524 0 1124072 8 0
1130485697 0 1124080 32 0
1147212865 0 1123824 32 0
1149629862 0 1124128 8 0
1149643937 0 1124136 16 0
1150182992 0 1124120 8 0
1150581079 0 1123024 16 0
1155982305 0 1124232 16 0
1160107320 0 1122216 8 0
1162366648 0 1118040 8 0
1165345194 0 1122736 8 0
1169626060 0 1124112 8 0
1171360605 0 1124064 8 0
1178118360 0 1124056 8 0
1188057253 0 1124048 8 0
1191427585 0 1108128 8 0
1193693335 0 1124040 8 0
1198348059 0 1118544 8 0
1200548153 0 1118632 8 0
1202487396 0 1118624 8 0
1204636013 0 1123088 8 0
1207864292 0 1123096 32 0
1217796102 0 1123896 88 0
1218108654 0 1123992 8 0
1218341455 0 1123984 8 0
1218352797 0 1124000 40 0
1218774100 0 1090400 8 0
1223274302 0 1106728 8 0
1227703346 0 1118744 8 0
1231930006 0 1118752 32 0
1241335466 0 1091088 8 0
1241350890 0 1091096 32 0
1241483607 0 1091072 8 0
1241534491 0 1091080 8 0
1241733027 0 1118784 64 0
1242033523 0 1123608 8 0
1251069420 0 1123616 32 0
1253780853 0 1123648 64 0
1254267567 0 1123576 8 0
1260210742 0 1123600 8 0
1262469446 0 1123592 8 0
1263976651 0 1123584 8 0
1266365073 0 1092728 8 0
1268091780 0 1092736 32 0
1273768121 0 1091304 8 0
1275599692 0 1090392 8 0
1277423792 0 1122808 8 0
1279227890 0 1122816 32 0
1282982593 0 1123800 8 0
1283300929 0 1119752 8 0
1285327590 0 1123792 8 0
1285631108 0 1123784 8 0
1285856873 0 1123768 8 0
1285872335 0 1123776 8 0
1286277474 0 1123760 8 0
1286491488 0 1090544 8 0
1288668723 0 1122936 8 0
1288682675 0 1122944 32 0
1289002218 0 1106712 8 0
1290488705 0 1106720 8 0
1290542198 0 1106736 16 0
1292370722 0 1093344 8 0
1295696217 0 1122928 8 0
1296150604 0 1092864 8 0
1296166262 0 1092872 32 0
1298461614 0 1092480 8 0
1300093567 0 1092488 32 0
1303099747 0 1123752 8 0
1303578022 0 1123744 8 0
1303818686 0 75872 8 0
1304267254 0 1123712 32 0
1304284640 0 1123808 8 0
1306184578 0 1092640 8 0
1306331480 0 1091288 8 0
1307141372 0 1092720 8 0
1308937858 0 1113696 8 0
1310456305 0 1113704 32 0
1312424573 0 1092920 8 0
1312541603 0 1113656 8 0
1315040343 0 1113664 32 0
1317067354 0 1113648 8 0
1320110367 0 1090512 8 0
1321810322 0 1123568 8 0
1324220141 0 1123560 8 0
1326380997 0 1123552 8 0
1328687434 0 4195840 8 0
1328706452 0 4195848 8 0
1328715096 0 4195856 8 0
1328722665 0 4195864 8 0
1328729531 0 4195872 8 0
1328735968 0 4195880 8 0
1328742861 0 4195888 8 0
1328750280 0 4195896 8 0
1328758009 0 4195912 8 0
1328765343 0 4195920 8 0
1328773609 0 4195928 8 0
1328780912 0 4195936 8 0
1328789033 0 4195944 8 0
1328796429 0 4195952 8 0
1328803942 0 4195960 8 0
1328812207 0 4195968 8 0
1328818883 0 4195976 8 0
1328824516 0 4195984 8 0
1328831353 0 4195992 8 0
1328837790 0 4196000 8 0
1328847858 0 4196008 8 0
1328855506 0 4196016 8 0
1328862852 0 4196024 8 0
1328869568 0 4196032 8 0
1328876831 0 4196040 8 0
1328883086 0 4196048 8 0
1328889735 0 4196056 8 0
1328895912 0 4196064 8 0
1328902830 0 4196072 8 0
1328910754 0 4196080 8 0
1328918201 0 4196088 8 0
1328924882 0 4196096 8 0
1328930091 0 4195904 8 0
1328946039 0 4265056 8 0
1330783160 0 515696 224 0
1330982574 0 76552 8 0
1332631609 0 6912 8 0
1332638505 0 6920 8 0
1332643569 0 6928 8 0
1332648134 0 6936 8 0
1332652382 0 6944 8 0
1332656872 0 6952 8 0
1332662278 0 6960 8 0
1332667057 0 6968 8 0
1332671174 0 6976 8 0
1332675730 0 6984 8 0
1332680249 0 6992 8 0
1332684607 0 7000 8 0
1332688984 0 7008 8 0
1332694150 0 7016 8 0
1332698718 0 7024 8 0
1332703094 0 7032 8 0
1332707264 0 7040 8 0
1332714281 0 7048 8 0
1332718738 0 7056 8 0
1332723379 0 7064 8 0
1332728587 0 7072 8 0
1332732946 0 7080 8 0
1332737580 0 7088 8 0
1332741796 0 7096 8 0
1332980964 0 7104 8 0
1332988904 0 7112 8 0
1332993594 0 7120 8 0
1332998097 0 7128 8 0
1333004279 0 7136 8 0
1333009061 0 7152 8 0
1333014004 0 7160 8 0
1333018886 0 7168 8 0
1333022687 0 7144 8 0
1333033906 0 76512 8 0
1344897965 0 1091976 8 0
1358146013 0 515600 96 0
1358750351 0 522720 240 0
1358860190 0 1106176 8 0
1361169983 0 1106184 32 0
1363228203 0 1106216 64 0
1363727606 0 1120184 8 0
1368834796 0 1120192 32 0
1371027321 0 1120224 64 0
1371272746 0 1120176 8 0
1377548372 0 1118552 8 0
1379359922 0 1120168 8 0
1381371605 0 1091600 8 0
1383264213 0 1120848 8 0
1383489120 0 1120904 8 0
1384970290 0 1120912 32 0
1387240564 0 1118600 8 0
1389187726 0 1118608 16 0
1391074968 0 1119080 8 0
1391230231 0 1092408 8 0
1393772619 0 1092416 32 0
1347209888 0 1123488 8 0
1347235975 0 1123496 32 0
1347588259 0 1091984 32 0
1351935397 0 1123544 8 0
1354733570 0 1123536 8 0
1357001161 0 1123528 8 0
1396030577 0 1121360 8 0
1398363561 0 1093800 8 0
1400137449 0 1315288 112 0
1400184720 0 1315416 128 0
1409429877 0 1315544 48 0
1409530547 0 1106752 48 0
1410051521 0 1122064 8 0
1428932525 0 1122056 8 0
1436557678 0 1122272 8 0
1440176808 0 1091440 8 0
1440194928 0 1091448 32 0
1440318115 0 1091504 8 0
1440329356 0 1091512 32 0
1440733331 0 1120896 8 0
1443457490 0 1120160 8 0
1445773876 0 1120152 8 0
1448517453 0 1120120 8 0
1450568879 0 1119008 8 0
1450912901 0 1093808 32 0
1454736790 0 1119016 32 0
1455870140 0 1119912 8 0
1458036429 0 1119920 32 0
1460699457 0 1119904 8 0
1464621717 0 1120888 8 0
1466515527 0 1119896 8 0
1472570782 0 512752 248 0
1472630462 0 513000 8 0
1472650768 0 513008 136 0
1472709294 0 517504 248 0
1472754194 0 517752 8 0
1472781953 0 517760 88 0
1472871336 0 517368 136 0
1472959919 0 513144 72 0
1472997196 0 514112 32 0
1476035177 0 514408 248 0
1476084852 0 514656 8 0
1478884810 0 522576 144 0
1479612071 0 522568 8 0
1486158824 0 512416 56 0
1481580844 0 512728 24 0
1510256872 0 1119880 8 0
1513374842 0 1119888 8 0
1519603437 0 1091880 8 0
1522284710 0 1093496 8 0
1525052438 0 1107264 8 0
1528005649 0 1122200 8 0
1530105500 0 489520 24 0
1530481777 0 1119864 8 0
1532630424 0 1119872 8 0
1535009685 0 489544 32 0
1535063827 0 490632 8 0
1540889822 0 490480 152 0
1550738785 0 490640 32 0
1552622511 0 490776 8 0
1552672213 0 490672 104 0
1552958358 0 491208 32 0
1556363374 0 491360 8 0
1556413576 0 491240 120 0
1556709809 0 4669376 32 0
1560961047 0 4669432 8 0
1563585642 0 4669408 24 0
1563931946 0 490784 32 0
1564032789 0 491200 8 0
1564091536 0 491056 144 0
1564489744 0 630568 32 0
1580584035 0 630768 8 0
1583766471 0 630760 8 0
1585340651 0 630752 8 0
1587064658 0 630744 8 0
1588625139 0 630736 8 0
1590214453 0 630728 8 0
1590299293 0 630720 8 0
1590359465 0 630712 8 0
1590421230 0 630704 8 0
1590471688 0 630696 8 0
1590518620 0 630688 8 0
1590565275 0 630680 8 0
1590611345 0 630672 8 0
1590656762 0 630664 8 0
1590702378 0 630656 8 0
1590747851 0 630648 8 0
1590793111 0 630640 8 0
1591064086 0 1122984 8 0
1599257142 0 528488 32 0
1599317107 0 528984 8 0
1599374588 0 528840 144 0
1603600509 0 515088 248 0
1603612065 0 515336 8 0
1626604379 0 1119848 8 0
1628726137 0 1119856 8 0
1630358701 0 1119776 8 0
1634049694 0 1119768 8 0
1636656612 0 1119760 8 0
1636667956 0 1119784 8 0
1638488856 0 1229024 248 0
1638489606 0 1229272 8 0
1639240980 0 1092448 32 0
1639508283 0 1111888 8 0
1654269179 0 1115744 8 0
1656958843 0 1118872 8 0
1656978246 0 1118880 32 0
1657116387 0 1115736 8 0
1659281215 0 1115728 8 0
1661452121 0 1119832 8 0
1663428332 0 1119840 8 0
1683917774 0 1115720 8 0
1687233858 0 1114784 8 0
1690018367 0 1110864 8 0
1691952192 0 1110872 32 0
1694218331 0 1110904 64 0
1694487102 0 1115552 8 0
1667398979 0 1119792 32 0
1667525924 0 1119824 8 0
1668295712 0 1119952 64 0
1670337463 0 75904 8 0
1670413202 0 74248 8 0
1673106394 0 393104 32 0
1678348193 0 393136 8 0
1702688480 0 1115560 32 0
1705111034 0 1115520 8 0
1707752067 0 1115544 8 0
1709653109 0 1110840 8 0
1711230423 0 1115536 8 0
1714326544 0 1115608 8 0
1714370054 0 1115616 32 0
1714777965 0 1115648 64 0
1715060420 0 1115528 8 0
1717260397 0 1115592 16 0
1717459684 0 1115712 8 0
1717469913 0 1115752 32 0
1718593535 0 1115784 248 0
1718594125 0 1116032 8 0
1719904701 0 1092056 8 0
1723098079 0 1092064 32 0
1723401924 0 1109960 8 0
1725124265 0 1109968 32 0
1727217430 0 529224 32 0
1727275318 0 529864 8 0
1727329760 0 529704 160 0
1727802009 0 1106696 8 0
1727843024 0 1106704 8 0
1728083911 0 1111088 8 0
1729511756 0 1122208 8 0
1731335139 0 1123352 8 0
1736037662 0 1111096 8 0
1736106845 0 1111104 32 0
1736407505 0 1111856 8 0
1738233923 0 1111896 8 0
1739908474 0 1111904 32 0
1742397529 0 1092144 8 0
1742738796 0 1112720 8 0
1745214092 0 1112728 32 0
1747459676 0 1112760 64 0
1748159594 0 1112824 128 0
1750326189 0 1112416 8 0
1757562870 0 1122632 8 0
1759907141 0 1112464 8 0
1761425145 0 1112472 32 0
1763989315 0 1112456 8 0
1766866125 0 1112640 8 0
1768905120 0 1112648 32 0
1771031155 0 1112424 8 0
1774013422 0 1112432 24 0
1775953928 0 1112504 24 0
1776112535 0 1112680 32 0
1776429588 0 1112712 8 0
1777264804 0 1096024 8 0
1789986695 0 1096032 32 0
1795496430 0 1112624 8 0
1795548226 0 1112632 8 0
1796046301 0 1112336 8 0
1812005051 0 1112344 32 0
1814429665 0 1112376 40 0
1814844614 0 1120632 8 0
1816933927 0 1118912 32 0
1817407058 0 1118944 64 0
1817418280 0 1119048 24 0
1817706835 0 1118848 24 0
1818285909 0 1119072 8 0
1818305589 0 1119088 240 0
1819659389 0 1092184 8 0
1821412206 0 1092168 8 0
1822999925 0 1091896 8 0
1824501934 0 1091904 32 0
1826419582 0 1115504 8 0
1826464757 0 1115512 8 0
1826975190 0 1111480 8 0
1828943951 0 1111432 8 0
1829009590 0 1111440 32 0
1829381349 0 1092176 8 0
1831113885 0 1092152 8 0
1833060433 0 1115496 8 0
1833706532 0 1121456 8 0
1833741824 0 1121464 32 0
1833849050 0 1121496 64 0
1834662887 0 1092096 48 0
1834811030 0 1112584 8 0
1834849785 0 1112592 32 0
1835820128 0 1112528 56 0
1838372591 0 1119448 8 0
1838421074 0 1119456 32 0
1838523775 0 1119488 64 0
1839223776 0 1119432 8 0
1839265350 0 1119440 8 0
1845865751 0 1123360 8 0
1846037434 0 1092160 8 0
1846053683 0 1092192 112 0
1847032881 0 1110968 120 0
1865691056 0 1122376 8 0
1865740993 0 1122384 32 0
1865848424 0 1122416 64 0
1866026897 0 1122480 128 0
1866553676 0 1093688 8 0
1872161707 0 1122336 8 0
1872246757 0 1122344 32 0
1872336920 0 1093736 8 0
1874896873 0 1093696 8 0
1876749619 0 1093704 32 0
1879260811 0 1122248 8 0
1879305131 0 1122256 16 0
1879311097 0 1122280 8 0
1879409617 0 1122288 48 0
1882461432 0 1092368 8 0
1882669515 0 1113184 8 0
1882727490 0 1113192 32 0
1883145648 0 1113168 8 0
1883322420 0 1113176 8 0
1883813032 0 1113160 8 0
1884873081 0 1120784 8 0
1885111160 0 1111472 8 0
1885122730 0 1111488 16 0
1886389762 0 1111504 128 0
1906569260 0 1115456 8 0
1906628329 0 1115464 32 0
1911099483 0 528992 32 0
1911159496 0 529192 8 0
1911220195 0 529048 144 0
1911337910 0 1116792 8 0
1912568188 0 1111384 8 0
1912612911 0 1111392 32 0
1912816374 0 1092024 8 0
1916981678 0 1117032 8 0
1917229417 0 1106624 8 0
1926413241 0 1123480 8 0
1926784478 0 1123472 8 0
1927132270 0 1123456 8 0
1927181634 0 1123464 8 0
1927693111 0 1123440 8 0
1927742711 0 1123448 8 0
1928035129 0 1123432 8 0
1928583475 0 1123408 24 0
1929694760 0 1090632 8 0
1931745040 0 1116920 8 0
1932360729 0 1095312 8 0
1932601065 0 1095272 8 0
1932644922 0 1095280 32 0
1933851985 0 1313800 8 0
1937080970 0 1118496 8 0
1937863950 0 1093568 8 0
1937963645 0 1093520 8 0
1938000440 0 1093528 32 0
1938422731 0 1113736 64 0
1938538302 0 1093560 8 0
1938548676 0 1093576 32 0
1938789252 0 1122784 8 0
1939036440 0 1122776 8 0
1939491165 0 1123128 32 0
1939858662 0 1123160 64 0
1940458755 0 1123224 128 0
1940710518 0 1090240 8 0
1942709575 0 1090248 32 0
1945219037 0 1090016 8 0
1948011953 0 1090024 32 0
1950550782 0 1120392 8 0
1950622408 0 1122920 8 0
1950782768 0 1093608 80 0
1950792240 0 1093744 24 0
1951394779 0 1090456 8 0
1954234560 0 1093048 8 0
1954299431 0 1093056 32 0
1955203420 0 392952 8 0
1957116820 0 1113800 144 0
1958480983 0 1114888 8 0
1958527473 0 1114896 32 0
1959225089 0 1122640 8 0
1963139078 0 1119368 8 0
1963544046 0 1120144 8 0
1963953640 0 1120136 8 0
1964273261 0 1120128 8 0
1964835923 0 1109208 8 0
1966797844 0 1109200 8 0
1969105406 0 548568 8 0
1970651613 0 548576 32 0
1973178268 0 548608 64 0
1975005318 0 1095448 8 0
1975679489 0 1095456 32 0
1976422870 0 1123072 8 0
1976467433 0 1123080 8 0
1976861705 0 1123064 8 0
1977768881 0 1232456 8 0
1980688211 0 1092712 8 0
1980922468 0 1121176 8 0
1981061748 0 1116208 8 0
2006318589 0 1122032 8 0
2006374557 0 1122040 16 0
2048713346 0 1229280 248 0
2048724625 0 1229528 8 0
2052872794 0 1229536 248 0
2052876848 0 1229784 8 0
2056486453 0 1229792 248 0
2056490751 0 1230040 8 0
2057861207 0 1230048 248 0
2057869057 0 1230296 8 0
2059197609 0 1230304 248 0
2059204750 0 1230552 8 0
2060502219 0 1230560 248 0
2060510374 0 1230808 8 0
2061878320 0 1230816 248 0
2061888000 0 1231064 8 0
2063176002 0 1231072 248 0
2063184257 0 1231320 8 0
2064458579 0 1231328 248 0
2064462685 0 1231576 8 0
2065733960 0 1231584 248 0
2065741576 0 1231832 8 0
2067042661 0 1231840 248 0
2067051134 0 1232088 8 0
2068323001 0 1232096 248 0
2068332503 0 1232344 8 0
2069669685 0 1232352 104 0
2069683167 0 1232464 144 0
2070967954 0 1232608 248 0
2070975823 0 1232856 8 0
2071674821 0 2088 8 0
2071801191 0 1306624 248 1
2071817147 0 1306872 248 1
2071826617 0 1307120 248 1
2071835661 0 1307368 248 1
2071845193 0 1307616 248 1
2071854449 0 1307864 248 1
2071863217 0 1308112 248 1
2071872757 0 1308360 248 1
2071881841 0 1308608 248 1
2071890948 0 1308856 248 1
2071899709 0 1309104 248 1
2071908477 0 1309352 248 1
2071917007 0 1309600 248 1
2071927207 0 1309848 224 1
2078011001 0 1092904 16 0
2078018215 0 1092928 24 0
2078997354 0 1093096 8 0
2092659842 0 1123008 8 0
2092766024 0 1123016 8 0
2092770015 0 1123040 8 0
2093645584 0 1123000 8 0
2094025641 0 1121368 32 0
2094169459 0 1121400 56 0
2097982222 0 1122184 8 0
2098628197 0 1109256 8 0
2145896010 0 1109264 32 0
2149864617 0 1092848 8 0
2149913974 0 1092856 8 0
2161547225 0 1117128 8 0
2161627286 0 1117136 32 0
2161849274 0 1122240 8 0
2162059927 0 1117168 64 0
2162243866 0 1117232 128 0
2163063388 0 1118520 8 0
2163138401 0 1122648 24 0
2164068070 0 265816 8 0
2166876290 0 393168 8 0
2167004125 0 4265064 8 0
2169300219 0 4196104 8 0
2169308041 0 4196112 8 0
2169310173 0 4196128 8 0
2169312003 0 4196136 8 0
2169313255 0 4196144 8 0
2169314869 0 4196152 8 0
2169316222 0 4196160 8 0
2169317356 0 4196168 8 0
2169318624 0 4196176 8 0
2169319801 0 4196184 8 0
2169321862 0 4196192 8 0
2169323104 0 4196200 8 0
2169324292 0 4196208 8 0
2169325861 0 4196216 8 0
2169326993 0 4196224 8 0
2169328061 0 4196232 8 0
2169329210 0 4196240 8 0
2169330561 0 4196248 8 0
2169331736 0 4196256 8 0
2169332907 0 4196264 8 0
2169334129 0 4196272 8 0
2169335402 0 4196280 8 0
2169336589 0 4196288 8 0
2169337742 0 4196296 8 0
2169339624 0 4196304 8 0
2169341002 0 4196312 8 0
2169342289 0 4196320 8 0
2169343703 0 4196328 8 0
2169344995 0 4196336 8 0
2169351024 0 4196344 8 0
2169352898 0 4196352 8 0
2169353702 0 4196120 8 0
2169424025 0 1091624 8 0
2173378618 0 1091632 32 0
2176742818 0 1108312 8 0
2178472784 0 1108344 8 0
2180118381 0 1108512 8 0
2181822217 0 1108520 32 0
2184261745 0 1108552 64 0
2184485973 0 1108272 8 0
2189632393 0 1091736 8 0
2189675789 0 1091744 32 0
2190095646 0 1108336 8 0
2192195315 0 1108504 8 0
2193977109 0 1091616 8 0
2196376938 0 1108616 144 0
2196652986 0 1108280 8 0
2202675020 0 1091672 8 0
2202784448 0 1091680 32 0
2203828645 0 487312 32 0
2207692274 0 487448 8 0
2210275463 0 487344 64 0
2210296139 0 487408 40 0
2210491566 0 487120 32 0
2217421367 0 487176 136 0
2221489073 0 7176 8 0
2221497837 0 7184 8 0
2221499284 0 7192 8 0
2221500630 0 7200 8 0
2221502311 0 7216 8 0
2221503958 0 7224 8 0
2221505265 0 7232 8 0
2221506476 0 7240 8 0
2221508659 0 7248 8 0
2221510136 0 7256 8 0
2221513136 0 7264 8 0
2221514696 0 7272 8 0
2221516197 0 7280 8 0
2221517901 0 7288 8 0
2221519555 0 7296 8 0
2221520990 0 7304 8 0
2221522242 0 7312 8 0
2221523411 0 7320 8 0
2221524758 0 7328 8 0
2221525825 0 7336 8 0
2221527986 0 7344 8 0
2221529383 0 7352 8 0
2221531387 0 7360 8 0
2221535952 0 7368 8 0
2221537503 0 7376 8 0
2221538933 0 7384 8 0
2221540310 0 7392 8 0
2221541712 0 7400 8 0
2221543262 0 7408 8 0
2221544723 0 7416 8 0
2221546065 0 7424 8 0
2221546680 0 7208 8 0
2221604784 0 800576 32 0
2224906740 0 803448 144 0
2232261802 0 800736 248 0
2232269933 0 800984 8 0
2242928841 0 775016 32 0
2249376002 0 775544 136 0
2257170145 0 775048 224 0
2262300448 0 4531640 32 0
2267753868 0 4533664 144 0
2275872402 0 4531688 248 0
2275933396 0 4531936 8 0
2282989714 0 772832 32 0
2287982951 0 4512088 32 0
2288029325 0 4512120 136 0
2288121997 0 753280 32 0
2292685506 0 753312 32 0
2296640781 0 4531672 16 0
2296868503 0 4531944 240 0
2297360034 0 800608 128 0
2297708078 0 775272 248 0
2297747790 0 775520 8 0
2297867358 0 800992 128 0
2297942103 0 801120 248 0
2297983143 0 801368 8 0
2298005786 0 487152 24 0
2298509923 0 4532728 248 0
2298516883 0 4532976 8 0
2303796861 0 4532224 248 0
2303837830 0 4532472 8 0
2303868306 0 4532184 40 0
2304011389 0 4532480 184 0
2305134948 0 1108472 8 0
2379434711 0 1108480 24 0
2381942710 0 1091728 8 0
2382011317 0 1091712 16 0
2382768307 0 1091608 8 0
2384990762 0 1108376 8 0
2387130263 0 1108368 8 0
2389310793 0 1122072 64 0
2389786232 0 4265152 8 0
2391950227 0 4671784 8 0
2393840618 0 1117104 8 0
2393854817 0 1117112 16 0
2394872071 0 1117072 8 0
2394885542 0 1117080 24 0
2395562668 0 1122192 8 0
2396597106 0 1122136 48 0
2396614739 0 1122224 16 0
2397181886 0 1117064 8 0
2397479500 0 1117056 8 0
2398117972 0 1120424 8 0
2399536321 0 1122992 8 0
2401819020 0 489504 16 0
2406525436 0 1121968 8 0
2411621327 0 1118736 8 0
2412084003 0 75944 8 0
2412768445 0 1093352 8 0
2412789611 0 1093360 32 0
2412902456 0 1093392 64 0
2413841138 0 1093288 8 0
2415071407 0 1093336 8 0
2415455844 0 1093328 8 0
2416208927 0 1122848 64 0
2416993543 0 1093280 8 0
2426262050 0 1118672 8 0
2434448687 0 1120288 104 0
2434488523 0 1120400 24 0
2444503832 0 1093504 8 0
2444785860 0 1093512 8 0
2445966211 0 1092632 8 0
2448019377 0 1092600 8 0
2448036048 0 1092608 24 0
2448107644 0 1092648 56 0
2448943813 0 1092592 8 0
2449643123 0 1092584 8 0
2502486148 0 1118512 8 0
2502768911 0 1118504 8 0
2502777661 0 1118528 8 0
2503514991 0 1118488 8 0
2503890014 0 1118480 8 0
2505016436 0 1118472 8 0
2557117157 0 1232864 248 0
2557165965 0 1233112 8 0
2599392447 0 1233120 248 0
2599439486 0 1233368 8 0
2612533608 0 1233376 248 0
2612579432 0 1233624 8 0
2625063672 0 1233632 248 0
2625112508 0 1233880 8 0
2637054814 0 1233888 248 0
2637100039 0 1234136 8 0
2651423477 0 1234144 248 0
2651468929 0 1234392 8 0
2661252532 0 1234400 248 0
2661295510 0 1234648 8 0
2672686455 0 1234656 248 0
2672736139 0 1234904 8 0
2689215804 0 1234912 248 0
2689264225 0 1235160 8 0
2701437956 0 1235168 248 0
2701486554 0 1235416 8 0
2702803572 0 1235424 248 0
2702884189 0 1235672 8 0
2704595722 0 1235680 248 0
2704643314 0 1235928 8 0
2705945020 0 1235936 248 0
2705992011 0 1236184 8 0
2707309683 0 1236192 248 0
2707355581 0 1236440 8 0
2708649933 0 1236448 248 0
2708697282 0 1236696 8 0
2710706730 0 1236704 248 0
2710749279 0 1236952 8 0
2712080026 0 1236960 248 0
2712126916 0 1237208 8 0
2713398835 0 1237216 248 0
2713442587 0 1237464 8 0
2714713593 0 1237472 248 0
2714759437 0 1237720 8 0
2716422139 0 1237728 248 0
2716467121 0 1237976 8 0
2718124812 0 1237984 248 0
2718171177 0 1238232 8 0
2719498271 0 1238240 248 0
2719544242 0 1238488 8 0
2720817878 0 1238496 248 0
2720863037 0 1238744 8 0
2722147818 0 1238752 248 0
2722192772 0 1239000 8 0
2723485437 0 1239008 248 0
2723530523 0 1239256 8 0
2724802069 0 1239264 248 0
2724847939 0 1239512 8 0
2726138764 0 1239520 248 0
2726184355 0 1239768 8 0
2727468530 0 1239776 248 0
2727512622 0 1240024 8 0
2728988301 0 1240032 248 0
2729033764 0 1240280 8 0
2730306271 0 1240288 248 0
2730350990 0 1240536 8 0
2731665788 0 1240544 248 0
2731711839 0 1240792 8 0
2733016470 0 1240800 248 0
2733062533 0 1241048 8 0
2734334475 0 1241056 248 0
2734379411 0 1241304 8 0
2735671715 0 1241312 248 0
2735717044 0 1241560 8 0
2736988993 0 1241568 248 0
2737033548 0 1241816 8 0
2738758032 0 1241824 248 0
2738804791 0 1242072 8 0
2740310555 0 1242080 248 0
2740357358 0 1242328 8 0
2742040468 0 1242336 248 0
2742086747 0 1242584 8 0
2743619851 0 1242592 248 0
2743679401 0 1242840 8 0
2744954118 0 1242848 248 0
2744997495 0 1243096 8 0
2746419402 0 1243104 248 0
2746462716 0 1243352 8 0
2747763857 0 1243360 248 0
2747809335 0 1243608 8 0
2749653291 0 1243616 248 0
2749697596 0 1243864 8 0
2751000743 0 1243872 248 0
2751044853 0 1244120 8 0
2752324182 0 1244128 248 0
2752370056 0 1244376 8 0
2754371090 0 1244384 248 0
2754409551 0 1244632 8 0
2755728674 0 1244640 248 0
2755767368 0 1244888 8 0
2757048325 0 1244896 248 0
2757091297 0 1245144 8 0
2758359610 0 1245152 32 0
2758377817 0 1327104 224 0
2759701175 0 1327328 248 0
2759701744 0 1327576 8 0
2801201946 0 1327584 248 0
2801622029 0 1327832 8 0
2803726140 0 1327840 248 0
2803726905 0 1328088 8 0
2806539776 0 1328096 248 0
2806585839 0 1328344 8 0
2808024593 0 1328352 248 0
2808064398 0 1328600 8 0
2809368925 0 1328608 248 0
2809787612 0 1328856 8 0
2811130860 0 1328864 248 0
2811167174 0 1329112 8 0
2812484838 0 1329120 248 0
2812514757 0 1329368 8 0
2813783381 0 1329376 248 0
2813783848 0 1329624 8 0
2815274604 0 1329632 248 0
2815311599 0 1329880 8 0
2816602148 0 1329888 248 0
2816639138 0 1330136 8 0
2817913512 0 1330144 248 0
2817949980 0 1330392 8 0
2819245963 0 1330400 248 0
2819282670 0 1330648 8 0
2820556040 0 1330656 248 0
2821328310 0 1330904 8 0
2822637536 0 1330912 248 0
2822674842 0 1331160 8 0
2823966002 0 1331168 248 0
2823995814 0 1331416 8 0
2825284465 0 1331424 248 0
2825284853 0 1331672 8 0
2830911946 0 1331680 248 0
2830947989 0 1331928 8 0
2832254317 0 1331936 248 0
2832293283 0 1332184 8 0
2833565506 0 1332192 248 0
2833603041 0 1332440 8 0
2834896655 0 1332448 248 0
2834934292 0 1332696 8 0
2836211707 0 1332704 248 0
2836248803 0 1332952 8 0
2837532560 0 1332960 248 0
2837567634 0 1333208 8 0
2838894301 0 1333216 248 0
2838930464 0 1333464 8 0
2840206522 0 1333472 248 0
2840246086 0 1333720 8 0
2841519524 0 1333728 248 0
2841556873 0 1333976 8 0
2842902364 0 1333984 248 0
2842943219 0 1334232 8 0
2844306483 0 1334240 248 0
2844348504 0 1334488 8 0
2845682014 0 1334496 248 0
2845722921 0 1334744 8 0
2847015098 0 1334752 248 0
2847800771 0 1335000 8 0
2849101482 0 1335008 248 0
2849140958 0 1335256 8 0
2850728490 0 1335264 248 0
2850760861 0 1335512 8 0
2852057583 0 1335520 248 0
2852058040 0 1335768 8 0
2860004766 0 1335776 248 0
2860041775 0 1336024 8 0
2861331107 0 1336032 248 0
2861368451 0 1336280 8 0
2862680955 0 1336288 248 0
2862717978 0 1336536 8 0
2864002748 0 1336544 248 0
2864044769 0 1336792 8 0
2865321028 0 1336800 248 0
2865361901 0 1337048 8 0
2866675383 0 1337056 248 0
2866709307 0 1337304 8 0
2868072085 0 1337312 248 0
2868109424 0 1337560 8 0
2869392577 0 1337568 248 0
2869428001 0 1337816 8 0
2870699408 0 1337824 248 0
2870736108 0 1338072 8 0
2872042209 0 1338080 248 0
2872085082 0 1338328 8 0
2873368507 0 1338336 248 0
2873409287 0 1338584 8 0
2874714376 0 1338592 248 0
2874755010 0 1338840 8 0
2876041004 0 1338848 248 0
2876080630 0 1339096 8 0
2877373123 0 1339104 248 0
2877415805 0 1339352 8 0
2878688490 0 1339360 248 0
2878729340 0 1339608 8 0
2880023551 0 1339616 248 0
2880066959 0 1339864 8 0
2881346286 0 1339872 248 0
2881388290 0 1340120 8 0
2882666579 0 1340128 248 0
2882708773 0 1340376 8 0
2883994379 0 1340384 248 0
2884036447 0 1340632 8 0
2885339232 0 1340640 248 0
2885384388 0 1340888 8 0
2886654072 0 1340896 248 0
2886699254 0 1341144 8 0
2887989386 0 1341152 248 0
2888033809 0 1341400 8 0
2889354983 0 1341408 248 0
2889402175 0 1341656 8 0
2890672899 0 1341664 248 0
2890717798 0 1341912 8 0
2892011376 0 1341920 248 0
2892056344 0 1342168 8 0
2893329856 0 1342176 248 0
2893374494 0 1342424 8 0
2894645035 0 1342432 248 0
2895753750 0 1342680 8 0
2897117243 0 1342688 248 0
2897159887 0 1342936 8 0
2898464106 0 1342944 248 0
2898506637 0 1343192 8 0
2899976646 0 1343200 248 0
2900021439 0 1343448 8 0
2901356221 0 1343456 248 0
2901399243 0 1343704 8 0
2902694536 0 1343712 248 0
2902738058 0 1343960 8 0
2904033274 0 1343968 248 0
2904078172 0 1344216 8 0
2905408008 0 1344224 248 0
2905451396 0 1344472 8 0
2906737655 0 1344480 248 0
2906779780 0 1344728 8 0
2908126102 0 1344736 248 0
2908163410 0 1344984 8 0
2909486558 0 1344992 248 0
2909525761 0 1345240 8 0
2910812720 0 1345248 248 0
2910880725 0 1345496 8 0
2912233275 0 1345504 248 0
2912276361 0 1345752 8 0
2913569678 0 1345760 248 0
2913612826 0 1346008 8 0
2914900562 0 1346016 248 0
2914941910 0 1346264 8 0
2916225195 0 1346272 248 0
2916267790 0 1346520 8 0
2917541780 0 1346528 248 0
2917584070 0 1346776 8 0
2919271857 0 1346784 248 0
2919315428 0 1347032 8 0
2920668889 0 1347040 248 0
2920711362 0 1347288 8 0
2921995359 0 1347296 248 0
2922038650 0 1347544 8 0
2923330058 0 1347552 248 0
2923373995 0 1347800 8 0
2924643995 0 1347808 248 0
2924685858 0 1348056 8 0
2925967434 0 1348064 248 0
2926010884 0 1348312 8 0
2927329771 0 1348320 248 0
2927373460 0 1348568 8 0
2928654472 0 1348576 248 0
2928698538 0 1348824 8 0
2929980426 0 1348832 248 0
2930023564 0 1349080 8 0
2931329602 0 1349088 248 0
2931372473 0 1349336 8 0
2934008403 0 1349344 248 0
2934017194 0 1349592 8 0
2935714777 0 1349600 248 0
2935722513 0 1349848 8 0
2936990142 0 1349856 248 0
2937003262 0 1350104 8 0
2938268266 0 1350112 248 0
2938277117 0 1350360 8 0
2939612518 0 1350368 248 0
2939619982 0 1350616 8 0
2940890138 0 1350624 248 0
2940897763 0 1350872 8 0
2942272691 0 1350880 248 0
2942285572 0 1351128 8 0
2943566416 0 1351136 248 0
2943574325 0 1351384 8 0
2945040903 0 1351392 248 0
2945048443 0 1351640 8 0
2947080842 0 1351648 248 0
2947087466 0 1351896 8 0
2948968107 0 1351904 248 0
2948974272 0 1352152 8 0
2950787363 0 1352160 248 0
2950794221 0 1352408 8 0
2952955074 0 1352416 248 0
2952962801 0 1352664 8 0
2954788923 0 1352672 248 0
2954795571 0 1352920 8 0
2956722878 0 1352928 248 0
2956728699 0 1353176 8 0
2958670103 0 1353184 248 0
2958684079 0 1353432 8 0
2960603368 0 1353440 248 0
2960609719 0 1353688 8 0
2962381046 0 1353696 248 0
2962388025 0 1353944 8 0
2964303751 0 1353952 248 0
2964311001 0 1354200 8 0
2966166446 0 1354208 248 0
2966172965 0 1354456 8 0
2968118961 0 1354464 248 0
2968127459 0 1354712 8 0
2970015407 0 1354720 248 0
2970025185 0 1354968 8 0
2971920434 0 1354976 248 0
2971932332 0 1355224 8 0
2974004041 0 1355232 248 0
2974011722 0 1355480 8 0
2975785936 0 1355488 248 0
2975792900 0 1355736 8 0
2978078766 0 1355744 248 0
2978090150 0 1355992 8 0
2979422438 0 1356000 248 0
2979436048 0 1356248 8 0
2980738810 0 1356256 248 0
2980747650 0 1356504 8 0
2982314627 0 1356512 248 0
2982323653 0 1356760 8 0
2984914093 0 1356768 248 0
2984929470 0 1357016 8 0
2986212405 0 1357024 248 0
2986221033 0 1357272 8 0
2987639275 0 1357280 248 0
2987643997 0 1357528 8 0
2989466621 0 1357536 248 0
2989476960 0 1357784 8 0
2990781843 0 1357792 248 0
2990799055 0 1358040 8 0
2992126679 0 1358048 248 0
2992135826 0 1358296 8 0
2993417075 0 1358304 248 0
2993425691 0 1358552 8 0
2994737717 0 1358560 248 0
2994761826 0 1358808 8 0
2996485060 0 1358816 248 0
2996502000 0 1359064 8 0
2998466842 0 1359072 248 0
2998477552 0 1359320 8 0
3000193764 0 1359328 248 0
3000212690 0 1359576 8 0
3001965319 0 1359584 248 0
3001981593 0 1359832 8 0
3003677411 0 1359840 248 0
3003695824 0 1360088 8 0
3005374803 0 1360096 248 0
3005384123 0 1360344 8 0
3007070379 0 1360352 248 0
3007081138 0 1360600 8 0
3008758281 0 1360608 248 0
3008769624 0 1360856 8 0
3010454076 0 1360864 248 0
3010468192 0 1361112 8 0
3012156544 0 1361120 248 0
3012177516 0 1361368 8 0
3013849570 0 1361376 248 0
3013857815 0 1361624 8 0
3015627590 0 1361632 248 0
3015636828 0 1361880 8 0
3017140528 0 1361888 248 0
3017150601 0 1362136 8 0
3018411202 0 1362144 248 0
3018420170 0 1362392 8 0
3019734065 0 1362400 248 0
3019743939 0 1362648 8 0
3021039703 0 1362656 248 0
3021054753 0 1362904 8 0
3022618231 0 1362912 248 0
3022628114 0 1363160 8 0
3024337251 0 1363168 248 0
3024346354 0 1363416 8 0
3025608807 0 1363424 248 0
3025617190 0 1363672 8 0
3027109882 0 1363680 248 0
3027120523 0 1363928 8 0
3028388586 0 1363936 248 0
3028403029 0 1364184 8 0
3029999056 0 1364192 248 0
3030009651 0 1364440 8 0
3031300973 0 1364448 248 0
3031309793 0 1364696 8 0
3032568570 0 1364704 248 0
3032582917 0 1364952 8 0
3033837770 0 1364960 248 0
3033845685 0 1365208 8 0
3035310589 0 1365216 248 0
3035321758 0 1365464 8 0
3036580759 0 1365472 248 0
3036588554 0 1365720 8 0
3037844796 0 1365728 248 0
3037852387 0 1365976 8 0
3039552961 0 1365984 248 0
3039569190 0 1366232 8 0
3040840930 0 1366240 248 0
3040850192 0 1366488 8 0
3042143900 0 1366496 248 0
3042154482 0 1366744 8 0
3043423861 0 1366752 248 0
3043431834 0 1367000 8 0
3045056437 0 1367008 248 0
3045065435 0 1367256 8 0
3046329358 0 1367264 248 0
3046344250 0 1367512 8 0
3047624287 0 1367520 248 0
3047631937 0 1367768 8 0
3048892562 0 1367776 248 0
3048902667 0 1368024 8 0
3050352908 0 1368032 248 0
3050363809 0 1368280 8 0
3052300451 0 1368288 248 0
3052313747 0 1368536 8 0
3053576869 0 1368544 248 0
3053584798 0 1368792 8 0
3054857093 0 1368800 248 0
3054864471 0 1369048 8 0
3056509939 0 1369056 248 0
3056518781 0 1369304 8 0
3057944245 0 1369312 248 0
3057952678 0 1369560 8 0
3059237181 0 1369568 248 0
3059245850 0 1369816 8 0
3060504617 0 1369824 248 0
3060512071 0 1370072 8 0
3062064959 0 1370080 248 0
3062075313 0 1370328 8 0
3063353275 0 1370336 248 0
3063363811 0 1370584 8 0
3064622930 0 1370592 248 0
3064630546 0 1370840 8 0
3066034550 0 1370848 248 0
3066049818 0 1371096 8 0
3067373994 0 1371104 248 0
3067378545 0 1371352 8 0
3068643910 0 1371360 248 0
3068647924 0 1371608 8 0
3069946625 0 1371616 248 0
3069950688 0 1371864 8 0
3071239837 0 1371872 248 0
3071248319 0 1372120 8 0
3072926670 0 1372128 248 0
3072935817 0 1372376 8 0
3075065221 0 1372384 248 0
3075079996 0 1372632 8 0
3076486119 0 1372640 248 0
3076495138 0 1372888 8 0
3077972943 0 1372896 248 0
3077984183 0 1373144 8 0
3079256372 0 1373152 248 0
3079270834 0 1373400 8 0
3080714460 0 1373408 248 0
3080723388 0 1373656 8 0
3081971571 0 1373664 248 0
3081981772 0 1373912 8 0
3083241131 0 1373920 248 0
3083249251 0 1374168 8 0
3087443414 0 1374176 248 0
3087459116 0 1374424 8 0
3088707673 0 1374432 248 0
3088716602 0 1374680 8 0
3089970694 0 1374688 248 0
3089984109 0 1374936 8 0
3091244583 0 1374944 248 0
3091252827 0 1375192 8 0
3092543242 0 1375200 248 0
3092553078 0 1375448 8 0
3093799602 0 1375456 248 0
3093813017 0 1375704 8 0
3095076266 0 1375712 248 0
3095089475 0 1375960 8 0
3096512019 0 1375968 248 0
3096522629 0 1376216 8 0
3097767670 0 1376224 248 0
3097780566 0 1376472 8 0
3099049023 0 1376480 248 0
3099056685 0 1376728 8 0
3100477969 0 1376736 248 0
3100487131 0 1376984 8 0
3101798659 0 1376992 248 0
3101805969 0 1377240 8 0
3103084069 0 1377248 248 0
3103098052 0 1377496 8 0
3104535877 0 1377504 248 0
3104551827 0 1377752 8 0
3105843352 0 1377760 248 0
3105853420 0 1378008 8 0
3107111244 0 1378016 248 0
3107119701 0 1378264 8 0
3108663134 0 1378272 248 0
3108678651 0 1378520 8 0
3110139020 0 1378528 248 0
3110149406 0 1378776 8 0
3111405945 0 1378784 248 0
3111421387 0 1379032 8 0
3112671398 0 1379040 248 0
3112679667 0 1379288 8 0
3113919886 0 1379296 248 0
3113927788 0 1379544 8 0
3115183412 0 1379552 248 0
3115191068 0 1379800 8 0
3116484625 0 1379808 248 0
3116493006 0 1380056 8 0
3117736693 0 1380064 248 0
3117744212 0 1380312 8 0
3119010236 0 1380320 248 0
3119018071 0 1380568 8 0
3120261529 0 1380576 248 0
3120269496 0 1380824 8 0
3121684869 0 1380832 248 0
3121692697 0 1381080 8 0
3123319200 0 1381088 248 0
3123328063 0 1381336 8 0
3124628668 0 1381344 248 0
3124637656 0 1381592 8 0
3125875335 0 1381600 248 0
3125883136 0 1381848 8 0
3127386199 0 1381856 248 0
3127401692 0 1382104 8 0
3128961396 0 1382112 248 0
3128971615 0 1382360 8 0
3130457607 0 1382368 248 0
3130473916 0 1382616 8 0
3131762838 0 1382624 248 0
3131772406 0 1382872 8 0
3133012887 0 1382880 248 0
3133026651 0 1383128 8 0
3134792024 0 1383136 248 0
3134801385 0 1383384 8 0
3136061543 0 1383392 248 0
3136069818 0 1383640 8 0
3137314138 0 1383648 248 0
3137321760 0 1383896 8 0
3138562385 0 1383904 248 0
3138569668 0 1384152 8 0
3139907924 0 1384160 248 0
3139918023 0 1384408 8 0
3141160924 0 1384416 248 0
3141175280 0 1384664 8 0
3142456280 0 1384672 248 0
3142465244 0 1384920 8 0
3143731522 0 1384928 248 0
3143739703 0 1385176 8 0
3144980491 0 1385184 248 0
3144988083 0 1385432 8 0
3146229432 0 1385440 248 0
3146237210 0 1385688 8 0
3147504197 0 1385696 248 0
3147512076 0 1385944 8 0
3148751531 0 1385952 248 0
3148758903 0 1386200 8 0
3150048750 0 1386208 248 0
3150057784 0 1386456 8 0
3151693589 0 1386464 248 0
3151702427 0 1386712 8 0
3152945090 0 1386720 248 0
3152952986 0 1386968 8 0
3154194990 0 1386976 248 0
3154207052 0 1387224 8 0
3155709376 0 1387232 248 0
3155725562 0 1387480 8 0
3156967157 0 1387488 248 0
3156975904 0 1387736 8 0
3158416998 0 1387744 248 0
3158425354 0 1387992 8 0
3159919611 0 1388000 248 0
3159934267 0 1388248 8 0
3161174305 0 1388256 248 0
3161182732 0 1388504 8 0
3162420849 0 1388512 248 0
3162428336 0 1388760 8 0
3163690751 0 1388768 248 0
3163700265 0 1389016 8 0
3165308167 0 1389024 248 0
3165323356 0 1389272 8 0
3166997793 0 1389280 248 0
3167007037 0 1389528 8 0
3168797931 0 1389536 248 0
3168813819 0 1389784 8 0
3170290327 0 1389792 248 0
3170301747 0 1390040 8 0
3172006644 0 1390048 248 0
3172023292 0 1390296 8 0
3173298396 0 1390304 248 0
3173308427 0 1390552 8 0
3175160215 0 1390560 248 0
3175174615 0 1390808 8 0
3176419745 0 1390816 248 0
3176429358 0 1391064 8 0
3177670000 0 1391072 248 0
3177684351 0 1391320 8 0
3179170898 0 1391328 248 0
3179179176 0 1391576 8 0
3180553215 0 1391584 248 0
3180568217 0 1391832 8 0
3182003772 0 1391840 248 0
3182014898 0 1392088 8 0
3183687498 0 1392096 248 0
3183702781 0 1392344 8 0
3184951784 0 1392352 248 0
3184960501 0 1392600 8 0
3187081677 0 1392608 248 0
3187095788 0 1392856 8 0
3188337837 0 1392864 248 0
3188346407 0 1393112 8 0
3189596718 0 1393120 248 0
3189609065 0 1393368 8 0
3190868423 0 1393376 248 0
3190877420 0 1393624 8 0
3192121886 0 1393632 248 0
3192135149 0 1393880 8 0
3193379441 0 1393888 248 0
3193387241 0 1394136 8 0
3194625923 0 1394144 248 0
3194637506 0 1394392 8 0
3195968424 0 1394400 248 0
3195978896 0 1394648 8 0
3197223750 0 1394656 248 0
3197232179 0 1394904 8 0
3198631705 0 1394912 248 0
3198642786 0 1395160 8 0
3199910895 0 1395168 248 0
3199923725 0 1395416 8 0
3201341134 0 1395424 248 0
3201351218 0 1395672 8 0
3202852241 0 1395680 248 0
3202867773 0 1395928 8 0
3204263378 0 1395936 248 0
3204277653 0 1396184 8 0
3205615038 0 1396192 248 0
3205626211 0 1396440 8 0
3206996370 0 1396448 248 0
3207008701 0 1396696 8 0
3208250319 0 1396704 248 0
3208258279 0 1396952 8 0
3209533637 0 1396960 248 0
3209542397 0 1397208 8 0
3210788479 0 1397216 248 0
3210796789 0 1397464 8 0
3212050962 0 1397472 248 0
3212058869 0 1397720 8 0
3213532522 0 1397728 248 0
3213541558 0 1397976 8 0
3214848153 0 1397984 248 0
3214856508 0 1398232 8 0
3216154056 0 1398240 248 0
3216162735 0 1398488 8 0
3217402429 0 1398496 248 0
3217410161 0 1398744 8 0
3218652542 0 1398752 248 0
3218660163 0 1399000 8 0
3219921824 0 1399008 248 0
3219928749 0 1399256 8 0
3221171696 0 1399264 248 0
3221179196 0 1399512 8 0
3222417696 0 1399520 248 0
3222425246 0 1399768 8 0
3223763838 0 1399776 248 0
3223773127 0 1400024 8 0
3225017628 0 1400032 248 0
3225025366 0 1400280 8 0
3226267951 0 1400288 248 0
3226275578 0 1400536 8 0
3227561645 0 1400544 248 0
3227570122 0 1400792 8 0
3228812720 0 1400800 248 0
3228820067 0 1401048 8 0
3230068526 0 1401056 248 0
3230076177 0 1401304 8 0
3231339065 0 1401312 248 0
3231347251 0 1401560 8 0
3232609285 0 1401568 248 0
3232617699 0 1401816 8 0
3233858267 0 1401824 248 0
3233865958 0 1402072 8 0
3235119674 0 1402080 248 0
3235127432 0 1402328 8 0
3236364770 0 1402336 248 0
3236372369 0 1402584 8 0
3237610780 0 1402592 248 0
3237618021 0 1402840 8 0
3238872206 0 1402848 248 0
3238879426 0 1403096 8 0
3240151166 0 1403104 248 0
3240159527 0 1403352 8 0
3241450934 0 1403360 248 0
3241460037 0 1403608 8 0
3242699589 0 1403616 248 0
3242707215 0 1403864 8 0
3243998431 0 1403872 248 0
3244007092 0 1404120 8 0
3245251359 0 1404128 248 0
3245258940 0 1404376 8 0
3246499286 0 1404384 248 0
3246507032 0 1404632 8 0
3247759388 0 1404640 248 0
3247766958 0 1404888 8 0
3249016122 0 1404896 248 0
3249022766 0 1405144 8 0
3250257858 0 1405152 248 0
3250265376 0 1405400 8 0
3251594293 0 1405408 248 0
3251693108 0 1405656 8 0
3252948296 0 1405664 248 0
3252956384 0 1405912 8 0
3254198665 0 1405920 248 0
3254206175 0 1406168 8 0
3255461075 0 1406176 248 0
3255472193 0 1406424 8 0
3256712660 0 1406432 248 0
3256720102 0 1406680 8 0
3258017114 0 1406688 248 0
3258024425 0 1406936 8 0
3259342712 0 1406944 248 0
3259349862 0 1407192 8 0
3260587461 0 1407200 248 0
3260603112 0 1407448 8 0
3261842359 0 1407456 248 0
3261850183 0 1407704 8 0
3263135728 0 1407712 248 0
3263144061 0 1407960 8 0
3264410074 0 1407968 248 0
3264418480 0 1408216 8 0
3265712665 0 1408224 248 0
3265721696 0 1408472 8 0
3267024851 0 1408480 248 0
3267039154 0 1408728 8 0
3268282835 0 1408736 248 0
3268290877 0 1408984 8 0
3269539216 0 1408992 248 0
3269546021 0 1409240 8 0
3270817312 0 1409248 248 0
3270839339 0 1409496 8 0
3272082488 0 1409504 248 0
3272090201 0 1409752 8 0
3273374965 0 1409760 248 0
3273383545 0 1410008 8 0
3274623521 0 1410016 248 0
3274631531 0 1410264 8 0
3275895416 0 1410272 248 0
3275903699 0 1410520 8 0
3277180421 0 1410528 248 0
3277189231 0 1410776 8 0
3278428276 0 1410784 248 0
3278435826 0 1411032 8 0
3280026681 0 1411040 248 0
3280035746 0 1411288 8 0
3281297078 0 1411296 248 0
3281306958 0 1411544 8 0
3282561346 0 1411552 248 0
3282574447 0 1411800 8 0
3283852567 0 1411808 248 0
3283852981 0 1412056 8 0
3288865101 0 1412064 248 0
3288874010 0 1412312 8 0
3290166479 0 1412320 248 0
3290175045 0 1412568 8 0
3291443152 0 1412576 248 0
3291451191 0 1412824 8 0
3292788635 0 1412832 248 0
3292799648 0 1413080 8 0
3294171065 0 1413088 248 0
3294184286 0 1413336 8 0
3295456043 0 1413344 248 0
3295463931 0 1413592 8 0
3297087139 0 1413600 248 0
3297097175 0 1413848 8 0
3298382825 0 1413856 248 0
3298391906 0 1414104 8 0
3299713665 0 1414112 248 0
3299721210 0 1414360 8 0
3300963467 0 1414368 248 0
3300971133 0 1414616 8 0
3303193136 0 1414624 248 0
3303202419 0 1414872 8 0
3304839139 0 1414880 248 0
3304848285 0 1415128 8 0
3306105422 0 1415136 248 0
3306145208 0 1415384 8 0
3307510528 0 1415392 248 0
3307518335 0 1415640 8 0
3309069319 0 1415648 248 0
3309073853 0 1415896 8 0
3310313107 0 1415904 248 0
3310317134 0 1416152 8 0
3311666451 0 1416160 248 0
3311675935 0 1416408 8 0
3312920220 0 1416416 248 0
3312928694 0 1416664 8 0
3314168077 0 1416672 248 0
3314176227 0 1416920 8 0
3315671960 0 1416928 248 0
3315680418 0 1417176 8 0
3316975269 0 1417184 248 0
3316984309 0 1417432 8 0
3318650595 0 1417440 248 0
3318660635 0 1417688 8 0
3319945774 0 1417696 248 0
3319953423 0 1417944 8 0
3321363631 0 1417952 248 0
3321372808 0 1418200 8 0
3322608890 0 1418208 248 0
3322616510 0 1418456 8 0
3323886112 0 1418464 248 0
3323893955 0 1418712 8 0
3325127417 0 1418720 248 0
3325135041 0 1418968 8 0
3326368819 0 1418976 248 0
3326376725 0 1419224 8 0
3327912372 0 1419232 248 0
3327920284 0 1419480 8 0
3329175960 0 1419488 248 0
3329182596 0 1419736 8 0
3330418326 0 1419744 248 0
3330425618 0 1419992 8 0
3331703590 0 1420000 248 0
3331711910 0 1420248 8 0
3332952033 0 1420256 248 0
3332959627 0 1420504 8 0
3334200784 0 1420512 248 0
3334208362 0 1420760 8 0
3335462086 0 1420768 248 0
3335469731 0 1421016 8 0
3336775797 0 1421024 248 0
3336782041 0 1421272 8 0
3338023561 0 1421280 248 0
3338030858 0 1421528 8 0
3339324620 0 1421536 248 0
3339332067 0 1421784 8 0
3340575956 0 1421792 248 0
3340583445 0 1422040 8 0
3341825495 0 1422048 248 0
3341832953 0 1422296 8 0
3343084520 0 1422304 248 0
3343091964 0 1422552 8 0
3344332139 0 1422560 248 0
3344339857 0 1422808 8 0
3345581240 0 1422816 248 0
3345588844 0 1423064 8 0
3347292792 0 1423072 248 0
3347300881 0 1423320 8 0
3349066709 0 1423328 248 0
3349073847 0 1423576 8 0
3350315377 0 1423584 248 0
3350322948 0 1423832 8 0
3351790961 0 1423840 248 0
3351799806 0 1424088 8 0
3353111255 0 1424096 248 0
3353120040 0 1424344 8 0
3354602979 0 1424352 248 0
3354611822 0 1424600 8 0
3356541992 0 1424608 248 0
3356555686 0 1424856 8 0
3357795924 0 1424864 248 0
3357803747 0 1425112 8 0
3359258610 0 1425120 248 0
3359265756 0 1425368 8 0
3360731981 0 1425376 248 0
3360741135 0 1425624 8 0
3362728481 0 1425632 248 0
3362737777 0 1425880 8 0
3364182671 0 1425888 248 0
3364198790 0 1426136 8 0
3365440322 0 1426144 248 0
3365449295 0 1426392 8 0
3366690672 0 1426400 248 0
3366698591 0 1426648 8 0
3367972603 0 1426656 248 0
3367985952 0 1426904 8 0
3369233934 0 1426912 248 0
3369240892 0 1427160 8 0
3370477703 0 1427168 248 0
3370485344 0 1427416 8 0
3371749547 0 1427424 248 0
3371757079 0 1427672 8 0
3372991491 0 1427680 248 0
3373000412 0 1427928 8 0
3374233750 0 1427936 248 0
3374246083 0 1428184 8 0
3375498564 0 1428192 248 0
3375507698 0 1428440 8 0
3376746828 0 1428448 248 0
3376754527 0 1428696 8 0
3377992473 0 1428704 248 0
3378044470 0 1428952 8 0
3379313351 0 1428960 248 0
3379320793 0 1429208 8 0
3380556885 0 1429216 248 0
3380564770 0 1429464 8 0
3381809932 0 1429472 248 0
3381818004 0 1429720 8 0
3383069686 0 1429728 248 0
3383082920 0 1429976 8 0
3384321720 0 1429984 248 0
3384329471 0 1430232 8 0
3385567946 0 1430240 248 0
3385575544 0 1430488 8 0
3386816591 0 1430496 248 0
3386824339 0 1430744 8 0
3388071785 0 1430752 248 0
3388079362 0 1431000 8 0
3389329666 0 1431008 248 0
3389337568 0 1431256 8 0
3390577708 0 1431264 248 0
3390585181 0 1431512 8 0
3391838770 0 1431520 248 0
3391846498 0 1431768 8 0
3393087684 0 1431776 248 0
3393095477 0 1432024 8 0
3394329818 0 1432032 248 0
3394341406 0 1432280 8 0
3395593211 0 1432288 248 0
3395600849 0 1432536 8 0
3396837354 0 1432544 248 0
3396849680 0 1432792 8 0
3398089908 0 1432800 248 0
3398098576 0 1433048 8 0
3399360707 0 1433056 248 0
3399367665 0 1433304 8 0
3400604186 0 1433312 248 0
3400611862 0 1433560 8 0
3401870509 0 1433568 248 0
3401879220 0 1433816 8 0
3403228966 0 1433824 248 0
3403237181 0 1434072 8 0
3404474655 0 1434080 248 0
3404482259 0 1434328 8 0
3405719088 0 1434336 248 0
3405732273 0 1434584 8 0
3406985278 0 1434592 248 0
3406996913 0 1434840 8 0
3408271704 0 1434848 248 0
3408287586 0 1435096 8 0
3409540018 0 1435104 248 0
3409547330 0 1435352 8 0
3410784722 0 1435360 248 0
3410785134 0 1435608 8 0
3412884371 0 1435616 248 0
3412902415 0 1435864 8 0
3414145095 0 1435872 248 0
3414153384 0 1436120 8 0
3415411769 0 1436128 248 0
3415419805 0 1436376 8 0
3416707420 0 1436384 248 0
3416716150 0 1436632 8 0
3417952797 0 1436640 248 0
3417960284 0 1436888 8 0
3419221739 0 1436896 248 0
3419228747 0 1437144 8 0
3420501206 0 1437152 248 0
3420511338 0 1437400 8 0
3421752943 0 1437408 248 0
3421760799 0 1437656 8 0
3423013701 0 1437664 248 0
3423021442 0 1437912 8 0
3424257256 0 1437920 248 0
3424269883 0 1438168 8 0
3425896073 0 1438176 248 0
3425900493 0 1438424 8 0
3427420006 0 1438432 248 0
3427424467 0 1438680 8 0
3428684937 0 1438688 248 0
3428689231 0 1438936 8 0
3429935639 0 1438944 248 0
3429939766 0 1439192 8 0
3431213837 0 1439200 248 0
3431218111 0 1439448 8 0
3432810797 0 1439456 248 0
3432815592 0 1439704 8 0
3435047309 0 1439712 248 0
3435051614 0 1439960 8 0
3436289148 0 1439968 248 0
3436293256 0 1440216 8 0
3437530640 0 1440224 248 0
3437534679 0 1440472 8 0
3438921462 0 1440480 248 0
3438925591 0 1440728 8 0
3440165966 0 1440736 248 0
3440170287 0 1440984 8 0
3441401026 0 1440992 248 0
3441405131 0 1441240 8 0
3443062925 0 1441248 248 0
3443067025 0 1441496 8 0
3444299210 0 1441504 248 0
3444303550 0 1441752 8 0
3445783204 0 1441760 32 0
3445794799 0 1312776 224 0
3447185974 0 1313000 248 0
3447186776 0 1313248 8 0
3462663355 0 1313256 248 0
3462677766 0 1313504 8 0
3463907672 0 1313512 248 0
3463915857 0 1313760 8 0
3465125298 0 1313768 32 0
3465139117 0 1313808 216 0
3466344954 0 1314024 248 0
3466351969 0 1314272 8 0
3479244517 0 1314280 248 0
3479254572 0 1314528 8 0
3493072945 0 1314536 248 0
3493084217 0 1314784 8 0
3505657222 0 1314792 248 0
3505673160 0 1315040 8 0
3509520017 0 1315048 240 0
3560770205 0 1119744 8 0
3568928441 0 1120816 8 0
3577394781 0 1093088 8 0
3577417604 0 1093104 48 0
3579863803 0 1092576 8 0
3584490232 0 1092800 8 0
3585890005 0 1120432 200 0
3585904815 0 1120640 48 0
3588247323 0 1114632 8 0
3611962964 0 1116120 8 0
3619225520 0 1093040 8 0
3620245519 0 1091552 8 0
3635715509 0 1090536 8 0
3678680836 0 1093480 8 0
3678819704 0 1093488 8 0
3678992835 0 1117040 16 0
3680947809 0 1116752 8 0
3680988003 0 1116760 32 0
3682251837 0 1100880 8 0
3682299545 0 1100888 32 0
3682489397 0 1116800 80 0
3683316661 0 573440 32 0
3687488702 0 1134280 8 0
3689997747 0 1133312 248 0
3690005873 0 1133560 8 0
3698211090 0 1133568 248 0
3698217674 0 1133816 8 0
3698261548 0 1133824 248 0
3698262148 0 1134072 8 0
3698409862 0 1134080 200 0
3700256230 0 529904 32 0
3700308485 0 531448 8 0
3700365390 0 531256 192 0
3700624008 0 553688 8 0
3713308321 0 553696 32 0
3715524109 0 553728 64 0
3715721349 0 553664 8 0
3721199099 0 554608 8 0
3723390853 0 554408 8 0
3724743360 0 554416 32 0
3726768790 0 554400 8 0
3729418915 0 554392 8 0
3731421081 0 554384 8 0
3733256752 0 554448 64 0
3733807254 0 554056 8 0
3733944637 0 553952 8 0
3733993487 0 553960 32 0
3734105093 0 553992 64 0
3734378637 0 1102384 8 0
3734706996 0 554528 8 0
3734818110 0 554520 8 0
3735087902 0 554144 8 0
3735528620 0 554064 80 0
3735538806 0 554152 32 0
3735978788 0 554552 8 0
3736086979 0 554536 16 0
3736573219 0 554240 8 0
3736617299 0 554248 32 0
3737070608 0 554280 104 0
3739881211 0 552136 8 0
3741354955 0 552144 32 0
3743169337 0 552176 64 0
3744531697 0 554512 8 0
3744534800 0 554560 48 0
3744540094 0 554616 152 0
3746038796 0 552128 8 0
3749352188 0 1085528 8 0
3753843459 0 1085536 32 0
3756145265 0 552240 144 0
3757294644 0 552112 8 0
3763418601 0 552120 8 0
3765222409 0 552064 8 0
3766624224 0 552072 32 0
3768536484 0 552104 8 0
3769159621 0 552384 248 0
3769160281 0 552632 8 0
3770071166 0 552048 8 0
3771604827 0 552056 8 0
3775404760 0 552016 8 0
3776900895 0 552024 24 0
3780294199 0 552640 248 0
3780306343 0 552888 8 0
3780607377 0 551976 8 0
3810239108 0 554232 8 0
3810513403 0 554216 8 0
3810561574 0 554224 8 0
3811187480 0 1116744 8 0
3811308082 0 1102376 8 0
3816111637 0 1102392 24 0
3816263282 0 554208 8 0
3816425551 0 551968 8 0
3819216669 0 1085760 8 0
3821192878 0 1085752 8 0
3822946431 0 1085512 8 0
3827507601 0 554192 8 0
3827571050 0 554200 8 0
3828599021 0 1120840 8 0
3829584147 0 551960 8 0
4987767545 0 1110848 16 0
5274008770 0 1090576 8 0
5288282264 0 1122912 8 0
5288519581 0 1101008 8 0
5297610611 0 1092792 8 0
5297896107 0 1092776 8 0
5303460986 0 1092952 88 0
5307111780 0 1116320 8 0
5307164779 0 1116328 32 0
5313192923 0 1121560 248 0
5313203569 0 1121808 8 0
5315902705 0 1116688 8 0
5324818665 0 1092320 8 0
5324875998 0 1092328 32 0
5332994235 0 1090424 8 0
5341794118 0 529600 8 0
5341885537 0 529608 32 0
5344387680 0 1110048 8 0
5344777960 0 1082528 8 0
5347072538 0 1101424 8 0
5347115650 0 1101432 32 0
5348775695 0 1091872 8 0
5350917888 0 528680 8 0
5350967224 0 528688 32 0
5351298218 0 1114880 8 0
5351615839 0 1096008 8 0
5352718011 0 528784 8 0
5353482281 0 528736 8 0
5353523574 0 528744 32 0
5353716227 0 528776 8 0
5353726069 0 528792 48 0
5355288290 0 528664 8 0
5356060785 0 1122768 8 0
5355956722 0 3932160 8 1
5355990750 0 3932168 8 1
5356063565 0 3932176 8 1
5356064213 0 3932184 8 1
5356064662 0 3932192 8 1
5356065095 0 3932200 8 1
5356065435 0 3932208 8 1
5356065774 0 3932216 8 1
5356066727 0 3932224 8 1
5356067250 0 3932232 8 1
5356067594 0 3932240 8 1
5356068036 0 3932248 8 1
5356068376 0 3932256 8 1
5356068719 0 3932264 8 1
5356069214 0 3932272 8 1
5356069775 0 3932280 8 1
5356070129 0 3932288 8 1
5356070379 0 3932296 8 1
5356070626 0 3932304 8 1
5356070878 0 3932312 8 1
5356071235 0 3932320 8 1
5356071502 0 3932328 8 1
5356071751 0 3932336 8 1
5356071997 0 3932344 8 1
5356072246 0 3932352 8 1
5356072494 0 3932360 8 1
5356072774 0 3932368 8 1
5356074167 0 3932376 8 1
5356074670 0 3932384 8 1
5356075019 0 3932392 8 1
5356075379 0 3932400 8 1
5356075626 0 3932408 8 1
5356075976 0 3932416 8 1
5356076315 0 3932424 8 1
5356076564 0 3932432 8 1
5356076897 0 3932440 8 1
5356077249 0 3932448 8 1
5356077598 0 3932456 8 1
5356078206 0 3932464 8 1
5356078692 0 3932472 8 1
5356079133 0 3932480 8 1
5356079699 0 3932488 8 1
5356080021 0 3932496 8 1
5356080560 0 3932504 8 1
5356080981 0 3932512 8 1
5356081513 0 3932520 8 1
5356081941 0 3932528 8 1
5356082516 0 3932536 8 1
5356082943 0 3932544 8 1
5356083508 0 3932552 8 1
5356083984 0 3932560 8 1
5356084591 0 3932568 8 1
5356085061 0 3932576 8 1
5356085687 0 3932584 8 1
5356086137 0 3932592 8 1
5356086681 0 3932600 8 1
5356087524 0 3932608 8 1
5356088255 0 3932616 8 1
5356088946 0 3932624 8 1
5356290478 0 3932632 8 1
5356652447 0 393144 8 0
5401332687 0 528616 8 0
5403513040 0 528720 16 0
5404580222 0 483776 32 0
5411161658 0 483912 8 0
5413753848 0 483808 64 0
5413845041 0 483872 40 0
5414496105 0 815312 32 0
5418768013 0 817792 144 0
5427939275 0 815344 224 0
5434366430 0 817936 32 0
5434522202 0 818152 136 0
5434638777 0 776640 32 0
5434708270 0 776672 8 0
5434804823 0 776544 32 0
5434919034 0 814824 32 0
5443758000 0 815176 136 0
5450770915 0 814856 224 0
5453799473 0 817968 184 0
5453894381 0 815080 96 0
5453960331 0 815568 248 0
5453967858 0 815816 8 0
5454154985 0 817264 248 0
5454162348 0 817512 8 0
5461860195 0 815944 248 0
5461868860 0 816192 8 0
5462007754 0 815824 120 0
5462281677 0 76576 8 0
5464723928 0 840856 32 0
5468408302 0 841256 144 0
5473881596 0 840888 248 0
5473887165 0 841136 8 0
5473974451 0 823328 32 0
5482897067 0 824760 144 0
5488482879 0 823360 224 0
5497829513 0 823584 248 0
5497837654 0 823832 8 0
5498092618 0 841144 112 0
5498279161 0 838160 32 0
5501948422 0 839024 136 0
5508875837 0 838192 248 0
5508884671 0 838440 8 0
5508960136 0 838448 248 0
5508960691 0 838696 8 0
5515904527 0 838752 248 0
5515912599 0 839000 8 0
5516735713 0 816200 136 0
5516831576 0 816336 248 0
5516841368 0 816584 8 0
5516933072 0 816592 152 0
5517017966 0 817008 248 0
5517024549 0 817256 8 0
5517366670 0 817520 128 0
5517440119 0 816744 176 0
5517520477 0 816920 88 0
5519511969 0 528600 8 0
5519947628 0 528608 8 0
5519958725 0 528624 16 0
5521000668 0 1120960 8 0
5522318966 0 528672 8 0
5524969338 0 1090408 16 0
5540304192 0 528528 8 0
5540367251 0 528536 32 0
5541933215 0 1092520 56 0
5564593326 0 1093152 128 0
5610573739 0 1091128 64 0
5610712653 0 1091192 96 0
5610717852 0 1091296 8 0
5610718461 0 1091312 8 0
5657908740 0 1122704 8 0
5657961296 0 1122712 24 0
5658059266 0 1122744 24 0
5658063709 0 1122792 16 0
5659799041 0 1095896 8 0
5659846585 0 1095904 32 0
5659954358 0 1095936 64 0
5660470069 0 1100848 8 0
5675215904 0 4672672 40 0
5679702831 0 1113624 8 0
5679737964 0 1113632 16 0
5679983837 0 1113616 8 0
5687679409 0 1092816 8 0
5687827124 0 1092824 24 0
5700674161 0 1093768 32 0
5700682384 0 1093840 56 0
5703073939 0 1100840 8 0
5703671009 0 1100832 8 0
5704039433 0 1100856 24 0
5737429715 0 1117024 8 0
5765271182 0 1090600 8 0
5767709999 0 1090592 8 0
5789282174 0 1123048 16 0
5789880801 0 1102656 8 0
5789994652 0 1102664 32 0
5790313458 0 1089416 8 0
5793152274 0 481056 32 0
5793292444 0 482424 8 0
5801000553 0 481088 192 0
5801104162 0 481280 248 0
5801108540 0 481528 8 0
5801120976 0 482432 8 0
5801289332 0 482208 216 0
5801446629 0 481536 248 0
5801450167 0 481784 8 0
5802037837 0 75832 8 0
5802190395 0 480832 32 0
5811106383 0 480888 8 0
5812996622 0 480864 24 0
5813180403 0 749896 32 0
5816375939 0 750728 136 0
5822024074 0 749928 224 0
5827382743 0 770048 32 0
5830906353 0 770400 136 0
5836612763 0 770536 32 0
5836680489 0 771760 136 0
5843881200 0 770568 224 0
5844056141 0 775904 32 0
5844144097 0 776360 136 0
5844229228 0 775936 224 0
5844343042 0 803592 32 0
5844734593 0 805744 144 0
5844829221 0 803624 240 0
5844937454 0 748344 32 0
5877647618 0 748376 72 0
5880185540 0 748208 32 0
5886758242 0 748240 104 0
5889128655 0 4530256 32 0
5892175311 0 4530456 136 0
5899042629 0 4530288 168 0
5899118633 0 4533952 32 0
5901038204 0 4534128 136 0
5901180015 0 811008 32 0
5901249109 0 812568 136 0
5909419312 0 811040 224 0
5918728248 0 810624 32 0
5918801365 0 810872 136 0
5918916698 0 810656 216 0
5918976938 0 4501664 32 0
5919104645 0 776832 32 0
5923876277 0 776864 64 0
5926380763 0 4533920 32 0
5926496872 0 818288 32 0
5926563413 0 818712 136 0
5926676650 0 826616 32 0
5930675047 0 826648 120 0
5933280162 0 814424 32 0
5937966367 0 814688 136 0
5943966613 0 808128 32 0
5944031167 0 808368 136 0
5944117409 0 808160 208 0
5944219192 0 772864 32 0
5944340347 0 773776 144 0
5952159230 0 772896 224 0
5952331043 0 4529680 32 0
5957241996 0 4530120 136 0
5964030912 0 4529712 224 0
5973740664 0 770080 224 0
5977238725 0 4529936 184 0
5977269460 0 750152 248 0
5977270011 0 750400 8 0
5977318283 0 773120 248 0
5977318816 0 773368 8 0
5977352908 0 811264 248 0
5977353438 0 811512 8 0
5977414267 0 814456 224 0
5979748317 0 814680 8 0
5979905455 0 818320 224 0
5980530297 0 818544 168 0
5980746336 0 811520 248 0
5980754938 0 811768 8 0
5980779436 0 4533984 144 0
5981015217 0 803864 248 0
5981024688 0 804112 8 0
5981140271 0 804120 248 0
5981146511 0 804368 8 0
5981183184 0 776160 200 0
5981282430 0 770792 248 0
5981288846 0 771040 8 0
5981342324 0 770304 96 0
5981641867 0 805312 248 0
5981649107 0 805560 8 0
5983479959 0 804928 248 0
5983490086 0 805176 8 0
5984207743 0 392896 8 0
6013720859 0 1089112 8 0
6021117015 0 1104960 8 0
6022805079 0 1122672 32 0
6024666496 0 1104968 8 0
6026254462 0 1104992 8 0
6027645273 0 1105000 32 0
6029729874 0 1104984 8 0
6031855804 0 1103992 8 0
6033444554 0 1104000 32 0
6035424192 0 1105144 8 0
6035485958 0 1105152 32 0
6037846933 0 1105184 64 0
6038035423 0 1105248 128 0
6041925717 0 1104976 8 0
6045963090 0 1105112 8 0
6046557099 0 482480 32 0
6046664123 0 483144 8 0
6046744573 0 482512 64 0
6046954761 0 483008 136 0
6047118731 0 482576 248 0
6047128823 0 482824 8 0
6047261743 0 482832 176 0
6047499927 0 1122608 24 0
6048466569 0 1122976 8 0
6053553914 0 1106824 8 0
6054721238 0 1105120 8 0
6054783214 0 1105128 16 0
6057262464 0 1103000 8 0
6058234781 0 1104936 8 0
6059841100 0 1104944 16 0
6061543771 0 1105032 8 0
6062008931 0 1119552 128 0
6064690901 0 264616 8 0
6072627378 0 1118560 24 0
6072919573 0 1120792 8 0
6073829633 0 74120 8 0
6075634793 0 392720 16 0
6079041139 0 74136 8 0
6080470269 0 4195584 8 0
6080482213 0 4195592 8 0
6080483435 0 4195600 8 0
6080484620 0 4195608 8 0
6080485858 0 4195616 8 0
6080488451 0 4195624 8 0
6080489525 0 4195632 8 0
6080490708 0 4195640 8 0
6080491788 0 4195648 8 0
6080492879 0 4195656 8 0
6080494023 0 4195664 8 0
6080495487 0 4195680 8 0
6080497062 0 4195688 8 0
6080499167 0 4195696 8 0
6080501305 0 4195704 8 0
6080503500 0 4195712 8 0
6080505539 0 4195720 8 0
6080507765 0 4195728 8 0
6080509665 0 4195736 8 0
6080512886 0 4195744 8 0
6080514812 0 4195752 8 0
6080516628 0 4195760 8 0
6080518594 0 4195768 8 0
6080520625 0 4195776 8 0
6080526753 0 4195784 8 0
6080536210 0 4195792 8 0
6080537475 0 4195800 8 0
6080539012 0 4195808 8 0
6080540203 0 4195816 8 0
6080541441 0 4195824 8 0
6080542892 0 4195832 8 0
6080544302 0 4195672 8 0
6080579306 0 4262208 8 0
6081978877 0 4262216 8 0
6083607441 0 4579240 8 0
6085316842 0 4579288 8 0
6086591127 0 74128 8 0
6087889925 0 392616 8 0
6089636693 0 392624 8 0
6091539830 0 392632 8 0
6091642220 0 392640 8 0
6091731576 0 392648 8 0
6091818838 0 392656 8 0
6093681802 0 4579312 8 0
6096516178 0 4579328 24 0
6098279768 0 4579352 8 0
6098408253 0 4579360 16 0
6100648902 0 4579376 16 0
6100864320 0 4579392 8 0
6100960109 0 4579400 8 0
6101062308 0 4579408 8 0
6101149658 0 392664 8 0
6101268520 0 392672 8 0
6101487457 0 392680 8 0
6101617729 0 392688 8 0
6101729531 0 392696 8 0
6101859516 0 392704 8 0
6101972524 0 4579416 8 0
6102096655 0 4579424 24 0
6102442195 0 4579456 16 0
6102692449 0 4579472 8 0
6102790519 0 4579488 8 0
6103921129 0 4579504 8 0
6104018259 0 4579512 8 0
6104243989 0 4260512 8 0
6105731593 0 4196360 8 0
6105738858 0 4196368 8 0
6105742667 0 4196376 8 0
6105743933 0 4196384 8 0
6105745047 0 4196392 8 0
6105746040 0 4196400 8 0
6105747326 0 4196408 8 0
6105748445 0 4196416 8 0
6105749527 0 4196424 8 0
6105750601 0 4196432 8 0
6105751729 0 4196440 8 0
6105753835 0 4196448 8 0
6105755186 0 4196456 8 0
6105756518 0 4196464 8 0
6105757835 0 4196472 8 0
6105758940 0 4196480 8 0
6105760253 0 4196488 8 0
6105762586 0 4196496 8 0
6105764150 0 4196504 8 0
6105765563 0 4196512 8 0
6105767189 0 4196528 8 0
6105768528 0 4196536 8 0
6105769712 0 4196544 8 0
6105774997 0 4196552 8 0
6105776298 0 4196560 8 0
6105778394 0 4196568 8 0
6105779587 0 4196576 8 0
6105783395 0 4196584 8 0
6105784599 0 4196592 8 0
6105785530 0 4196600 8 0
6105786764 0 4196608 8 0
6105787284 0 4196520 8 0
6115392707 0 4265576 8 0
6124143799 0 4691392 8 0
6128603789 0 69176 8 0
6130043071 0 7432 8 0
6130050169 0 7440 8 0
6130051182 0 7448 8 0
6130052263 0 7456 8 0
6130053380 0 7464 8 0
6130054450 0 7472 8 0
6130055442 0 7480 8 0
6130056411 0 7488 8 0
6130058706 0 7496 8 0
6130060071 0 7504 8 0
6130061275 0 7520 8 0
6130062375 0 7528 8 0
6130063788 0 7536 8 0
6130065163 0 7544 8 0
6130066269 0 7552 8 0
6130067589 0 7560 8 0
6130069313 0 7568 8 0
6130074083 0 7576 8 0
6130075240 0 7584 8 0
6130076291 0 7592 8 0
6130077449 0 7600 8 0
6130078445 0 7608 8 0
6130079928 0 7616 8 0
6130081138 0 7624 8 0
6130082234 0 7632 8 0
6130083205 0 7640 8 0
6130084279 0 7648 8 0
6130085295 0 7656 8 0
6130086739 0 7664 8 0
6130087888 0 7672 8 0
6130092888 0 7680 8 0
6130093613 0 7512 8 0
6130181574 0 4691400 8 0
6131403673 0 4262224 8 0
6131491913 0 4691408 8 0
6135007958 0 4262232 8 0
6135094922 0 4691424 88 0
6142392811 0 1091664 8 0
6143083312 0 1091776 96 0
6143095445 0 1091888 8 0
6143098468 0 1091936 32 0
6144737457 0 1108424 8 0
6144788806 0 1108432 32 0
6145858419 0 1091560 8 0
6148073881 0 1108120 8 0
6148432863 0 1107760 8 0
6154556865 0 1105376 248 0
6154562052 0 1105624 8 0
6156243776 0 1101000 8 0
6156429801 0 1100976 8 0
6156464618 0 1100984 16 0
6156720307 0 1101016 64 0
6157703010 0 551528 8 0
6159389591 0 551536 32 0
6161234231 0 551568 64 0
6161637426 0 550536 8 0
6165549532 0 1101080 144 0
6165819398 0 551304 8 0
6167411111 0 551312 32 0
6169331950 0 554816 8 0
6169376457 0 554824 32 0
6169943202 0 549968 8 0
6171548734 0 549976 32 0
6173839295 0 549960 8 0
6175924261 0 549944 8 0
6177448777 0 549952 8 0
6179983250 0 549936 8 0
6181961417 0 550008 168 0
6194743194 0 1090280 64 0
6195017827 0 1090056 48 0
6234305508 0 1092704 8 0
6234323621 0 1092768 8 0
6234341464 0 1092784 8 0
6234345066 0 1092808 8 0
6241562130 0 1091568 24 0
6241748645 0 1091592 8 0
6242062797 0 1107712 8 0
6242208402 0 1107752 8 0
6242265431 0 1107968 8 0
6242375817 0 1107976 32 0
6242412605 0 1108008 64 0
6242646009 0 1107960 8 0
6243206042 0 1107824 8 0
6243222334 0 1107832 32 0
6243593576 0 1107816 8 0
6246502345 0 1106872 8 0
6246596665 0 1107240 8 0
6246611109 0 1107248 16 0
6246617217 0 1107272 8 0
6249864808 0 1091544 8 0
6251983636 0 1107744 8 0
6252646457 0 1107728 8 0
6252660670 0 1107736 8 0
6253051373 0 1107616 8 0
6250308184 0 1109296 64 0
6251232842 0 1109368 8 0
6251427208 0 1109360 8 0
6251440208 0 1109376 248 0
6251445318 0 1109624 120 0
6252477462 0 1091064 8 0
6252738779 0 1090640 8 0
6254282043 0 1106800 24 0
6254354753 0 1106832 40 0
6254358708 0 1106880 16 0
6277402667 0 1095504 8 0
6284582671 0 1090384 8 0
6292644481 0 1116728 8 0
6292739954 0 1116736 8 0
6336321157 0 1120944 16 0
6336348430 0 1120968 40 0
6334400726 0 1093304 8 0
6334509439 0 1093312 16 0
6334865751 0 1093296 8 0
6401429257 0 1090568 8 0
6496694310 0 1118680 8 0
6496747480 0 1118688 32 0
6497564388 0 1107288 8 0
6497859227 0 392912 16 0
6561086064 0 1108464 8 0
6561197142 0 1108264 8 0
6780303498 0 1118432 8 0
7270789532 0 1074552 248 0
7270859447 0 1074800 8 0
7270950612 0 1074808 248 0
7270994806 0 1075056 8 0
7271072688 0 1075064 248 0
7271118249 0 1075312 8 0
7271193999 0 1075320 248 0
7271238363 0 1075568 8 0
7271309826 0 1075576 248 0
7271353402 0 1075824 8 0
7271424009 0 1075832 248 0
7271467179 0 1076080 8 0
7271558920 0 1076088 248 0
7271601421 0 1076336 8 0
7271674624 0 1076344 248 0
7271716338 0 1076592 8 0
7271786241 0 1076600 248 0
7271827710 0 1076848 8 0
7271898260 0 1076856 248 0
7271940506 0 1077104 8 0
7272012267 0 1077112 248 0
7272051427 0 1077360 8 0
7272124353 0 1077368 248 0
7272166844 0 1077616 8 0
7272239594 0 1077624 248 0
7272282003 0 1077872 8 0
7272352470 0 1077880 248 0
7272393532 0 1078128 8 0
7272463677 0 1078136 248 0
7272504289 0 1078384 8 0
7272565859 0 1078392 72 0
7269860763 0 1074040 248 0
7269870537 0 1074288 8 0
7269905013 0 1074296 248 0
7269905784 0 1074544 8 0
8665581197 0 1120768 8 0
11030926403 0 3932640 8 1
11030943847 0 3932648 8 1
11030944300 0 3932656 8 1
11030944653 0 3932664 8 1
11030944984 0 3932672 8 1
11030945450 0 3932680 8 1
11030945812 0 3932688 8 1
11030946076 0 3932696 8 1
11030946418 0 3932704 8 1
11030946784 0 3932712 8 1
11030947145 0 3932720 8 1
11030947401 0 3932728 8 1
11030948379 0 3932736 8 1
11030948951 0 3932744 8 1
11030949431 0 3932752 8 1
11030950194 0 3932760 8 1
11030950758 0 3932768 8 1
11030951116 0 3932776 8 1
11030951489 0 3932784 8 1
11030951758 0 3932792 8 1
11030952048 0 3932800 8 1
11030952351 0 3932808 8 1
11030952707 0 3932816 8 1
11030953094 0 3932824 8 1
11030953340 0 3932832 8 1
11030953594 0 3932840 8 1
11030954270 0 3932848 8 1
11030955023 0 3932856 8 1
11030955443 0 3932864 8 1
11030955994 0 3932872 8 1
11030956734 0 3932880 8 1
11030957186 0 3932888 8 1
11030957929 0 3932896 8 1
11030958749 0 3932904 8 1
11030959506 0 3932912 8 1
11030959945 0 3932920 8 1
11031170022 0 3932928 8 1
11868118617 0 1066264 8 0
11868137219 0 1066280 16 0
12080337248 0 523184 88 0
14278744130 0 1118536 8 0
14289792805 0 1114936 8 0
14293603320 0 1116040 80 0
14293630165 0 1116128 80 0
14293651631 0 1116216 80 0
14296705194 0 1090448 8 0
14577980536 0 1095352 8 0
15278798052 0 1091968 8 0
15278804141 0 1092016 8 0
15278806509 0 1092032 24 0
15430094554 0 4260112 8 0
15431892957 0 68400 8 0
15432098431 0 68424 8 0
15433638013 0 67896 8 0
15435196614 0 68416 8 0
15436555153 0 68408 8 0
15437974268 0 68472 8 0
15439297767 0 68448 8 0
15441206695 0 6144 8 0
15441213130 0 6160 8 0
15441214673 0 6168 8 0
15441217312 0 6184 8 0
15441218462 0 6192 8 0
15441220889 0 6200 8 0
15441222308 0 6208 8 0
15441223687 0 6216 8 0
15441225136 0 6224 8 0
15441226536 0 6232 8 0
15441228302 0 6240 8 0
15441230243 0 6248 8 0
15441231739 0 6256 8 0
15441233264 0 6264 8 0
15441234802 0 6272 8 0
15441237686 0 6296 8 0
15441239197 0 6304 8 0
15441244306 0 6384 8 0
15441246354 0 6400 8 0
15441246862 0 6152 8 0
15441277780 0 75672 8 0
15452352945 0 1226240 216 1
15511282420 0 1117984 8 0
15511305635 0 1117992 32 0
15511879225 0 1118120 8 0
15511893643 0 1118128 32 0
15511973193 0 1118160 64 0
15512262871 0 1119376 8 0
15514967639 0 1120688 32 0
15515080399 0 1120720 48 0
15515084441 0 1120776 8 0
15515262713 0 1120800 16 0
15515266786 0 1120824 16 0
15515269313 0 1120856 32 0
15516428833 0 1116896 8 0
15516481610 0 1116904 16 0
15516487641 0 1116928 8 0
15516588851 0 1116936 64 0
15517203972 0 1116360 64 0
15517641672 0 1116640 8 0
15517821698 0 1119416 8 0
15517871650 0 1119424 8 0
15518363719 0 1119400 8 0
15518411555 0 1119408 8 0
15518767075 0 1119384 16 0
15519891967 0 1118424 8 0
15520263547 0 1116464 8 0
15520511116 0 1118352 8 0
15520688021 0 1118304 8 0
15520730488 0 1118312 32 0
15521074204 0 1116568 8 0
15521115794 0 1116576 32 0
15521403020 0 1116560 8 0
15521645984 0 1118224 32 0
15522187626 0 1116552 8 0
15522588607 0 1118440 24 0
15607823520 0 1095848 8 0
15611849884 0 1095840 8 0
15598466662 0 1095832 8 0
15648904472 0 1090000 8 0
15650883227 0 1090008 8 0
15653940832 0 1090104 32 0
15654480730 0 540824 8 0
15654986934 0 1090344 40 0
15654999618 0 1090432 16 0
15655000312 0 1090472 16 0
15655522787 0 540912 8 0
15657010976 0 540920 32 0
15659334164 0 540952 64 0
15661499257 0 1090232 8 0
15662423758 0 540816 8 0
15669221468 0 1093472 8 0
15669525981 0 1093456 16 0
16076421276 0 529032 8 0
16076499073 0 529040 8 0
16081106747 0 529024 8 0
16086689703 0 1106656 8 0
16086742171 0 1106664 32 0
16082392295 0 533736 8 0
16084311242 0 533744 8 0
16085362739 0 491032 8 0
16087492398 0 490872 8 0
16089020334 0 491040 16 0
16115739788 0 490952 8 0
16169170371 0 1303808 184 1
16198760307 0 1114640 32 0
16326304462 0 1109168 8 0
16425030789 0 1091512 8 0
16713025089 0 1109184 8 0
16713084473 0 1109192 8 0
16713091191 0 1109216 8 0
16713396863 0 1068288 8 0
16713406163 0 1068368 8 0
16713406884 0 1068392 16 0
16725820214 0 1107472 8 0
16725880064 0 1107480 32 0
16725996957 0 1107512 64 0
16726198854 0 1107576 40 0
16726208418 0 1107624 80 0
16728650786 0 1107448 8 0
16729127430 0 1107456 8 0
16729273120 0 1119680 64 0
16729282395 0 1119920 16 0
16730101448 0 393016 8 0
16730709860 0 1107328 8 0
16730757346 0 1107336 32 0
16730891142 0 1107368 64 0
16732097866 0 1107320 8 0
16709155227 0 1091000 8 0
16709603461 0 1106360 8 0
16709653708 0 1106368 32 0
16710186234 0 485248 32 0
16710252579 0 485312 8 0
16710299977 0 485280 32 0
16710518393 0 1106464 8 0
16710562356 0 1106472 32 0
16711122102 0 520344 32 0
16711133089 0 520456 16 0
16711212017 0 1106400 48 0
16711459350 0 1091008 8 0
16711538127 0 1091048 8 0
16711765293 0 1094456 8 0
16711837137 0 1094440 8 0
16711928069 0 1094448 8 0
16711938996 0 1094464 16 0
16712297172 0 1106352 8 0
16712753934 0 1106448 16 0
16738819794 0 4509632 32 0
16738887147 0 4509664 16 0
16740926544 0 4499568 8 0
16740940436 0 4499600 16 0
16740942387 0 4499632 8 0
16740949366 0 4499696 80 0
16740950588 0 4499808 16 0
16811293409 0 1091016 32 0
16879714869 0 1092400 8 0
16883290319 0 1091520 8 0
16886067443 0 1106968 8 0
16886123072 0 1106976 32 0
16916084008 0 4498456 32 0
16916090447 0 4498496 32 0
16916091381 0 4498584 16 0
16916094283 0 4498608 56 0
16916094797 0 4498680 8 0
17011764848 0 2064 8 0
17011800927 0 1225536 64 1
17011941857 0 3932936 8 1
17011949261 0 3932944 8 1
17011953366 0 3932952 8 1
17011957279 0 3932960 8 1
17011961141 0 3932968 8 1
17011964281 0 3932976 8 1
17011967941 0 3932984 8 1
17011971618 0 3932992 8 1
17011974937 0 3933000 8 1
17011978182 0 3933008 8 1
17011981505 0 3933016 8 1
17011984817 0 3933024 8 1
17011988190 0 3933032 8 1
17011991539 0 3933040 8 1
17011994971 0 3933048 8 1
17011998262 0 3933056 8 1
17012001691 0 3933064 8 1
17012005309 0 3933072 8 1
17012008614 0 3933080 8 1
17012011906 0 3933088 8 1
17012015682 0 3933096 8 1
17012027949 0 3933104 8 1
17012251041 0 2352 8 1
17012253216 0 2384 8 1
17012254143 0 2392 8 1
17012254855 0 2408 8 1
17012255571 0 2464 8 1
17012256352 0 2472 8 1
17012284887 0 2536 8 1
17012286051 0 2544 8 1
17012289824 0 2840 8 1
17012290865 0 5776 8 1
17012291761 0 5824 8 1
17012292489 0 5832 8 1
17012293317 0 5840 8 1
17012294015 0 5856 8 1
17012295647 0 6176 8 1
17012296922 0 6312 8 1
17012297871 0 6320 8 1
17012298694 0 6328 8 1
17012299996 0 6344 8 1
17012300891 0 6352 8 1
17012302780 0 6360 8 1
17012304519 0 6392 8 1
17012306360 0 7144 8 1
17012307181 0 7176 8 1
17012307845 0 7184 8 1
17012308808 0 7200 8 1
17012309515 0 7208 8 1
17012310290 0 7216 8 1
17012310884 0 7224 8 1
17012311505 0 7232 8 1
17012312248 0 7240 8 1
17012315695 0 7248 8 1
17012316549 0 7256 8 1
17012317401 0 7280 8 1
17012318309 0 10456 8 1
17012319922 0 67848 8 1
17012321316 0 81616 8 1
17012322183 0 81624 8 1
17012323026 0 4194304 8 1
17012323740 0 4194432 8 1
17012325419 0 4194576 8 1
17012328612 0 4194824 8 1
17012329460 0 4194832 8 1
17012330231 0 4194840 8 1
17012330934 0 4194848 8 1
17012332363 0 4194864 8 1
17012333203 0 4194872 8 1
17012334124 0 4194880 8 1
17012334810 0 4195200 8 1
17012335530 0 4195208 8 1
17012336497 0 4195672 8 1
17012337188 0 4195680 8 1
17012338480 0 4195688 8 1
17012339485 0 4195904 8 1
17012341260 0 4196064 8 1
17012342349 0 4196120 8 1
17012343047 0 4196520 8 1
17012343839 0 4196528 8 1
17021506518 0 0 8 1
17021590908 0 8 8 1
17021600567 0 2056 8 1
17021605804 0 2088 8 1
17021610810 0 2192 8 1
17021615621 0 2312 8 1
17021620570 0 5864 8 1
17021625839 0 6152 8 1
17021630874 0 6336 8 1
17021635299 0 6368 8 1
17021640021 0 6376 8 1
17021644681 0 6408 8 1
17021649462 0 10464 8 1
17021654886 0 10472 8 1
17021681422 0 68488 8 1
17021688525 0 81632 8 1
17021695909 0 4194560 8 1
17021700889 0 4194608 8 1
17021705597 0 4194856 8 1
17021710412 0 4194904 8 1
17035709904 0 3932160 8 1
17036812337 0 3932160 8 1
17037367948 0 3932160 8 1
17038156740 0 3932160 8 1
17038788650 0 0 8 1
