0 0 6416 8 0
19832 0 6424 8 0
21239 0 6432 8 0
23988 0 6440 8 0
51477 0 6448 8 0
54287 0 6456 8 0
55568 0 6464 8 0
57184 0 6472 8 0
58394 0 6480 8 0
59535 0 6488 8 0
60667 0 6496 8 0
61895 0 6504 8 0
63052 0 6512 8 0
64035 0 6520 8 0
64978 0 6528 8 0
65925 0 6536 8 0
66752 0 6544 8 0
68506 0 6552 8 0
69621 0 6560 8 0
70868 0 6568 8 0
71955 0 6576 8 0
72924 0 6584 8 0
74370 0 6592 8 0
75825 0 6600 8 0
76964 0 6608 8 0
78569 0 6616 8 0
79876 0 6624 8 0
81650 0 6632 8 0
82971 0 6640 8 0
84069 0 6648 8 0
85258 0 6656 8 0
87162 0 6664 8 0
87542 0 6408 8 0
9183631 0 67912 8 0
9326893 0 7680 8 0
9335655 0 7688 8 0
9336895 0 7696 8 0
9337970 0 7704 8 0
9339062 0 7712 8 0
9340119 0 7720 8 0
9341205 0 7728 8 0
9347742 0 7736 8 0
9349984 0 7744 8 0
9351832 0 7752 8 0
9353389 0 7760 8 0
9355316 0 7768 8 0
9358391 0 7776 8 0
9360508 0 7784 8 0
9362148 0 7792 8 0
9363649 0 7800 8 0
9365455 0 7808 8 0
9367542 0 7816 8 0
9368938 0 7824 8 0
9370757 0 7832 8 0
9372287 0 7840 8 0
9373986 0 7848 8 0
9375589 0 7856 8 0
9376737 0 7864 8 0
13458275 0 4194432 8 0
14707080 0 4194568 8 0
14719964 0 4194576 8 0
14721490 0 4194584 8 0
14722889 0 4194592 8 0
14724050 0 4194600 8 0
14725401 0 4194608 8 0
14726346 0 4194616 8 0
14727418 0 4194624 8 0
14728529 0 4194632 8 0
14729442 0 4194640 8 0
14730387 0 4194648 8 0
14731320 0 4194656 8 0
14732273 0 4194664 8 0
14736301 0 4194672 8 0
14737128 0 4194680 8 0
14738658 0 4194688 8 0
14739579 0 4194696 8 0
14740738 0 4194704 8 0
14754264 0 4194712 8 0
14756426 0 4194720 8 0
14758130 0 4194728 8 0
14760246 0 4194736 8 0
14762430 0 4194744 8 0
14764143 0 4194752 8 0
14766526 0 4194760 8 0
14768616 0 4194768 8 0
14770089 0 4194776 8 0
14771776 0 4194784 8 0
14773310 0 4194792 8 0
14776198 0 4194800 8 0
14777838 0 4194808 8 0
14779967 0 4194560 8 0
22305364 0 4194304 8 0
35450875 0 265736 8 0
37317257 0 264616 8 0
38873331 0 68520 8 0
40140290 0 2816 8 0
40148318 0 2824 8 0
40150588 0 2832 8 0
40151948 0 2840 8 0
40153362 0 2848 8 0
40154779 0 2856 8 0
40155720 0 2864 8 0
40160657 0 2872 8 0
40162419 0 2888 8 0
40165879 0 2896 8 0
40167777 0 2904 8 0
40170011 0 2912 8 0
40172041 0 2920 8 0
40174007 0 2928 8 0
40176816 0 2936 8 0
40178743 0 2944 8 0
40180633 0 2952 8 0
40182610 0 2960 8 0
40184650 0 2968 8 0
40186459 0 2976 8 0
40188296 0 2984 8 0
40190205 0 2992 8 0
40192015 0 3000 8 0
40195472 0 3008 8 0
40197662 0 3016 8 0
40199548 0 3024 8 0
40201297 0 3032 8 0
40202686 0 3040 8 0
40203856 0 3048 8 0
40205283 0 3056 8 0
40206536 0 3064 8 0
40207922 0 3072 8 0
40208539 0 2880 8 0
40249972 0 69136 8 0
41666825 0 79072 8 0
42866619 0 79088 8 0
44674992 0 506688 32 0
47795830 0 68528 8 0
49931445 0 75928 8 0
51398692 0 279104 32 0
54974823 0 68424 8 0
58123467 0 4260120 8 0
59799346 0 4260496 8 0
61871094 0 4513344 32 0
66358933 0 279136 32 0
66473987 0 4513480 144 0
75296087 0 4513376 104 0
75532907 0 454432 32 0
86581382 0 4514816 32 0
86674644 0 4518048 152 0
95490041 0 4514864 248 0
95497860 0 4515112 8 0
95608528 0 4515120 248 0
95616083 0 4515368 8 0
95631173 0 4514848 16 0
95710728 0 4515752 248 0
95717652 0 4516000 8 0
106761092 0 4516032 248 0
106765082 0 4516280 8 0
106844101 0 4517504 248 0
106852355 0 4517752 8 0
119752628 0 4516952 248 0
119790002 0 4517200 8 0
119849480 0 4516520 248 0
119883592 0 4516768 8 0
120007054 0 4517328 176 0
122926581 0 4516288 136 0
123024177 0 2576 8 0
123032659 0 2584 8 0
123036989 0 2592 8 0
123041352 0 2600 8 0
123045558 0 2608 8 0
123049647 0 2616 8 0
123053217 0 2624 8 0
123057243 0 2632 8 0
123061220 0 2648 8 0
123066535 0 2656 8 0
123070457 0 2664 8 0
123074401 0 2672 8 0
123078384 0 2680 8 0
123082190 0 2688 8 0
123085984 0 2696 8 0
123089708 0 2704 8 0
123093535 0 2712 8 0
123097402 0 2720 8 0
123101477 0 2728 8 0
123105387 0 2736 8 0
123109672 0 2744 8 0
123115471 0 2752 8 0
123119481 0 2760 8 0
123123783 0 2768 8 0
123128223 0 2776 8 0
123131969 0 2784 8 0
123135998 0 2792 8 0
123139647 0 2800 8 0
123144112 0 2808 8 0
123147754 0 2640 8 0
123158575 0 68552 8 0
125717772 0 68664 8 0
127196323 0 4515536 216 0
127256046 0 69224 8 0
128545839 0 3328 8 0
128552822 0 3336 8 0
128558435 0 3344 8 0
128563196 0 3352 8 0
128567567 0 3368 8 0
128571786 0 3376 8 0
128576030 0 3384 8 0
128580107 0 3392 8 0
128584171 0 3400 8 0
128587905 0 3408 8 0
128591962 0 3416 8 0
128595656 0 3424 8 0
128600099 0 3432 8 0
128603661 0 3440 8 0
128607777 0 3448 8 0
128611480 0 3456 8 0
128616332 0 3464 8 0
128620091 0 3472 8 0
128624080 0 3480 8 0
128627712 0 3488 8 0
128633899 0 3496 8 0
128638236 0 3504 8 0
128642002 0 3512 8 0
128646155 0 3520 8 0
128650172 0 3528 8 0
128654509 0 3536 8 0
128658107 0 3544 8 0
128662286 0 3552 8 0
128666126 0 3560 8 0
128670184 0 3568 8 0
128674866 0 3576 8 0
128679195 0 3584 8 0
128682835 0 3360 8 0
128692777 0 70456 8 0
130055867 0 68672 8 0
131476635 0 302440 8 0
133089807 0 68832 8 0
134768549 0 76200 8 0
136951236 0 68848 8 0
138921289 0 68864 8 0
141150439 0 314344 56 0
148420210 0 296816 8 0
150652503 0 302464 8 0
153389569 0 296440 8 0
155042127 0 297848 8 0
157566415 0 302456 8 0
159496967 0 68680 8 0
161697911 0 296824 8 0
163405727 0 297840 8 0
165310617 0 299200 248 0
165346243 0 299448 8 0
176565782 0 301496 248 0
176606334 0 301744 8 0
191277319 0 302000 136 0
191342230 0 302472 8 0
195602887 0 302448 8 0
195659472 0 302136 248 0
195952114 0 302384 8 0
195994130 0 4516424 96 0
196740379 0 69184 8 0
229655444 0 69144 8 0
231900731 0 69216 8 0
233569733 0 68488 8 0
235043410 0 4260104 8 0
236493325 0 4456448 32 0
240209853 0 4458320 144 0
246957829 0 4456480 240 0
252587602 0 4521488 32 0
252634020 0 4521648 136 0
252678018 0 4521520 128 0
252731325 0 4598848 32 0
259696121 0 4599048 136 0
266892093 0 4514272 32 0
266984606 0 4598880 168 0
267296576 0 4456720 248 0
267297147 0 4456968 8 0
269817522 0 4457784 248 0
269868460 0 4458032 8 0
269923813 0 4457192 248 0
269961407 0 4457440 8 0
269987500 0 4458040 240 0
275124154 0 4457048 144 0
275730319 0 4457472 248 0
275768171 0 4457720 8 0
275802041 0 4456976 72 0
275895691 0 4515376 160 0
275958168 0 4457448 24 0
276149065 0 4195080 8 0
276158712 0 4195088 8 0
276163880 0 4195096 8 0
276168053 0 4195104 8 0
276171983 0 4195112 8 0
276175825 0 4195120 8 0
276179946 0 4195128 8 0
276183934 0 4195136 8 0
276187682 0 4195144 8 0
276191287 0 4195152 8 0
276195281 0 4195160 8 0
276199082 0 4195168 8 0
276203106 0 4195176 8 0
276206891 0 4195184 8 0
276211341 0 4195200 8 0
276215283 0 4195208 8 0
276219835 0 4195216 8 0
276223912 0 4195224 8 0
276228246 0 4195232 8 0
276232245 0 4195240 8 0
276236314 0 4195248 8 0
276242175 0 4195256 8 0
276246475 0 4195264 8 0
276250624 0 4195272 8 0
276254623 0 4195280 8 0
276258242 0 4195288 8 0
276262221 0 4195296 8 0
276265991 0 4195304 8 0
276270049 0 4195312 8 0
276273731 0 4195320 8 0
276278611 0 4195328 8 0
276281763 0 4195192 8 0
276300459 0 68472 8 0
307903168 0 75936 8 0
309768232 0 274880 32 0
321743361 0 274912 32 0
292198177 0 4516784 168 0
292315738 0 265272 8 0
296808017 0 4592000 32 0
300486324 0 4592032 32 0
303058005 0 4521784 32 0
303100296 0 4521824 136 0
303155920 0 4521816 8 0
303223363 0 4592256 32 0
306522404 0 4592288 56 0
306569624 0 4592112 32 0
306599360 0 4592144 64 0
309597558 0 4465784 32 0
316554863 0 4465816 112 0
321675133 0 4594752 32 0
328781486 0 4594896 136 0
339055864 0 4594784 112 0
339349182 0 4592608 32 0
339389948 0 4593352 136 0
339470491 0 4593632 32 0
339582556 0 4593696 208 0
355096143 0 4593664 32 0
355322613 0 4592640 248 0
356438774 0 4592888 8 0
357326233 0 4593120 232 0
358587418 0 68008 8 0
389122236 0 4474240 32 0
393491534 0 4474272 32 0
397117486 0 279232 32 0
397254666 0 279264 48 0
428077913 0 79264 8 0
384937204 0 68464 8 0
387170636 0 4262448 8 0
388481884 0 79096 8 0
396790887 0 506776 8 0
408972193 0 4466040 8 0
409016601 0 4459304 32 0
409121930 0 4459416 136 0
409245884 0 4459336 80 0
409555325 0 4517208 120 0
409723052 0 67920 8 0
411753014 0 6144 8 0
411798264 0 6152 8 0
411799817 0 6160 8 0
411802640 0 6168 8 0
411803730 0 6176 8 0
411804900 0 6184 8 0
411806081 0 6192 8 0
411807440 0 6200 8 0
411808673 0 6208 8 0
411809627 0 6216 8 0
411810804 0 6224 8 0
411811943 0 6232 8 0
411813104 0 6240 8 0
411814090 0 6248 8 0
411815145 0 6256 8 0
411816326 0 6264 8 0
411817553 0 6272 8 0
411819139 0 6280 8 0
411820181 0 6288 8 0
411821218 0 6296 8 0
411822239 0 6304 8 0
411823598 0 6312 8 0
411826541 0 6320 8 0
411827599 0 6328 8 0
411828681 0 6336 8 0
411829905 0 6352 8 0
411830925 0 6360 8 0
411832020 0 6368 8 0
411833146 0 6376 8 0
411834198 0 6384 8 0
411835278 0 6392 8 0
411837056 0 6400 8 0
411837457 0 6344 8 0
418171552 0 75968 8 0
419694505 0 75976 8 0
421303694 0 75992 8 0
421314143 0 76000 8 0
429878997 0 4465536 32 0
434878279 0 4465568 88 0
438544613 0 458656 16 0
442087940 0 76008 8 0
444636920 0 76016 8 0
444681092 0 76032 8 0
445095465 0 538368 32 0
451436929 0 538400 80 0
455304837 0 4599424 32 0
455458551 0 4599504 136 0
455618298 0 4599456 48 0
456126817 0 844448 8 0
457839788 0 844440 8 0
459344059 0 844240 32 0
462890859 0 75824 8 0
464955556 0 454200 8 0
467083849 0 76040 8 0
467153756 0 573440 32 0
470454605 0 796656 248 0
470462514 0 796904 8 0
482005553 0 796376 248 0
482013735 0 796624 8 0
491426514 0 573472 248 0
491434732 0 573720 8 0
496617455 0 327680 32 0
503478669 0 329512 144 0
509376886 0 328088 248 0
509385469 0 328336 8 0
520290291 0 4589472 32 0
526043475 0 4591392 136 0
532547981 0 4589504 224 0
541288397 0 4520176 32 0
541414111 0 4520216 136 0
541482453 0 4520208 8 0
541539220 0 327712 248 0
541543575 0 327960 8 0
545428929 0 4589728 248 0
545436705 0 4589976 8 0
545643014 0 327968 120 0
545716969 0 328344 248 0
545722324 0 328592 8 0
545952146 0 328600 248 0
545959632 0 328848 8 0
546270614 0 795112 248 0
546276378 0 795360 8 0
567517292 0 795368 248 0
567553796 0 795616 8 0
567596427 0 573728 128 0
567644681 0 795624 248 0
567864316 0 795872 8 0
567896620 0 573856 248 0
567897189 0 574104 8 0
567924125 0 574112 248 0
567924828 0 574360 8 0
570340854 0 574368 248 0
570567848 0 574616 8 0
570653031 0 574624 248 0
570805430 0 574872 8 0
570845018 0 795880 248 0
570966709 0 796128 8 0
571038444 0 574880 248 0
571158599 0 575128 8 0
571316446 0 575136 248 0
572289983 0 575384 8 0
572369863 0 575392 248 0
572370733 0 575640 8 0
575136746 0 796136 240 0
575317078 0 575648 248 0
575336083 0 575896 8 0
575477588 0 575904 248 0
575478308 0 576152 8 0
579527050 0 576160 248 0
579552162 0 576408 8 0
579703747 0 576416 248 0
579704537 0 576664 8 0
582582197 0 576672 248 0
582622857 0 576920 8 0
582789033 0 576928 248 0
582823850 0 577176 8 0
582958648 0 796632 24 0
582992003 0 577184 248 0
583088585 0 577432 8 0
584660536 0 577440 248 0
584696302 0 577688 8 0
585077505 0 329000 248 0
585121949 0 329248 8 0
585210748 0 329256 144 0
585261571 0 792160 248 0
585299542 0 792408 8 0
641519071 0 791664 248 0
641549523 0 791912 8 0
652465961 0 578752 248 0
652509209 0 579000 8 0
652533496 0 589536 248 0
652561208 0 589784 8 0
661835117 0 588680 248 0
661874226 0 588928 8 0
661905010 0 581752 248 0
662606341 0 582000 8 0
662635189 0 584664 248 0
662675620 0 584912 8 0
662698766 0 791400 248 0
662797149 0 791648 8 0
716914834 0 589792 32 0
716936519 0 788488 120 0
717254327 0 4594688 32 0
722940704 0 4594720 32 0
723028322 0 586120 248 0
723070942 0 586368 8 0
723127298 0 585536 248 0
723169762 0 585784 8 0
723193699 0 583632 176 0
723253526 0 545152 32 0
728670026 0 545288 8 0
696918052 0 589160 248 0
696960769 0 589408 8 0
696985088 0 791920 216 0
697070291 0 580880 248 0
697112884 0 581128 8 0
697155109 0 584216 248 0
697195776 0 584464 8 0
697221171 0 577696 248 0
697261931 0 577944 8 0
697285770 0 792424 248 0
697326639 0 792672 8 0
697354548 0 789424 248 0
697386001 0 789672 8 0
707628368 0 789144 248 0
707657837 0 789392 8 0
716366404 0 583376 248 0
716415983 0 583624 8 0
716457714 0 578008 248 0
716507030 0 578256 8 0
716632825 0 585832 248 0
716678694 0 586080 8 0
716712808 0 790760 248 0
716747678 0 791008 8 0
731189435 0 545184 104 0
731327812 0 541456 32 0
737268227 0 541824 8 0
739374368 0 541488 192 0
743357114 0 541680 144 0
743491249 0 579008 248 0
743533289 0 579256 8 0
743554640 0 584488 176 0
743669671 0 4517760 248 0
743711813 0 4518008 8 0
743770406 0 788608 248 0
744010348 0 788856 8 0
744326185 0 582640 248 0
744369227 0 582888 8 0
744392742 0 584944 248 0
744433057 0 585192 8 0
744449451 0 583808 136 0
744507840 0 788864 192 0
744903558 0 68512 8 0
755944428 0 75920 8 0
757683761 0 2192 8 0
757804325 0 792416 8 0
757838024 0 791016 248 0
758285048 0 791264 8 0
758310849 0 583944 248 0
758347493 0 584192 8 0
758381867 0 582144 248 0
758420341 0 582392 8 0
758487369 0 588480 200 0
758579734 0 581592 160 0
758631087 0 579680 248 0
758669779 0 579928 8 0
758740429 0 545296 32 0
758898901 0 545360 8 0
758916105 0 545328 32 0
759080974 0 552272 8 0
787046986 0 4590248 168 0
787227598 0 790328 192 0
787571365 0 790520 192 0
787639870 0 790712 48 0
787702174 0 585352 184 0
790089899 0 789680 56 0
790284651 0 587456 248 0
790340212 0 587704 8 0
790801026 0 585200 152 0
790927373 0 589080 80 0
790987326 0 582496 144 0
791076176 0 589416 120 0
792557045 0 587840 248 0
792614433 0 588088 8 0
792745719 0 586376 248 0
792811486 0 586624 8 0
792850097 0 606208 32 0
829724417 0 833208 8 0
785573131 0 588936 144 0
785643030 0 789920 248 0
785696803 0 790168 8 0
785725272 0 579400 248 0
785768000 0 579648 8 0
785792232 0 579264 136 0
785948284 0 790176 152 0
786055180 0 789400 24 0
786080277 0 585792 40 0
786119744 0 584472 16 0
786157279 0 789056 88 0
786241619 0 789736 184 0
786527335 0 792136 24 0
786909346 0 4590416 248 0
786951388 0 4590664 8 0
832640893 0 829624 248 0
832684757 0 829872 8 0
841036157 0 829880 248 0
841072264 0 830128 8 0
841126413 0 830136 248 0
841351059 0 830384 8 0
841495215 0 830392 248 0
841495956 0 830640 8 0
843946335 0 830648 248 0
843970347 0 830896 8 0
844115353 0 830904 248 0
844116048 0 831152 8 0
846232391 0 831160 248 0
846625226 0 831408 8 0
846784924 0 831416 248 0
846785421 0 831664 8 0
848475650 0 831672 248 0
848499923 0 831920 8 0
848636921 0 831928 248 0
848637598 0 832176 8 0
850771027 0 832184 248 0
850794871 0 832432 8 0
850933384 0 832440 248 0
850933847 0 832688 8 0
854407474 0 832696 248 0
854442662 0 832944 8 0
854584796 0 832952 248 0
854617524 0 833200 8 0
854966103 0 791272 128 0
855014319 0 581456 136 0
858141856 0 713800 8 0
872982095 0 713808 32 0
875792077 0 829616 8 0
878142827 0 827184 8 0
880009067 0 829600 8 0
881515691 0 829608 8 0
883623135 0 829584 8 0
886408361 0 829592 8 0
888957361 0 829576 8 0
891679779 0 829560 8 0
894114310 0 829568 8 0
902122275 0 829552 8 0
904689970 0 829536 8 0
908527140 0 829544 8 0
911980368 0 829528 8 0
914640991 0 829520 8 0
919191195 0 829512 8 0
922003888 0 714032 8 0
930804273 0 714040 32 0
933899528 0 714008 8 0
936587015 0 714016 16 0
938358404 0 714072 40 0
939034149 0 713976 8 0
944031529 0 713984 24 0
946391241 0 713888 8 0
946408599 0 713896 32 0
946494889 0 713928 48 0
946826352 0 714152 8 0
947996667 0 714160 32 0
948077522 0 714192 64 0
948550522 0 713656 8 0
951060340 0 713872 8 0
951073098 0 713880 8 0
951373944 0 829480 8 0
954573019 0 829488 24 0
956813185 0 829472 8 0
959084543 0 828992 8 0
960934773 0 829000 32 0
963328692 0 829464 8 0
966335131 0 829448 8 0
968212796 0 829456 8 0
970182179 0 829440 8 0
972120566 0 829432 8 0
974052145 0 829424 8 0
976114690 0 829408 8 0
977620765 0 829416 8 0
979528566 0 582008 136 0
981193371 0 587152 248 0
981236867 0 587400 8 0
981251427 0 791656 8 0
981625282 0 584200 16 0
981885723 0 586896 248 0
981895884 0 587144 8 0
981978035 0 829400 8 0
985025454 0 829360 8 0
986580330 0 829368 32 0
990475109 0 828504 8 0
992195065 0 828512 32 0
995668685 0 829352 8 0
998373768 0 829344 8 0
1006242557 0 454464 8 0
1006513307 0 829336 8 0
1007934324 0 829328 8 0
1008182029 0 829320 8 0
1008484074 0 829312 8 0
1009217881 0 829304 8 0
1009609604 0 829296 8 0
1010246363 0 828952 8 0
1012472274 0 828960 32 0
1015045489 0 829032 24 0
1015313633 0 829264 8 0
1015357679 0 829272 24 0
1015967676 0 829256 8 0
1016360769 0 828168 8 0
1018482617 0 828160 8 0
1021281265 0 827352 8 0
1023348533 0 823176 8 0
1025506236 0 827872 8 0
1027431632 0 829248 8 0
1027578753 0 713736 8 0
1029363009 0 713728 8 0
1001322399 0 829208 8 0
1003055268 0 829216 32 0
1033401033 0 814456 8 0
1035700496 0 814464 32 0
1038356295 0 814416 8 0
1041003471 0 814424 32 0
1043224089 0 713744 24 0
1045541421 0 828072 8 0
1047547092 0 828080 32 0
1051387628 0 826048 8 0
1053001598 0 826040 8 0
1054767056 0 828696 8 0
1056715842 0 828688 8 0
1058782830 0 829200 8 0
1059067476 0 829192 8 0
1059478466 0 826032 8 0
1061109786 0 813248 8 0
1062890657 0 829176 8 0
1062933890 0 829184 8 0
1063844848 0 823680 8 0
1065853257 0 823760 8 0
1067394699 0 823768 32 0
1069655688 0 828224 8 0
1069702565 0 828232 32 0
1072546642 0 829128 8 0
1072588488 0 829136 32 0
1072841298 0 829120 8 0
1073266658 0 713592 8 0
1075275082 0 811848 8 0
1077171996 0 829112 8 0
1077470016 0 829104 8 0
1077798145 0 829096 8 0
1078023703 0 829088 8 0
1078249202 0 823880 8 0
1078286774 0 823888 32 0
1078534378 0 714288 8 0
1078576881 0 714296 32 0
1078734983 0 714264 8 0
1078799818 0 714280 8 0
1078914157 0 714272 8 0
1079073709 0 823920 64 0
1079291255 0 828744 8 0
1087346835 0 828752 32 0
1089483278 0 828784 64 0
1089886675 0 828712 8 0
1094274676 0 828736 8 0
1096682203 0 828728 8 0
1098273301 0 828720 8 0
1101034206 0 715928 8 0
1102854904 0 829080 8 0
1103466072 0 829072 8 0
1103767952 0 829064 8 0
1104373038 0 829056 8 0
1104762226 0 829168 8 0
1106317792 0 714496 8 0
1106387297 0 714504 32 0
1108804037 0 827952 8 0
1112624783 0 828936 8 0
1112683325 0 828944 8 0
1113111409 0 824888 8 0
1115196624 0 828928 8 0
1115584090 0 828920 8 0
1115752242 0 828904 8 0
1115795413 0 828912 8 0
1116341728 0 828896 8 0
1116798624 0 811832 8 0
1118833176 0 811840 8 0
1118842591 0 811856 16 0
1122611120 0 716544 8 0
1128822359 0 828064 8 0
1130815935 0 716064 8 0
1132779245 0 715680 8 0
1133032107 0 716072 32 0
1138428137 0 828888 8 0
1139488472 0 76056 8 0
1143158654 0 828848 40 0
1144743661 0 715840 8 0
1144926456 0 714488 8 0
1145743090 0 715912 8 0
1147665488 0 715920 8 0
1147678652 0 715936 16 0
1149482558 0 818832 8 0
1152675343 0 716112 8 0
1152764867 0 716120 32 0
1152945770 0 818792 8 0
1156983247 0 818784 8 0
1160065310 0 818840 8 0
1162888969 0 713704 8 0
1165102531 0 828704 8 0
1168369009 0 581232 224 0
1168611462 0 715168 8 0
1168653265 0 715176 32 0
1168920690 0 828624 8 0
1168962536 0 828632 32 0
1169559169 0 828672 8 0
1171456716 0 828680 8 0
1172012048 0 828664 8 0
1172980189 0 581136 96 0
1173609748 0 588240 240 0
1173701973 0 811296 8 0
1175884216 0 811304 32 0
1178308552 0 811336 64 0
1178868819 0 825320 8 0
1190113126 0 825328 32 0
1193891598 0 825360 64 0
1194142798 0 825312 8 0
1199540124 0 823688 8 0
1202520720 0 825304 8 0
1206834854 0 714792 8 0
1207102258 0 825984 8 0
1207115467 0 825992 32 0
1211959008 0 823736 8 0
1217907421 0 823744 16 0
1224478669 0 824208 8 0
1224494911 0 824216 32 0
1224659779 0 715608 8 0
1224673290 0 715616 32 0
1224839753 0 826496 8 0
1225150996 0 717000 8 0
1232658925 0 811872 48 0
1233155358 0 827200 8 0
1233214517 0 827192 8 0
1233493235 0 827408 8 0
1233507700 0 827416 32 0
1233831622 0 714640 8 0
1233952275 0 714704 8 0
1233963812 0 714712 32 0
1234388523 0 825296 8 0
1242433416 0 825288 8 0
1244343081 0 825256 8 0
1245964140 0 824144 8 0
1246198778 0 716992 8 0
1247871885 0 717008 32 0
1250049488 0 824152 32 0
1250469494 0 825048 8 0
1252996661 0 825056 32 0
1255177002 0 825040 8 0
1258009190 0 825032 8 0
1260498608 0 825016 8 0
1261966486 0 825024 8 0
1267192429 0 715072 8 0
1267210804 0 715080 32 0
1267328510 0 716688 8 0
1267960861 0 812384 8 0
1272544465 0 827336 8 0
1272878061 0 550232 24 0
1286526445 0 825000 8 0
1292116150 0 825008 8 0
1294368003 0 550256 32 0
1294470645 0 550392 8 0
1294492857 0 550288 104 0
1294778383 0 550400 32 0
1300478767 0 551488 8 0
1302764546 0 551344 144 0
1305412939 0 551944 32 0
1305431332 0 552096 8 0
1307546043 0 551976 120 0
1310839517 0 551496 32 0
1310860138 0 551936 8 0
1310883112 0 551784 152 0
1311079263 0 552448 32 0
1314824420 0 552952 8 0
1317659536 0 552800 152 0
1319767021 0 824992 8 0
1341405659 0 824896 32 0
1345825526 0 824928 64 0
1349379204 0 844384 8 0
1349394686 0 844392 32 0
1351624611 0 844424 16 0
1351784716 0 828616 8 0
1352119649 0 828608 8 0
1352371494 0 828592 8 0
1352383018 0 828600 8 0
1352862100 0 828576 8 0
1352874229 0 828584 8 0
1353590018 0 828568 8 0
1353990656 0 828544 24 0
1355894293 0 828120 8 0
1357361796 0 714472 8 0
1357422087 0 821344 8 0
1360065668 0 824568 8 0
1360121747 0 824632 8 0
1362240143 0 844304 8 0
1362256052 0 844312 32 0
1363515376 0 826544 8 0
1363633721 0 828048 8 0
1363784871 0 828296 8 0
1363970789 0 823632 8 0
1366340525 0 844344 40 0
1367852479 0 844272 32 0
1368841997 0 826600 8 0
1368858189 0 826608 32 0
1368939364 0 826640 64 0
1369131038 0 826592 8 0
1372615295 0 714824 8 0
1373129461 0 714816 8 0
1373304150 0 813432 8 0
1375367108 0 813464 8 0
1377137464 0 813632 8 0
1378664613 0 813640 32 0
1380729581 0 813672 64 0
1381004012 0 813392 8 0
1385144896 0 714936 8 0
1385158441 0 714944 32 0
1385849133 0 813456 8 0
1387746955 0 813624 8 0
1389531726 0 813736 144 0
1389927693 0 813400 8 0
1399391028 0 714872 8 0
1399515493 0 714896 8 0
1400711054 0 544640 32 0
1411751375 0 544776 8 0
1414399720 0 544672 64 0
1414471442 0 544736 40 0
1414620746 0 544448 32 0
1418870169 0 544504 136 0
1423695969 0 76192 8 0
1425460513 0 598032 32 0
1425505104 0 600896 144 0
1425590709 0 598192 248 0
1425634782 0 598440 8 0
1425688659 0 601088 32 0
1425726696 0 601608 136 0
1425779058 0 601120 224 0
1425860913 0 4536184 32 0
1429527917 0 4538208 144 0
1475657581 0 813592 8 0
1438532775 0 4536232 248 0
1438585684 0 4536480 8 0
1448893353 0 601056 32 0
1449158828 0 4594488 32 0
1449275794 0 4594520 136 0
1449436720 0 5888 8 0
1449472217 0 5896 8 0
1449474125 0 5904 8 0
1449475489 0 5912 8 0
1449476641 0 5920 8 0
1449477775 0 5928 8 0
1449478709 0 5936 8 0
1449479786 0 5944 8 0
1449481807 0 5952 8 0
1449483130 0 5960 8 0
1449484220 0 5968 8 0
1449489379 0 5976 8 0
1449490722 0 5984 8 0
1449492059 0 5992 8 0
1449493217 0 6000 8 0
1449494804 0 6008 8 0
1449496551 0 6016 8 0
1449498289 0 6024 8 0
1449499957 0 6032 8 0
1449501576 0 6040 8 0
1449503082 0 6048 8 0
1449504979 0 6064 8 0
1449506618 0 6072 8 0
1449508577 0 6080 8 0
1449510530 0 6088 8 0
1449513363 0 6096 8 0
1449514899 0 6104 8 0
1449516691 0 6112 8 0
1449518408 0 6120 8 0
1449520468 0 6128 8 0
1449522875 0 6136 8 0
1449524778 0 6056 8 0
1458046205 0 520896 32 0
1462295976 0 520928 32 0
1465218112 0 4536216 16 0
1465452173 0 4536488 240 0
1466019411 0 598064 128 0
1466070078 0 601344 248 0
1466107986 0 601592 8 0
1466360809 0 598448 128 0
1466454767 0 598576 248 0
1466498369 0 598824 8 0
1466524676 0 544480 24 0
1467339076 0 4537272 248 0
1467346796 0 4537520 8 0
1473499304 0 4536768 248 0
1473610760 0 4537016 8 0
1473640560 0 4536728 40 0
1473860506 0 4537024 184 0
1541077268 0 813600 24 0
1545184636 0 714928 8 0
1545228874 0 714912 8 0
1546861552 0 824584 8 0
1546877688 0 824592 32 0
1549302141 0 824624 8 0
1549313447 0 824640 48 0
1550061588 0 824576 8 0
1556372233 0 714840 8 0
1556621907 0 714832 8 0
1556630955 0 714848 8 0
1556808829 0 715776 8 0
1556824663 0 715784 32 0
1557121308 0 827784 8 0
1557238365 0 827776 8 0
1557459700 0 715952 48 0
1561096064 0 827768 8 0
1562158184 0 826504 32 0
1562247264 0 826536 8 0
1562255024 0 826552 40 0
1563342678 0 825768 8 0
1563358350 0 825776 32 0
1563530628 0 716000 32 0
1563884527 0 825928 8 0
1566922452 0 716040 8 0
1567119627 0 715648 32 0
1567121629 0 715688 24 0
1568775444 0 714808 8 0
1569104815 0 714864 8 0
1569300232 0 714856 8 0
1569305312 0 714880 8 0
1569310390 0 714888 8 0
1569311556 0 714904 8 0
1569312224 0 714920 8 0
1569832621 0 714800 8 0
1569965937 0 813496 8 0
1572377926 0 813488 8 0
1574783052 0 813576 8 0
1577333532 0 813584 8 0
1579056412 0 813384 8 0
1582386881 0 813440 8 0
1563592334 0 578288 248 0
1563593281 0 578536 8 0
1566552435 0 578544 136 0
1566702557 0 583032 248 0
1566767455 0 583280 8 0
1566804191 0 583288 88 0
1567100664 0 582896 136 0
1567222266 0 578680 72 0
1567263695 0 579656 24 0
1571379728 0 579944 248 0
1571380930 0 580192 8 0
1572544176 0 588104 136 0
1574727677 0 588096 8 0
1575624844 0 578264 24 0
1575805739 0 587712 128 0
1576321249 0 577952 56 0
1590527782 0 827520 8 0
1590576192 0 827528 32 0
1590686427 0 827560 64 0
1590891973 0 827624 128 0
1591428049 0 716888 8 0
1591510847 0 827512 8 0
1591832975 0 827480 8 0
1591947434 0 716912 8 0
1592026953 0 827496 8 0
1592313231 0 716936 8 0
1592432634 0 827472 8 0
1592520011 0 827464 8 0
1593417760 0 716672 8 0
1593542836 0 716656 8 0
1593719943 0 716664 8 0
1593728293 0 716680 8 0
1594261612 0 813568 8 0
1596428590 0 4262480 8 0
1598011369 0 827392 8 0
1598055541 0 827400 8 0
1598246985 0 827384 8 0
1600021733 0 821080 8 0
1602022798 0 821088 32 0
1604869504 0 824488 8 0
1605054677 0 827376 8 0
1605156916 0 827368 8 0
1605559805 0 818824 8 0
1607782152 0 825560 8 0
1608066761 0 818848 32 0
1610612982 0 828496 8 0
1610794603 0 827360 8 0
1611379095 0 828488 8 0
1614268133 0 827344 8 0
1615799847 0 827328 8 0
1616131660 0 828176 32 0
1616682490 0 828144 8 0
1616733331 0 828152 8 0
1617344081 0 828136 8 0
1617813259 0 827320 8 0
1618140043 0 828128 8 0
1618659168 0 821072 8 0
1620652545 0 821064 8 0
1622532896 0 821056 8 0
1626803749 0 821048 8 0
1629367278 0 821008 8 0
1632536049 0 821016 32 0
1636176435 0 553856 32 0
1636243703 0 555312 16 0
1636315065 0 555120 192 0
1636546779 0 825280 8 0
1637170443 0 825264 8 0
1637219945 0 825272 8 0
1638283402 0 821000 8 0
1640477512 0 827176 8 0
1649162192 0 820992 8 0
1659448315 0 820984 8 0
1663566751 0 820968 8 0
1665385935 0 820976 8 0
1667890366 0 820960 8 0
1669886642 0 820952 8 0
1684269217 0 820944 8 0
1686906102 0 580624 248 0
1686916382 0 580872 8 0
1693304385 0 715536 8 0
1693390459 0 715544 32 0
1693677392 0 818224 8 0
1696145166 0 818304 8 0
1698445458 0 818312 32 0
1701091342 0 818344 64 0
1704460748 0 715584 8 0
1714883766 0 813544 16 0
1721280778 0 827448 16 0
1721391679 0 827488 8 0
1721399143 0 827504 8 0
1721768645 0 714760 8 0
1723462892 0 813240 8 0
1726095395 0 812880 8 0
1729307678 0 812784 8 0
1732144403 0 822328 8 0
1734907709 0 827208 32 0
1735545272 0 4522536 8 0
1735917061 0 716896 8 0
1736433748 0 4525448 8 0
1741048486 0 4525472 8 0
1744942157 0 4528864 8 0
1751124155 0 4525280 8 0
1753203757 0 4525288 8 0
1755479489 0 4525456 8 0
1757285289 0 4525464 8 0
1759658176 0 4528304 8 0
1761618714 0 4528312 8 0
1765856843 0 824880 8 0
1769720297 0 827104 8 0
1772272341 0 79224 8 0
1772411503 0 813424 8 0
1777576815 0 79240 8 0
1784284793 0 79232 8 0
1784863106 0 827880 32 0
1823098132 0 818296 8 0
1840231068 0 715832 8 0
1840611571 0 716928 8 0
1840746821 0 827240 64 0
1841252965 0 716880 8 0
1841959312 0 827312 8 0
1843024142 0 827304 8 0
1843610255 0 550224 8 0
1844513145 0 715816 16 0
1844616394 0 715848 64 0
1845211993 0 716032 8 0
1845213261 0 716048 16 0
1845213770 0 716104 8 0
1845218930 0 716152 136 0
1847436053 0 509016 8 0
1865964261 0 510456 8 0
1875287896 0 510632 8 0
1878146651 0 511768 8 0
1882546678 0 511344 8 0
1887708230 0 511352 8 0
1891960031 0 511776 8 0
1894761197 0 511784 8 0
1897959155 0 511792 8 0
1898980892 0 511800 8 0
1899691720 0 511872 8 0
1901609839 0 511880 8 0
1902474344 0 511888 8 0
1903271876 0 511896 8 0
1904084181 0 511904 8 0
1905034740 0 511912 8 0
1905770673 0 511920 8 0
1907269713 0 511936 8 0
1908040422 0 511928 8 0
1908843347 0 511944 8 0
1914867092 0 511952 8 0
1915676055 0 511992 8 0
1916502471 0 671736 8 0
1919373214 0 843688 8 0
1922894251 0 843696 8 0
1926623557 0 843704 8 0
1927436604 0 843712 8 0
1928170827 0 843720 8 0
1928870202 0 844064 8 0
1931379870 0 844072 8 0
1934266069 0 844080 8 0
1935039654 0 844088 8 0
1935799398 0 844096 8 0
1936460346 0 844104 8 0
1938457977 0 844112 8 0
1939132827 0 844120 8 0
1939995035 0 844128 8 0
1940661006 0 844136 8 0
1941368727 0 844144 8 0
1942080411 0 844152 8 0
1942859353 0 844160 8 0
1943558802 0 844168 8 0
1944337375 0 844176 8 0
1944988990 0 844184 8 0
1945643928 0 844192 8 0
1946290784 0 844200 8 0
1947928758 0 511960 8 0
1950089022 0 511968 8 0
1957688986 0 79104 8 0
1957874854 0 79136 8 0
1958024453 0 4262456 8 0
1959907130 0 4262464 8 0
1962214696 0 79120 8 0
1963840884 0 79128 8 0
1964606240 0 79248 8 0
1964972767 0 4262472 8 0
1965508982 0 79152 8 0
1965683997 0 79176 8 0
1965894707 0 79160 8 0
1966621807 0 79168 8 0
1967151414 0 79112 8 0
1967802951 0 79208 8 0
1968320858 0 79200 8 0
1968978764 0 79184 8 0
1969267681 0 79192 8 0
1969698702 0 79144 8 0
1996806631 0 7680 8 0
1996819149 0 7688 8 0
1996824200 0 7696 8 0
1996828476 0 7704 8 0
1996833200 0 7712 8 0
1996837918 0 7720 8 0
1996842149 0 7728 8 0
1996849769 0 7752 8 0
2035330157 0 512056 24 0
2035622177 0 833216 32 0
2035641815 0 836656 8 0
2035670715 0 836416 240 0
2035984231 0 513024 32 0
2036004677 0 513480 16 0
2044508473 0 513328 152 0
2044962613 0 669040 32 0
2054467638 0 670904 8 0
2056976355 0 670672 232 0
2070211324 0 512080 32 0
2070234403 0 512472 8 0
2070259017 0 512312 160 0
2071099289 0 506872 32 0
2104686134 0 506944 8 0
2107793802 0 506904 40 0
2108651366 0 510864 32 0
2112765220 0 511048 8 0
2114140857 0 510904 144 0
2118585889 0 509120 32 0
2123528191 0 509480 8 0
2124764478 0 509344 136 0
2132163928 0 507984 32 0
2150809406 0 510448 8 0
2153847611 0 510432 8 0
2153863122 0 510440 8 0
2155415427 0 715208 64 0
2155698101 0 820880 8 0
2157531727 0 824008 8 0
2157667450 0 820864 8 0
2159025249 0 820872 8 0
2159082053 0 820888 16 0
2162150655 0 825088 168 0
2163420765 0 76088 8 0
2163446999 0 75856 8 0
2164976546 0 454368 32 0
2169482793 0 454400 8 0
2136127232 0 508184 8 0
2137510691 0 508048 136 0
2145038051 0 670912 32 0
2145060456 0 671728 8 0
2145086683 0 671560 168 0
2145451414 0 510368 32 0
2171736617 0 820856 8 0
2175057473 0 819920 8 0
2179287716 0 815072 8 0
2179326275 0 815080 32 0
2179555199 0 553192 32 0
2179605890 0 553840 8 0
2179656860 0 553680 160 0
2179949314 0 826064 8 0
2180025640 0 826072 32 0
2180317124 0 811816 8 0
2180378793 0 811824 8 0
2180682368 0 816216 8 0
2182492371 0 816224 32 0
2186307718 0 820848 8 0
2196008585 0 826312 8 0
2196632764 0 820840 8 0
2200899511 0 816184 8 0
2203610958 0 816192 24 0
2209322591 0 820832 8 0
2211623575 0 820824 8 0
2218237992 0 79272 8 0
2219607578 0 824048 8 0
2219652499 0 824056 32 0
2220084734 0 824040 8 0
2220354777 0 824032 8 0
2220566404 0 824024 8 0
2220910530 0 824016 8 0
2221297415 0 455504 8 0
2226259317 0 824000 8 0
2226661988 0 823984 16 0
2226670725 0 824088 8 0
2227337658 0 818776 8 0
2227536095 0 6432 8 0
2227547188 0 6440 8 0
2227552456 0 6528 8 0
2227553854 0 6536 8 0
2227555560 0 6544 8 0
2227557041 0 6552 8 0
2227559409 0 6560 8 0
2227561141 0 6576 8 0
2227562296 0 6584 8 0
2227563796 0 6592 8 0
2227565054 0 6600 8 0
2227566353 0 6608 8 0
2227567555 0 6616 8 0
2227569005 0 6624 8 0
2227572140 0 6520 8 0
2227668070 0 454424 8 0
2227791986 0 6912 8 0
2227802056 0 6920 8 0
2227805108 0 6928 8 0
2227806310 0 6936 8 0
2227808384 0 6944 8 0
2227809649 0 6952 8 0
2227810872 0 6960 8 0
2227812147 0 6968 8 0
2227813521 0 6976 8 0
2227814967 0 6992 8 0
2227816317 0 7000 8 0
2227817566 0 7008 8 0
2227818806 0 7016 8 0
2227820210 0 7024 8 0
2227821812 0 7032 8 0
2227822971 0 7040 8 0
2227824308 0 7048 8 0
2227825608 0 7056 8 0
2227827653 0 7064 8 0
2227828884 0 7072 8 0
2227830403 0 7080 8 0
2227831690 0 7088 8 0
2227833450 0 7096 8 0
2227834805 0 7104 8 0
2227836085 0 7112 8 0
2227837444 0 7120 8 0
2227838731 0 7128 8 0
2227839885 0 7136 8 0
2227841012 0 7144 8 0
2227842463 0 7152 8 0
2227843882 0 7160 8 0
2227845293 0 7168 8 0
2227845658 0 6984 8 0
2228073855 0 77872 8 0
2255034488 0 836720 8 0
2255697688 0 824504 8 0
2256169983 0 508192 32 0
2256201460 0 508400 8 0
2256229763 0 508256 144 0
2256626060 0 508616 32 0
2256654948 0 508696 8 0
2256675713 0 508648 48 0
2257129897 0 801336 32 0
2258829165 0 802288 8 0
2258868772 0 802120 168 0
2259000096 0 801368 80 0
2259953172 0 510464 32 0
2259973118 0 510520 8 0
2259988041 0 510496 24 0
2260220899 0 509488 32 0
2260249836 0 509672 8 0
2260267531 0 509528 144 0
2260547630 0 509680 32 0
2260566244 0 509904 8 0
2260586782 0 509760 144 0
2260855399 0 511072 32 0
2261059240 0 510152 32 0
2262066813 0 510360 8 0
2262085160 0 510224 136 0
2262333683 0 507880 32 0
2270029460 0 507976 8 0
2273436645 0 507912 64 0
2273674127 0 508704 32 0
2273693049 0 508808 8 0
2273708190 0 508736 72 0
2273940149 0 507248 32 0
2273958002 0 507400 8 0
2273979674 0 507280 120 0
2274232160 0 512560 32 0
2274250507 0 512656 8 0
2274442605 0 512664 32 0
2274459730 0 512744 8 0
2274473420 0 512696 48 0
2274683644 0 512000 32 0
2274700889 0 512048 8 0
2274713178 0 512032 16 0
2274944603 0 511496 32 0
2274963007 0 511560 8 0
2274974659 0 511528 32 0
2275186439 0 843024 32 0
2278808247 0 843328 8 0
2280201477 0 843168 160 0
2235152203 0 7176 8 0
2235159310 0 7184 8 0
2235160922 0 7200 8 0
2235162596 0 7208 8 0
2235164146 0 7216 8 0
2235165515 0 7224 8 0
2235167291 0 7232 8 0
2235168611 0 7240 8 0
2235169836 0 7248 8 0
2235171252 0 7256 8 0
2235173050 0 7264 8 0
2235174520 0 7272 8 0
2235177317 0 7280 8 0
2235178874 0 7288 8 0
2235180279 0 7296 8 0
2235181410 0 7304 8 0
2235182790 0 7312 8 0
2235184404 0 7320 8 0
2235185945 0 7328 8 0
2235187449 0 7336 8 0
2235188908 0 7344 8 0
2235190527 0 7352 8 0
2235191929 0 7360 8 0
2235193336 0 7368 8 0
2235194677 0 7376 8 0
2235195858 0 7384 8 0
2235197464 0 7392 8 0
2235200192 0 7400 8 0
2235201526 0 7408 8 0
2235202426 0 7416 8 0
2235204146 0 7424 8 0
2235204517 0 7192 8 0
2235520457 0 77960 8 0
2237528319 0 750120 8 0
2245931469 0 2080 8 0
2245995969 0 847872 8 1
2246535479 0 510400 32 0
2249584692 0 836664 32 0
2249700818 0 837352 8 0
2249758604 0 837184 168 0
2251467978 0 837144 8 0
2252468447 0 837136 8 0
2285368939 0 511416 32 0
2285387583 0 511488 8 0
2285402046 0 511448 40 0
2285645191 0 511568 32 0
2285664149 0 511648 8 0
2285682047 0 511600 48 0
2285906058 0 511656 32 0
2285924110 0 511720 8 0
2286148740 0 843336 32 0
2290239646 0 843680 8 0
2290260730 0 843528 152 0
2290534735 0 802736 32 0
2290553301 0 802808 8 0
2290569318 0 802768 40 0
2290818375 0 511728 32 0
2290836411 0 511760 8 0
2292665468 0 837128 8 0
2293564517 0 837152 32 0
2294205422 0 715064 8 0
2295186336 0 836728 8 0
2295201880 0 836736 32 0
2295620941 0 822272 8 0
2297961590 0 822280 32 0
2300143820 0 822312 16 0
2300207309 0 822336 40 0
2300623763 0 822264 8 0
2307868006 0 823656 8 0
2310830680 0 822240 8 0
2313138742 0 822248 16 0
2322939574 0 822208 8 0
2325322641 0 822216 24 0
2329192902 0 822192 8 0
2336469397 0 822200 8 0
2341651313 0 836792 8 0
2341878893 0 825952 8 0
2342241721 0 836936 8 0
2342654442 0 837016 8 0
2343180014 0 714256 8 0
2343193377 0 714328 72 0
2343671065 0 714400 72 0
2343691445 0 714480 8 0
2343701418 0 714536 104 0
2343721085 0 714648 8 0
2343901012 0 717592 8 0
2343914530 0 717600 32 0
2344177946 0 811480 8 0
2344192142 0 811488 32 0
2344555543 0 542576 32 0
2344584237 0 542640 8 0
2344597559 0 542608 32 0
2344788698 0 811584 8 0
2344811400 0 811592 32 0
2345221354 0 811552 8 0
2345234826 0 811560 24 0
2348015702 0 836944 8 0
2348032411 0 836952 32 0
2349020270 0 821888 8 0
2351660490 0 821928 8 0
2353595680 0 821896 32 0
2359415536 0 806000 8 0
2362526933 0 821936 56 0
2363680937 0 619232 8 0
2365699252 0 619240 32 0
2368340123 0 619272 64 0
2368578561 0 619216 8 0
2374923634 0 620152 8 0
2376757473 0 805992 8 0
2378995914 0 619960 8 0
2380936761 0 619968 32 0
2384061837 0 619952 8 0
2386127426 0 619936 8 0
2387900455 0 619944 8 0
2389679773 0 619928 8 0
2391538773 0 620000 152 0
2391548826 0 620160 8 0
2392057281 0 619608 8 0
2397168226 0 619504 8 0
2397234831 0 619512 32 0
2397340918 0 619544 64 0
2397599285 0 807504 8 0
2402345931 0 619688 8 0
2402391596 0 619696 32 0
2402817199 0 619616 72 0
2402827388 0 619728 8 0
2403487038 0 619792 8 0
2403990935 0 619824 8 0
2404220904 0 617680 8 0
2406345044 0 617688 32 0
2408471345 0 617720 64 0
2408659332 0 617784 128 0
2412200574 0 619912 8 0
2418514701 0 619736 56 0
2418522395 0 619800 16 0
2418865915 0 708728 8 0
2420968877 0 708736 32 0
2424551375 0 617664 8 0
2426811445 0 617672 8 0
2428805600 0 617616 8 0
2430545241 0 617624 32 0
2432571525 0 617656 8 0
2432984235 0 708720 8 0
2435797519 0 617912 248 0
2435807370 0 618160 8 0
2436655725 0 617600 8 0
2438820533 0 617608 8 0
2440901185 0 619872 8 0
2441005991 0 619864 8 0
2442367502 0 617568 8 0
2444300235 0 617576 24 0
2447032707 0 618168 248 0
2447043943 0 618416 8 0
2448147475 0 617528 8 0
2488015649 0 619920 8 0
2489857477 0 619816 8 0
2489870042 0 619832 32 0
2489872341 0 619880 32 0
2490306939 0 619496 8 0
2490419022 0 821880 8 0
2503127456 0 807496 8 0
2506778518 0 716616 8 0
2508646516 0 836864 8 0
2508708619 0 836872 32 0
2509328721 0 836856 8 0
2509979631 0 836904 32 0
2515625716 0 807512 24 0
2518301723 0 617520 8 0
2521147886 0 823816 8 0
2521206074 0 823824 32 0
2521634132 0 265432 8 0
2523185300 0 708960 8 0
2524859545 0 708952 8 0
2527075969 0 708712 8 0
2537784075 0 708704 8 0
2546267254 0 617504 8 0
2547830979 0 617512 8 0
2547873782 0 617536 8 0
2553225153 0 821256 8 0
2561276350 0 837112 8 0
2561291448 0 837120 8 0
2562056312 0 837088 8 0
2562740971 0 837096 16 0
2564276935 0 506784 16 0
2578020506 0 671224 8 0
2578429005 0 671072 8 0
2578446496 0 671080 32 0
2578914199 0 671440 8 0
2579730359 0 671216 8 0
2580101562 0 670992 8 0
2585583810 0 836696 24 0
2585751025 0 716288 248 0
2585867714 0 716536 8 0
2589728876 0 836840 8 0
2592061140 0 715600 8 0
2593406085 0 836848 8 0
2593999466 0 823872 8 0
2595487102 0 827960 8 0
2595512287 0 827968 32 0
2597512714 0 713776 8 0
2598767642 0 508016 32 0
2600298979 0 671464 8 0
2601722603 0 828056 8 0
2602030889 0 827920 8 0
2602349579 0 827912 8 0
2602369769 0 827928 24 0
2604675473 0 836768 24 0
2604705270 0 836800 40 0
2605759670 0 671544 8 0
2605774066 0 671552 8 0
2611396424 0 670968 8 0
2611414338 0 670976 16 0
2611420373 0 671000 8 0
2612990103 0 836984 32 0
2614366335 0 670952 8 0
2616126549 0 671232 32 0
2618119652 0 671184 8 0
2618146018 0 671192 24 0
2618323761 0 671264 24 0
2619362217 0 671152 8 0
2619388006 0 671160 24 0
2620643115 0 671120 8 0
2620669064 0 671128 24 0
2623444240 0 822168 8 0
2623465439 0 822176 16 0
2625647809 0 837024 32 0
2627628583 0 825424 136 0
2627688094 0 825568 112 0
2629879297 0 454080 8 0
2640603518 0 671456 8 0
2641021276 0 671008 48 0
2641873891 0 671448 8 0
2644167184 0 508248 8 0
2645147359 0 670944 8 0
2645157467 0 670960 8 0
2645711492 0 671056 16 0
2645722819 0 671112 8 0
2645727253 0 671288 24 0
2646407848 0 814400 8 0
2646422427 0 814408 8 0
2647049092 0 814496 144 0
2647677635 0 814640 248 0
2647723243 0 814888 8 0
2649486650 0 713840 32 0
2650838237 0 814384 8 0
2650865125 0 814392 8 0
2651977286 0 811920 32 0
2652090576 0 811952 64 0
2653561740 0 820904 32 0
2705958696 0 508224 24 0
2715431746 0 513000 8 0
2724020625 0 828008 8 0
2725323564 0 513496 32 0
2725360304 0 513528 8 0
2727064679 0 454072 8 0
2743349360 0 837056 32 0
2747316193 0 509744 8 0
2747329752 0 509752 8 0
2749723357 0 819768 8 0
2753896114 0 455496 8 0
2764235717 0 671312 128 0
2764490805 0 671472 72 0
2773274140 0 510216 8 0
2775751767 0 265744 8 0
2784308938 0 506752 8 0
2791165298 0 716584 8 0
2792174567 0 716568 8 0
2792793840 0 716576 8 0
2792805712 0 716592 16 0
2793961285 0 826056 8 0
2795177458 0 714768 24 0
2795271304 0 714752 8 0
2796187068 0 812832 8 0
2798434479 0 812872 8 0
2800339734 0 813088 8 0
2801951062 0 813096 32 0
2803985602 0 813128 64 0
2804289227 0 813080 8 0
2808357437 0 824688 128 0
2809056688 0 812944 8 0
2810728133 0 812952 32 0
2812762973 0 812984 64 0
2816573715 0 821120 64 0
2817708433 0 812360 8 0
2817728822 0 812368 16 0
2817735465 0 812392 8 0
2835256811 0 714672 8 0
2836903600 0 716552 16 0
2836918389 0 716608 8 0
2836920340 0 716624 32 0
2836928837 0 716696 112 0
2843034845 0 4262488 8 0
2847891412 0 812864 8 0
2850875487 0 812848 8 0
2852552556 0 812856 8 0
2854618546 0 823696 24 0
2857099340 0 812736 8 0
2858841077 0 812936 8 0
2914922451 0 847880 64 1
2939146278 0 2064 8 0
2939236513 0 264656 8 1
2939276526 0 3932160 8 1
2939302910 0 3932168 8 1
2939360750 0 3932176 8 1
2939361395 0 3932184 8 1
2939361801 0 3932192 8 1
2939362150 0 3932200 8 1
2939362514 0 3932208 8 1
2939363029 0 3932216 8 1
2939363394 0 3932224 8 1
2939363737 0 3932232 8 1
2939364083 0 3932240 8 1
2939364433 0 3932248 8 1
2939364699 0 3932256 8 1
2939365118 0 3932264 8 1
2939365771 0 3932272 8 1
2939366529 0 3932280 8 1
2939367127 0 3932288 8 1
2939367615 0 3932296 8 1
2939368059 0 3932304 8 1
2939368512 0 3932312 8 1
2939369580 0 3932320 8 1
2939370099 0 3932328 8 1
2939370538 0 3932336 8 1
2939370980 0 3932344 8 1
2939371225 0 3932352 8 1
2939371703 0 3932360 8 1
2939372134 0 3932368 8 1
2939372576 0 3932376 8 1
2939372813 0 3932384 8 1
2939373249 0 3932392 8 1
2939373680 0 3932400 8 1
2939374018 0 3932408 8 1
2939374262 0 3932416 8 1
2939374509 0 3932424 8 1
2939374754 0 3932432 8 1
2939375000 0 3932440 8 1
2939375246 0 3932448 8 1
2939375504 0 3932456 8 1
2939376282 0 3932464 8 1
2939376707 0 3932472 8 1
2939377049 0 3932480 8 1
2939377400 0 3932488 8 1
2939377746 0 3932496 8 1
2939377993 0 3932504 8 1
2939378346 0 3932512 8 1
2939378592 0 3932520 8 1
2939378941 0 3932528 8 1
2939379500 0 3932536 8 1
2939379926 0 3932544 8 1
2939380267 0 3932552 8 1
2939380614 0 3932560 8 1
2939380956 0 3932568 8 1
2939381200 0 3932576 8 1
2939381561 0 3932584 8 1
2939381806 0 3932592 8 1
2939382192 0 3932600 8 1
2939382712 0 3932608 8 1
2939383310 0 3932616 8 1
2939383734 0 3932624 8 1
2939384115 0 3932632 8 1
2939384406 0 3932640 8 1
2939384679 0 3932648 8 1
2939384924 0 3932656 8 1
2939385169 0 3932664 8 1
2939385413 0 3932672 8 1
2939385660 0 3932680 8 1
2939385907 0 3932688 8 1
2939386147 0 3932696 8 1
2939386393 0 3932704 8 1
2939386653 0 3932712 8 1
2939387190 0 3932720 8 1
2939387606 0 3932728 8 1
2939387963 0 3932736 8 1
2939543871 0 3932744 8 1
2945035711 0 0 8 1
2945044286 0 8 8 1
2945049170 0 2064 8 1
2945053918 0 2080 8 1
2945058724 0 2192 8 1
2945063946 0 2312 8 1
2945068307 0 2352 8 1
2945072442 0 2384 8 1
2945076809 0 2392 8 1
2945080703 0 2408 8 1
2945084908 0 2472 8 1
2945089274 0 2528 8 1
2945093678 0 2552 8 1
2945097890 0 2640 8 1
2945105088 0 2664 8 1
2945109439 0 2672 8 1
2945113815 0 2824 8 1
2945118339 0 2840 8 1
2945122639 0 6056 8 1
2945127010 0 6344 8 1
2945131660 0 6384 8 1
2945135570 0 6392 8 1
2945139668 0 6416 8 1
2945143985 0 6424 8 1
2945148229 0 6456 8 1
2945152388 0 6464 8 1
2945156478 0 6472 8 1
2945161115 0 6480 8 1
2945166241 0 6488 8 1
2945170318 0 6496 8 1
2945174582 0 6504 8 1
2945179621 0 6512 8 1
2945184116 0 6520 8 1
2945188366 0 6568 8 1
2945192966 0 7136 8 1
2945197834 0 7744 8 1
2945202353 0 7752 8 1
2945207211 0 7760 8 1
2945211524 0 7768 8 1
2945215650 0 7776 8 1
2945220067 0 7784 8 1
2945224116 0 7792 8 1
2945229517 0 7800 8 1
2945233880 0 7808 8 1
2945238231 0 7816 8 1
2945242284 0 7824 8 1
2945246632 0 7848 8 1
2945251208 0 7856 8 1
2945255864 0 7864 8 1
2945260522 0 67848 8 1
2945265006 0 75920 8 1
2945269933 0 79264 8 1
2945274628 0 79272 8 1
2945279004 0 4194304 8 1
2945284102 0 4194432 8 1
2945288320 0 4194560 8 1
2945294263 0 4194584 8 1
2945298824 0 4194600 8 1
2945303314 0 4194832 8 1
2945307857 0 4194840 8 1
2945312065 0 4194848 8 1
2945316246 0 4194856 8 1
2945320354 0 4194864 8 1
2945324478 0 4194872 8 1
2945328938 0 4194880 8 1
2945333179 0 4194888 8 1
2945337439 0 4195192 8 1
2945341985 0 4195280 8 1
2945346179 0 4196256 8 1
2945350517 0 4196264 8 1
2965099121 0 3932160 8 1
2968685879 0 3932160 8 1
2969265662 0 0 8 1
