0 0 67848 8 0
53842 0 6416 8 0
61265 0 6424 8 0
62520 0 6432 8 0
65910 0 6440 8 0
69707 0 6448 8 0
71017 0 6456 8 0
72304 0 6464 8 0
73357 0 6472 8 0
74920 0 6480 8 0
76139 0 6488 8 0
77177 0 6496 8 0
78094 0 6504 8 0
79220 0 6512 8 0
80330 0 6520 8 0
82275 0 6528 8 0
83288 0 6536 8 0
84705 0 6544 8 0
85860 0 6552 8 0
87603 0 6560 8 0
88696 0 6568 8 0
89600 0 6576 8 0
90700 0 6584 8 0
91615 0 6592 8 0
92556 0 6600 8 0
93719 0 6608 8 0
94621 0 6616 8 0
95557 0 6624 8 0
96467 0 6632 8 0
97802 0 6640 8 0
98805 0 6648 8 0
99766 0 6656 8 0
101253 0 6664 8 0
101818 0 6408 8 0
10888931 0 67912 8 0
10976764 0 7936 8 0
10984864 0 7944 8 0
10986231 0 7952 8 0
10986870 0 7960 8 0
17635996 0 4194432 8 0
18819470 0 4194568 8 0
18827462 0 4194576 8 0
18828744 0 4194584 8 0
18829789 0 4194592 8 0
18831199 0 4194600 8 0
18832331 0 4194608 8 0
18833396 0 4194616 8 0
18834367 0 4194624 8 0
18835752 0 4194632 8 0
18836818 0 4194640 8 0
18839016 0 4194648 8 0
18840534 0 4194656 8 0
18841572 0 4194664 8 0
18846432 0 4194672 8 0
18847654 0 4194680 8 0
18848853 0 4194688 8 0
18849839 0 4194696 8 0
18850873 0 4194704 8 0
18851968 0 4194712 8 0
18854281 0 4194720 8 0
18855335 0 4194728 8 0
18856479 0 4194736 8 0
18857921 0 4194744 8 0
18859213 0 4194752 8 0
18861089 0 4194760 8 0
18862220 0 4194768 8 0
18863134 0 4194776 8 0
18864261 0 4194784 8 0
18865101 0 4194792 8 0
18866622 0 4194800 8 0
18867898 0 4194808 8 0
18870009 0 4194816 8 0
18870405 0 4194560 8 0
38225801 0 4194304 8 0
59588542 0 548976 8 0
62089818 0 548656 8 0
64105370 0 68520 8 0
66299070 0 2816 8 0
66308523 0 2824 8 0
66309734 0 2832 8 0
66311037 0 2840 8 0
66312215 0 2848 8 0
66313452 0 2856 8 0
66314611 0 2864 8 0
66316222 0 2872 8 0
66317527 0 2888 8 0
66318691 0 2896 8 0
66319706 0 2904 8 0
66320788 0 2912 8 0
66323232 0 2920 8 0
66324516 0 2928 8 0
66325626 0 2936 8 0
66326965 0 2944 8 0
66328343 0 2952 8 0
66329553 0 2960 8 0
66331420 0 2968 8 0
66332800 0 2976 8 0
66333974 0 2984 8 0
66335155 0 2992 8 0
66336503 0 3000 8 0
66337535 0 3008 8 0
66338647 0 3016 8 0
66339828 0 3024 8 0
66342479 0 3032 8 0
66344350 0 3040 8 0
66346076 0 3048 8 0
66347932 0 3056 8 0
66352823 0 3064 8 0
66354459 0 3072 8 0
66354835 0 2880 8 0
66561062 0 69152 8 0
72673796 0 7680 8 0
72684974 0 7688 8 0
72686938 0 7696 8 0
72688968 0 7704 8 0
72690649 0 7712 8 0
72692442 0 7720 8 0
72696255 0 7728 8 0
72698448 0 7736 8 0
72700352 0 7744 8 0
72703108 0 7752 8 0
72705125 0 7760 8 0
72707162 0 7768 8 0
72709325 0 7776 8 0
72711229 0 7784 8 0
72712671 0 7792 8 0
72714232 0 7800 8 0
72715540 0 7808 8 0
72716861 0 7816 8 0
72718136 0 7824 8 0
72719807 0 7840 8 0
72721855 0 7848 8 0
72730223 0 7856 8 0
72731193 0 7864 8 0
72732359 0 7872 8 0
72733611 0 7880 8 0
72734963 0 7888 8 0
72736102 0 7896 8 0
72740029 0 7904 8 0
72741384 0 7912 8 0
72742758 0 7920 8 0
72743687 0 7928 8 0
72744856 0 7832 8 0
72771695 0 78352 8 0
79519928 0 78360 8 0
81788571 0 68448 8 0
83783666 0 7168 8 0
83791865 0 7176 8 0
83793033 0 7184 8 0
83793948 0 7192 8 0
83794916 0 7200 8 0
83796055 0 7208 8 0
83797119 0 7216 8 0
83798142 0 7224 8 0
83799291 0 7232 8 0
83800403 0 7240 8 0
83801445 0 7248 8 0
83803593 0 7256 8 0
83805101 0 7264 8 0
83807577 0 7272 8 0
83809569 0 7280 8 0
83811075 0 7288 8 0
83812445 0 7296 8 0
83813881 0 7304 8 0
83814982 0 7312 8 0
83816030 0 7320 8 0
83817219 0 7328 8 0
83818650 0 7336 8 0
83824407 0 7344 8 0
83825541 0 7352 8 0
83826931 0 7360 8 0
83828976 0 7368 8 0
83830392 0 7376 8 0
83831537 0 7384 8 0
83832705 0 7392 8 0
83833866 0 7400 8 0
83835435 0 7416 8 0
83836583 0 7424 8 0
83837266 0 7408 8 0
83871307 0 77496 8 0
85991546 0 77504 8 0
88302700 0 69200 8 0
90161273 0 69160 8 0
105521767 0 4459304 32 0
111798159 0 68424 8 0
117492417 0 4260120 8 0
119695767 0 4194832 8 0
119701267 0 4194840 8 0
119703065 0 4194848 8 0
119704713 0 4194856 8 0
119706095 0 4194864 8 0
119707520 0 4194872 8 0
119710094 0 4194880 8 0
119711488 0 4194888 8 0
119712972 0 4194896 8 0
119714939 0 4194904 8 0
119716727 0 4194912 8 0
119718130 0 4194920 8 0
119719526 0 4194928 8 0
119720799 0 4194936 8 0
119722061 0 4194944 8 0
119723215 0 4194952 8 0
119724748 0 4194960 8 0
119725934 0 4194968 8 0
119727250 0 4194976 8 0
119728628 0 4194984 8 0
119730945 0 4194992 8 0
119732580 0 4195000 8 0
119734204 0 4195008 8 0
119735779 0 4195016 8 0
119737862 0 4195024 8 0
119739483 0 4195032 8 0
119740848 0 4195040 8 0
119742309 0 4195048 8 0
119743552 0 4195056 8 0
119744990 0 4195064 8 0
119746322 0 4195072 8 0
119746980 0 4194824 8 0
119779620 0 4260496 8 0
122921533 0 4500752 32 0
130234184 0 4459416 136 0
138557709 0 4500888 144 0
91902072 0 69232 8 0
93867764 0 68528 8 0
95824411 0 75896 8 0
99766957 0 68488 8 0
102295754 0 4260104 8 0
151562955 0 4500784 104 0
151866869 0 548992 32 0
166870522 0 4502152 32 0
166923899 0 4505384 152 0
184796432 0 4502200 248 0
184833877 0 4502448 8 0
184854221 0 4459336 80 0
185093063 0 4502456 248 0
185128540 0 4502704 8 0
185145399 0 4502184 16 0
185190121 0 4503088 248 0
185244924 0 4503336 8 0
205379727 0 4503368 248 0
205504307 0 4503616 8 0
207610611 0 4504840 248 0
207615619 0 4505088 8 0
229055926 0 4504288 248 0
229092222 0 4504536 8 0
229215484 0 4503856 248 0
230018344 0 4504104 8 0
230146934 0 4503624 128 0
230240366 0 4502712 128 0
230294036 0 4504680 160 0
230331705 0 4504544 136 0
230607114 0 1255880 24 0
282390469 0 291648 32 0
286965135 0 291680 32 0
289841279 0 2576 8 0
289852203 0 2584 8 0
289857359 0 2592 8 0
289861788 0 2600 8 0
289866230 0 2608 8 0
289870458 0 2616 8 0
289874612 0 2624 8 0
289881609 0 2632 8 0
289886369 0 2648 8 0
289890761 0 2656 8 0
289895162 0 2664 8 0
289900014 0 2672 8 0
289904173 0 2680 8 0
289908167 0 2688 8 0
289912668 0 2696 8 0
289917347 0 2704 8 0
289921708 0 2712 8 0
289925722 0 2720 8 0
289930020 0 2728 8 0
289934180 0 2736 8 0
289938503 0 2744 8 0
289942674 0 2752 8 0
289946832 0 2760 8 0
289951191 0 2768 8 0
289955495 0 2776 8 0
289960473 0 2784 8 0
289964604 0 2792 8 0
289968680 0 2800 8 0
289973501 0 2808 8 0
289977289 0 2640 8 0
289987279 0 68552 8 0
296750095 0 68680 8 0
300167609 0 4502872 216 0
300228892 0 69240 8 0
302764572 0 3328 8 0
302772332 0 3336 8 0
302777040 0 3344 8 0
302781331 0 3352 8 0
302785344 0 3360 8 0
302789649 0 3376 8 0
302794102 0 3384 8 0
302798469 0 3392 8 0
302803012 0 3400 8 0
302807019 0 3408 8 0
302812275 0 3416 8 0
302816409 0 3424 8 0
302820957 0 3432 8 0
302825098 0 3440 8 0
302829200 0 3448 8 0
302833374 0 3456 8 0
302837318 0 3464 8 0
302841302 0 3472 8 0
302845149 0 3480 8 0
302848874 0 3488 8 0
302852734 0 3496 8 0
302856329 0 3504 8 0
302860147 0 3512 8 0
302863921 0 3520 8 0
302868858 0 3528 8 0
302872943 0 3536 8 0
302877065 0 3544 8 0
302881448 0 3552 8 0
302885408 0 3560 8 0
302889233 0 3568 8 0
302893126 0 3576 8 0
302897142 0 3584 8 0
302900700 0 3368 8 0
302910575 0 70488 8 0
304725402 0 68688 8 0
306369831 0 315008 8 0
308667425 0 68848 8 0
310838119 0 77464 8 0
312815145 0 68864 8 0
314465834 0 68880 8 0
317628771 0 326952 56 0
325264127 0 315016 8 0
328562399 0 315064 8 0
332529970 0 311760 8 0
335920412 0 315040 8 0
338414953 0 315056 8 0
343041489 0 68696 8 0
353456236 0 315024 8 0
355370409 0 315032 8 0
355418005 0 311768 248 0
355455182 0 312016 8 0
376623223 0 314064 248 0
376663826 0 314312 8 0
407901077 0 314568 136 0
407977118 0 315072 8 0
408007549 0 315048 8 0
408047162 0 314704 248 0
408292331 0 314952 8 0
408326588 0 4503752 104 0
408512197 0 4456448 32 0
427082710 0 4458328 144 0
434414837 0 4456480 240 0
450776259 0 4512952 32 0
450820090 0 4513112 136 0
450868408 0 4512984 128 0
450920507 0 4520704 32 0
458053879 0 4520904 136 0
469142073 0 4506976 32 0
469236178 0 4520736 168 0
469404790 0 4456720 248 0
469405339 0 4456968 8 0
472039390 0 4457792 248 0
472080713 0 4458040 8 0
472136335 0 4457192 248 0
472172296 0 4457440 8 0
472198136 0 4458048 232 0
485364452 0 4457048 144 0
485727577 0 4457472 248 0
485769542 0 4457720 8 0
485802709 0 4456976 72 0
485892556 0 4502840 32 0
485933807 0 4457448 24 0
486101213 0 4260512 8 0
513967505 0 4474240 32 0
532706369 0 4474272 32 0
493274051 0 4195080 8 0
493280955 0 4195088 8 0
493285366 0 4195096 8 0
493289861 0 4195104 8 0
493294353 0 4195112 8 0
493298441 0 4195120 8 0
493302166 0 4195128 8 0
493306135 0 4195136 8 0
493309867 0 4195144 8 0
493313976 0 4195152 8 0
493317835 0 4195160 8 0
493321662 0 4195168 8 0
493326675 0 4195176 8 0
493330628 0 4195184 8 0
493335145 0 4195192 8 0
493339397 0 4195208 8 0
493344067 0 4195216 8 0
493348491 0 4195224 8 0
493352478 0 4195232 8 0
493356560 0 4195240 8 0
493360475 0 4195248 8 0
493568056 0 4195256 8 0
493575338 0 4195264 8 0
493579742 0 4195272 8 0
493584417 0 4195280 8 0
493589316 0 4195288 8 0
493593927 0 4195296 8 0
493600898 0 4195304 8 0
493605364 0 4195312 8 0
493609281 0 4195320 8 0
493613593 0 4195328 8 0
493616832 0 4195200 8 0
493636059 0 68472 8 0
507573182 0 4504120 168 0
507639996 0 265272 8 0
512803662 0 4513856 32 0
512843123 0 4513888 32 0
512883428 0 4513680 32 0
512920001 0 4513720 136 0
512972179 0 4513712 8 0
513036224 0 4514112 32 0
513069035 0 4514144 56 0
513110678 0 4513968 32 0
513139662 0 4514000 64 0
545272937 0 75904 8 0
564694930 0 287488 32 0
568891046 0 287520 32 0
552527449 0 289216 32 0
556027638 0 289248 32 0
575397727 0 7440 8 0
575409114 0 7448 8 0
575410544 0 7456 8 0
575411773 0 7464 8 0
575412925 0 7472 8 0
575414025 0 7480 8 0
575415161 0 7488 8 0
575416061 0 7496 8 0
575418552 0 7504 8 0
575419727 0 7512 8 0
575421386 0 7520 8 0
575422712 0 7528 8 0
575424045 0 7536 8 0
575425401 0 7544 8 0
575426599 0 7552 8 0
575427902 0 7560 8 0
575428870 0 7568 8 0
575429834 0 7576 8 0
575430975 0 7584 8 0
575432118 0 7592 8 0
575433271 0 7600 8 0
575434325 0 7608 8 0
575435946 0 7616 8 0
575437036 0 7624 8 0
575438187 0 7632 8 0
575442935 0 7640 8 0
575444266 0 7648 8 0
575445650 0 7656 8 0
575446906 0 7664 8 0
575448075 0 7672 8 0
575449266 0 7432 8 0
575489373 0 77552 8 0
578069134 0 6144 8 0
578079610 0 6152 8 0
578080729 0 6160 8 0
578081676 0 6168 8 0
578082627 0 6176 8 0
578083656 0 6184 8 0
578084637 0 6192 8 0
578085678 0 6200 8 0
578087844 0 6208 8 0
578088906 0 6216 8 0
578089842 0 6224 8 0
578090902 0 6232 8 0
578091996 0 6240 8 0
578092887 0 6248 8 0
578093724 0 6256 8 0
578094864 0 6264 8 0
578097057 0 6272 8 0
578100999 0 6280 8 0
578101958 0 6288 8 0
578103000 0 6296 8 0
578104104 0 6304 8 0
578105449 0 6312 8 0
578107304 0 6320 8 0
578108532 0 6328 8 0
578109817 0 6336 8 0
578110750 0 6344 8 0
578111871 0 6352 8 0
578112892 0 6360 8 0
578113867 0 6368 8 0
578114900 0 6376 8 0
578116528 0 6392 8 0
578117687 0 6400 8 0
578118560 0 6384 8 0
587557494 0 67920 8 0
589954738 0 75936 8 0
591715227 0 75944 8 0
593977727 0 75960 8 0
593988079 0 75968 8 0
594085593 0 551968 16 0
599355018 0 75976 8 0
601427671 0 75984 8 0
601439829 0 75992 8 0
601525806 0 4515520 32 0
601582980 0 4515584 208 0
601647424 0 4515552 32 0
601695691 0 4521280 32 0
601751518 0 4521360 136 0
601801324 0 4521312 48 0
601838188 0 552312 32 0
607035837 0 552344 88 0
610332377 0 75840 8 0
612624150 0 548776 8 0
614530008 0 76000 8 0
614572615 0 589824 32 0
618642472 0 633328 248 0
618679538 0 633576 8 0
633182112 0 633000 248 0
633220615 0 633248 8 0
646030997 0 589856 248 0
646289665 0 590104 8 0
657545662 0 405856 32 0
667479027 0 408720 144 0
684491198 0 406560 248 0
684532056 0 406808 8 0
700807103 0 4510296 32 0
700856568 0 4512216 136 0
700915163 0 4510328 224 0
700979642 0 4507632 32 0
701020029 0 4507672 136 0
701059709 0 4507664 8 0
701106721 0 405888 224 0
707708867 0 406112 248 0
707742654 0 406360 8 0
707790144 0 4510552 248 0
707836929 0 4510800 8 0
707910594 0 406816 248 0
707944613 0 407064 8 0
708008954 0 406368 192 0
708224122 0 407072 248 0
708451526 0 407320 8 0
709063792 0 631704 248 0
709064463 0 631952 8 0
729626007 0 631960 248 0
729662511 0 632208 8 0
729705067 0 590112 128 0
729753156 0 632216 248 0
729843868 0 632464 8 0
729872329 0 590240 248 0
729872784 0 590488 8 0
729902563 0 590496 248 0
729902989 0 590744 8 0
732567085 0 590752 248 0
732619866 0 591000 8 0
732712857 0 591008 248 0
732761494 0 591256 8 0
732798473 0 632472 248 0
732840916 0 632720 8 0
732927694 0 591264 248 0
732979051 0 591512 8 0
733119373 0 591520 248 0
733765723 0 591768 8 0
733856177 0 591776 248 0
733856987 0 592024 8 0
738682102 0 632728 248 0
738718975 0 632976 8 0
738790171 0 592032 248 0
738806876 0 592280 8 0
738871028 0 592288 248 0
738871465 0 592536 8 0
740991672 0 632984 16 0
741026479 0 592544 248 0
741041581 0 592792 8 0
741105890 0 592800 248 0
741106248 0 593048 8 0
743863347 0 593056 248 0
743880825 0 593304 8 0
743949956 0 593312 248 0
743950366 0 593560 8 0
761577285 0 593568 248 0
761614401 0 593816 8 0
762329061 0 633256 72 0
762390233 0 633584 184 0
762460170 0 593824 248 0
762494945 0 594072 8 0
762595553 0 594080 248 0
762629534 0 594328 8 0
762867888 0 408168 248 0
763322918 0 408416 8 0
763356891 0 628608 248 0
763384364 0 628856 8 0
826287390 0 627968 248 0
826332733 0 628216 8 0
842646655 0 595432 248 0
842696839 0 595680 8 0
842731743 0 622928 248 0
842772135 0 623176 8 0
855833496 0 624144 248 0
855838714 0 624392 8 0
863957070 0 603576 248 0
864000143 0 603824 8 0
864035723 0 623664 248 0
864067188 0 623912 8 0
864094058 0 622632 248 0
864133565 0 622880 8 0
877592306 0 627568 248 0
877632914 0 627816 8 0
888727116 0 598696 248 0
888770105 0 598944 8 0
888798123 0 602048 248 0
888838584 0 602296 8 0
888879759 0 628224 232 0
888944426 0 597592 248 0
888986008 0 597840 8 0
889024848 0 601512 248 0
889065981 0 601760 8 0
889095186 0 628864 208 0
889153545 0 625464 248 0
889187805 0 625712 8 0
900543807 0 625120 248 0
900581271 0 625368 8 0
915235429 0 600600 248 0
915286023 0 600848 8 0
915334089 0 594552 248 0
915383662 0 594800 8 0
915640736 0 603304 248 0
915684294 0 603552 8 0
915710289 0 626912 248 0
915740100 0 627160 8 0
915757774 0 624400 136 0
915820220 0 624536 248 0
915878225 0 624784 8 0
916094629 0 4516544 32 0
922700022 0 4516576 32 0
922808340 0 595688 248 0
922904427 0 595936 8 0
922939168 0 628456 152 0
922988645 0 602992 248 0
923054571 0 603240 8 0
923076786 0 600856 128 0
923132853 0 560208 32 0
928717834 0 560352 8 0
932617525 0 560240 112 0
932762968 0 556128 32 0
942287552 0 556504 8 0
945466328 0 556160 192 0
950223634 0 556360 144 0
950262615 0 556352 8 0
950399810 0 601840 208 0
950466065 0 595944 248 0
950507640 0 596192 8 0
950569547 0 598472 224 0
950671585 0 4505096 248 0
950714115 0 4505344 8 0
950760452 0 601768 72 0
950795802 0 623184 200 0
950843677 0 627824 136 0
951205172 0 599720 248 0
951246278 0 599968 8 0
951270857 0 602360 248 0
951320867 0 602608 8 0
951347018 0 600984 144 0
951427180 0 624792 216 0
952167436 0 68512 8 0
964160893 0 75888 8 0
966680401 0 2192 8 0
966825062 0 599192 248 0
966867712 0 599440 8 0
966909717 0 624008 136 0
967020497 0 623920 88 0
967086993 0 596216 248 0
967136959 0 596464 8 0
967204832 0 560360 32 0
967349434 0 560424 8 0
967365306 0 560392 32 0
967513701 0 461976 8 0
971038141 0 626040 248 0
971094225 0 626288 8 0
971129118 0 605952 248 0
971162662 0 606200 8 0
991943922 0 626296 160 0
992002947 0 622592 40 0
999968464 0 4511072 168 0
1000088673 0 601128 160 0
1000239459 0 626456 192 0
1000516986 0 602816 176 0
1000589035 0 626648 192 0
1000661727 0 626840 72 0
1000727452 0 623400 248 0
1000733593 0 623648 8 0
1002103172 0 622888 40 0
1002160624 0 625720 136 0
1002339987 0 604960 248 0
1002347748 0 605208 8 0
1002716047 0 605400 248 0
1002722385 0 605648 8 0
1002820131 0 599976 160 0
1002944142 0 1015808 32 0
1007546249 0 1142008 8 0
1011540740 0 1138200 248 0
1011549258 0 1138448 8 0
1021660817 0 1138456 248 0
1021676301 0 1138704 8 0
1021726694 0 1138712 248 0
1021730799 0 1138960 8 0
1021873107 0 1138968 248 0
1021874108 0 1139216 8 0
1027324281 0 1139224 248 0
1027332968 0 1139472 8 0
1027477384 0 1139480 248 0
1027490473 0 1139728 8 0
1027634654 0 1139736 248 0
1027642981 0 1139984 8 0
1027786836 0 1139992 248 0
1027787387 0 1140240 8 0
1034209474 0 1140248 248 0
1034217545 0 1140496 8 0
1034350830 0 1140504 248 0
1034358275 0 1140752 8 0
1034491276 0 1140760 248 0
1034497215 0 1141008 8 0
1034634993 0 1141016 248 0
1034640842 0 1141264 8 0
1034774157 0 1141272 248 0
1034780121 0 1141520 8 0
1034911423 0 1141528 248 0
1034911937 0 1141776 8 0
1036345715 0 1141784 224 0
1037070428 0 1135360 8 0
998912783 0 625376 88 0
998964197 0 596200 16 0
999049512 0 627168 232 0
999160761 0 625008 112 0
999259152 0 625856 184 0
999831151 0 4511240 248 0
999873215 0 4511488 8 0
1085522087 0 627400 168 0
1085649921 0 597424 168 0
1085744501 0 598336 136 0
1085825999 0 599568 152 0
1085935914 0 623384 16 0
1086065192 0 602616 136 0
1086198212 0 1135192 8 0
1088424140 0 1135200 128 0
1093986003 0 1135824 8 0
1096889447 0 1135472 8 0
1096954197 0 1135744 8 0
1097183297 0 1135560 8 0
1097243620 0 1135568 176 0
1097252439 0 1135752 72 0
1097470572 0 1134480 8 0
1099618333 0 1134544 8 0
1101309901 0 1134552 32 0
1103123780 0 1134408 8 0
1106158069 0 1134416 32 0
1108787631 0 603248 56 0
1108895862 0 1135504 8 0
1108942053 0 1135512 48 0
1109210268 0 1135112 8 0
1114975113 0 1135120 32 0
1117298365 0 1135016 8 0
1119346590 0 1135024 32 0
1121168109 0 1135456 8 0
1121312500 0 1135064 8 0
1123268323 0 1135448 8 0
1123487034 0 1133344 8 0
1125135954 0 1133352 32 0
1126993795 0 1133464 8 0
1130688422 0 1133472 32 0
1130822430 0 1133272 8 0
1132253399 0 1133280 32 0
1134290115 0 1135488 8 0
1134400078 0 1135368 8 0
1134459785 0 1135408 8 0
1134566642 0 1134976 8 0
1136193067 0 1134984 32 0
1138274666 0 1135328 32 0
1138284342 0 1135376 32 0
1138287827 0 1135416 32 0
1138288388 0 1135464 8 0
1138289464 0 1135480 8 0
1138289812 0 1135496 8 0
1138343025 0 1134584 32 0
1138482905 0 1134616 128 0
1138554878 0 1134744 232 0
1138614104 0 1122336 8 0
1145741528 0 602752 64 0
1145769904 0 1135072 8 0
1145793438 0 1135080 32 0
1146012126 0 1135056 8 0
1146299750 0 1131952 8 0
1158277987 0 1131960 32 0
1160969547 0 1132192 8 0
1163536263 0 1132200 64 0
1169115135 0 1132000 8 0
1169199181 0 1132008 32 0
1169393037 0 1132360 8 0
1172115619 0 1134488 56 0
1172315305 0 1134448 32 0
1172732816 0 1121456 8 0
1175948163 0 1121432 8 0
1178163222 0 1121472 8 0
1180204327 0 1121480 32 0
1183706076 0 1121344 8 0
1186137821 0 1121368 8 0
1187516056 0 1121376 32 0
1189382680 0 1121464 8 0
1191270919 0 1121512 64 0
1192491262 0 1135168 8 0
1192540624 0 1135176 16 0
1192843778 0 1135152 16 0
1193051935 0 1122016 8 0
1196632083 0 1122024 32 0
1196835768 0 1136280 8 0
1196877872 0 1136288 32 0
1196945373 0 1136152 8 0
1196998083 0 1136272 8 0
1197100053 0 1136216 8 0
1197144311 0 1136224 48 0
1197326527 0 1133808 8 0
1197368941 0 1133816 64 0
1197537518 0 1133880 128 0
1197653525 0 1131160 8 0
1210496151 0 1131168 32 0
1216049762 0 1122192 8 0
1221246970 0 1122200 32 0
1231587858 0 1122184 8 0
1239422089 0 1122168 8 0
1239471402 0 1122176 8 0
1239580024 0 1133408 8 0
1239622563 0 1133416 32 0
1239787883 0 1133720 8 0
1239829052 0 1133728 32 0
1240645241 0 598952 184 0
1240719945 0 599136 56 0
1242395917 0 604616 248 0
1242409207 0 604864 8 0
1243115637 0 605264 136 0
1243904852 0 1135880 8 0
1243961266 0 1135888 32 0
1273117948 0 1132184 8 0
1244133468 0 1132424 8 0
1244186849 0 1132432 32 0
1244710443 0 1133448 16 0
1244766149 0 1133384 24 0
1245018615 0 1133504 144 0
1245644416 0 1121408 24 0
1245663519 0 1121440 16 0
1245763821 0 1133176 8 0
1245940248 0 1133184 32 0
1246076993 0 1131720 8 0
1251865071 0 1131728 32 0
1263701885 0 1132072 8 0
1263744117 0 1132584 8 0
1263756887 0 1132592 32 0
1263998628 0 1131928 8 0
1270302422 0 1132832 8 0
1270372429 0 1132840 32 0
1270390319 0 1132872 64 0
1270889790 0 1131824 8 0
1271088119 0 603832 248 0
1271131371 0 604080 8 0
1271185882 0 1121576 248 0
1271549609 0 1121824 8 0
1299663222 0 1131992 8 0
1300212810 0 1122000 8 0
1300225290 0 1122008 8 0
1300943099 0 265168 8 0
1304131156 0 1133648 72 0
1304154450 0 1133760 48 0
1304508352 0 1120576 8 0
1306371156 0 1132816 8 0
1306383280 0 1132824 8 0
1307145860 0 1131352 8 0
1307377662 0 1132768 8 0
1307391836 0 1132776 32 0
1307685100 0 1132536 8 0
1307701458 0 1132544 40 0
1307712856 0 1132624 48 0
1307991020 0 1132512 8 0
1308002958 0 1132520 16 0
1308048614 0 1132808 8 0
1308233875 0 1132672 96 0
1308494071 0 1132472 8 0
1308544810 0 1132480 32 0
1309196713 0 1132272 8 0
1309213610 0 1132280 64 0
1310091931 0 1121320 8 0
1311772442 0 1121328 16 0
1311813735 0 1121352 8 0
1313343137 0 1121360 8 0
1313458682 0 1131688 8 0
1314562386 0 1131696 24 0
1315865604 0 1121832 168 0
1315899764 0 1122056 32 0
1318228895 0 1132176 8 0
1318287019 0 1132136 8 0
1318812049 0 1136200 8 0
1318825043 0 1136208 8 0
1319055722 0 1122232 64 0
1319147968 0 1122120 8 0
1319159914 0 1122128 32 0
1319292607 0 1136192 8 0
1319500394 0 1136160 8 0
1319590061 0 1131328 8 0
1319602030 0 1131336 16 0
1319607122 0 1131360 8 0
1319673439 0 1131320 8 0
1319908479 0 1121296 8 0
1321791276 0 1121304 16 0
1324037213 0 1135856 8 0
1324051279 0 1135864 16 0
1324511423 0 1121288 8 0
1327730842 0 1136320 144 0
1327871658 0 1136168 24 0
1328132039 0 1132120 8 0
1328144659 0 1132128 8 0
1328149119 0 1132144 16 0
1329768392 0 1122112 8 0
1329960924 0 1122160 8 0
1331305929 0 1121096 8 0
1336693339 0 1121104 32 0
1342967834 0 1131680 8 0
1343488454 0 1131816 8 0
1343962687 0 76016 8 0
1344469409 0 598064 248 0
1345044029 0 598312 8 0
1345072523 0 596496 248 0
1345112238 0 596744 8 0
1346102917 0 1132040 32 0
1346118321 0 1132080 24 0
1346132747 0 1132104 16 0
1346138779 0 1132160 16 0
1346433506 0 1120408 8 0
1383215951 0 1120416 32 0
1389129209 0 1131568 8 0
1389153296 0 1131576 104 0
1389174090 0 1131760 56 0
1389411850 0 1131504 8 0
1389424571 0 1131512 32 0
1389925232 0 1131264 8 0
1389939787 0 1131272 32 0
1390226929 0 1131560 8 0
1390279565 0 1131544 16 0
1390704497 0 1120448 48 0
1408156487 0 597848 184 0
1408240669 0 598320 16 0
1408259053 0 598032 32 0
1408681694 0 600456 144 0
1408731543 0 594904 248 0
1408770745 0 595152 8 0
1408788044 0 595160 144 0
1408838050 0 600224 232 0
1408953007 0 600136 88 0
1409037862 0 595304 128 0
1409074372 0 605808 144 0
1409895227 0 605216 48 0
1410084897 0 594352 200 0
1396136045 0 1120400 8 0
1404450697 0 1135832 24 0
1404470520 0 1135920 168 0
1404804275 0 1134024 8 0
1404816979 0 1134032 32 0
1405008426 0 1122088 24 0
1405020928 0 1122296 40 0
1406551304 0 1132264 8 0
1406561780 0 1132344 16 0
1406765060 0 1122344 248 0
1406806960 0 1122592 8 0
1411612213 0 597264 160 0
1412045648 0 597112 152 0
1412772946 0 1072952 8 0
1447877520 0 1072960 32 0
1451193475 0 1080040 8 0
1454037896 0 1072456 8 0
1456355161 0 1072464 32 0
1462379682 0 1072448 8 0
1467341320 0 623656 8 0
1467782341 0 1277952 32 0
1467945668 0 596752 248 0
1467946306 0 597000 8 0
1468008000 0 596472 24 0
1475483848 0 597008 104 0
1476077303 0 1273536 16 0
1482153242 0 1271496 248 0
1482196059 0 1271744 8 0
1494520427 0 1271752 248 0
1494553637 0 1272000 8 0
1494604424 0 1272008 248 0
1495004858 0 1272256 8 0
1495215759 0 1272264 248 0
1495216537 0 1272512 8 0
1497935835 0 1272520 248 0
1497958650 0 1272768 8 0
1498091799 0 1272776 248 0
1498092163 0 1273024 8 0
1509954402 0 1273032 248 0
1510341470 0 1273280 8 0
1510489067 0 1273288 248 0
1510973479 0 1122600 248 0
1511038112 0 1122848 8 0
1511613479 0 1285112 8 0
1526762143 0 1285120 32 0
1531447408 0 1285152 64 0
1532002746 0 1072440 8 0
1539894466 0 1292744 8 0
1541834618 0 1292752 32 0
1544293447 0 1292304 8 0
1546294709 0 1292312 32 0
1548536754 0 1292344 64 0
1550906206 0 1291616 8 0
1557488302 0 1292952 8 0
1558329413 0 1289344 8 0
1561360409 0 1287744 8 0
1564458794 0 1287752 32 0
1567227404 0 1287784 64 0
1567496491 0 1287848 128 0
1573738603 0 1287976 248 0
1573739304 0 1288224 8 0
1576887634 0 1291512 8 0
1584490651 0 1264232 8 0
1590853253 0 1264240 32 0
1595530003 0 1264272 64 0
1596641280 0 1287720 8 0
1607169898 0 1287728 16 0
1609648715 0 1291656 8 0
1611710029 0 1291664 32 0
1615054606 0 1291696 64 0
1615334730 0 1291760 128 0
1621997228 0 1132368 56 0
1621998030 0 1132464 8 0
1622203533 0 1077728 8 0
1626468751 0 1077736 32 0
1631334948 0 1080624 8 0
1634817963 0 1080632 248 0
1634856181 0 1080880 8 0
1647945245 0 1080440 8 0
1656903229 0 1080448 32 0
1660358234 0 1080584 8 0
1665038348 0 1080568 8 0
1665058818 0 1080576 8 0
1665066626 0 1080592 16 0
1665280400 0 1080560 8 0
1665421559 0 1080488 8 0
1665605650 0 1080544 8 0
1665672343 0 1080552 8 0
1665819483 0 1080480 8 0
1665876871 0 1080496 32 0
1666019975 0 1080528 16 0
1666029072 0 1080608 16 0
1666191422 0 1080432 8 0
1671761023 0 1133040 8 0
1671781782 0 1133048 32 0
1671950501 0 1131000 8 0
1672001207 0 1120304 8 0
1674913755 0 1120312 32 0
1677705223 0 1120344 56 0
1677715128 0 1120496 40 0
1680953657 0 1120248 8 0
1683548930 0 1120240 8 0
1687285589 0 1120536 40 0
1687308393 0 1120584 208 0
1689033777 0 1120280 8 0
1694137753 0 1120288 16 0
1698517050 0 1120128 8 0
1700471149 0 1120136 32 0
1703972184 0 1120120 8 0
1707691830 0 1120112 8 0
1709335229 0 1131872 8 0
1709348769 0 1131880 32 0
1709664969 0 1131864 8 0
1709790515 0 1131912 16 0
1709801212 0 1131936 16 0
1710072062 0 1131840 8 0
1710088586 0 1131848 16 0
1710259004 0 1131832 8 0
1711004380 0 1136464 248 0
1711079590 0 1136712 8 0
1711149398 0 1136088 64 0
1714772023 0 1130920 8 0
1714790121 0 1130928 64 0
1714884073 0 1130992 8 0
1714894936 0 1131008 112 0
1716541417 0 1131208 8 0
1716557469 0 1131216 48 0
1716727403 0 1131200 8 0
1717597817 0 1132936 104 0
1717625622 0 1133080 96 0
1719870134 0 1130896 8 0
1720762242 0 265848 8 0
1725300387 0 572928 32 0
1735645085 0 572960 64 0
1736155132 0 573024 104 0
1745944062 0 1120792 248 0
1746211352 0 1121040 8 0
1746754187 0 1131304 16 0
1746770191 0 1131368 136 0
1746933943 0 1130912 8 0
1748487191 0 265744 24 0
1752667033 0 571880 32 0
1757957909 0 572016 8 0
1761271159 0 571912 104 0
1761626318 0 798152 32 0
1767491702 0 800448 16 0
1771960090 0 800248 200 0
1780055022 0 572024 32 0
1780152330 0 572152 8 0
1780378561 0 983040 32 0
1790261193 0 990576 8 0
1793570665 0 990232 248 0
1793613490 0 990480 8 0
1823195926 0 990584 32 0
1823225781 0 994520 8 0
1829762793 0 994192 248 0
1829772809 0 994440 8 0
1843694608 0 994448 72 0
1844298310 0 994528 32 0
1845212123 0 994984 8 0
1805694849 0 990488 88 0
1806020687 0 462336 32 0
1816733268 0 462400 8 0
1822202606 0 572416 32 0
1822223196 0 572920 8 0
1822249379 0 572752 168 0
1822899029 0 605656 152 0
1856504583 0 994840 144 0
1858137976 0 1120104 8 0
1870961746 0 1120096 8 0
1878709475 0 265736 8 0
1887325387 0 1080416 8 0
1894768835 0 1080424 8 0
1887788446 0 594808 96 0
1888908455 0 594336 16 0
1898542103 0 1080408 8 0
1900936635 0 1077664 16 0
1915951320 0 1077680 48 0
1916029253 0 1077768 40 0
1919457936 0 1077656 8 0
1923737282 0 1077648 8 0
1931352150 0 1077640 8 0
1940285642 0 68464 8 0
1944563561 0 1289352 32 0
1944649063 0 1289384 64 0
1945734070 0 1073368 8 0
1957416880 0 1073376 248 0
1957455312 0 1073624 8 0
1971246918 0 1134320 8 0
1971267105 0 1134328 80 0
1972734272 0 1073352 8 0
1979728095 0 1073632 248 0
1979765639 0 1073880 8 0
1979862587 0 1134264 8 0
1979875373 0 1134272 32 0
1980918726 0 1289336 8 0
1981093898 0 1292168 8 0
1981233507 0 1077880 8 0
1981246532 0 1077888 32 0
1981593805 0 1291480 8 0
1984044842 0 1291488 24 0
1989041656 0 1291472 8 0
1992263975 0 1291464 8 0
1994718399 0 1292184 8 0
1994918332 0 1077632 8 0
1997410128 0 1078016 8 0
1997425476 0 1078024 32 0
1997715976 0 1291640 8 0
1997728428 0 1291648 8 0
2004138737 0 1292736 8 0
2004313386 0 1263368 8 0
2005999038 0 1278688 8 0
2006371553 0 1292272 8 0
2006386698 0 1292280 24 0
2008046664 0 1292504 8 0
2008371073 0 1292080 8 0
2008388822 0 1292088 32 0
2008768586 0 1293104 8 0
2008782710 0 1293112 32 0
2008924271 0 1292496 8 0
2009269750 0 1293096 8 0
2009392336 0 1291128 8 0
2011099664 0 1291136 32 0
2014429386 0 1289024 8 0
2014445037 0 1289032 32 0
2014522824 0 1289064 64 0
2015299768 0 1290256 8 0
2016975083 0 1290264 32 0
2018852269 0 1290296 64 0
2019322024 0 1290360 128 0
2021964640 0 1292016 8 0
2026406902 0 1285744 8 0
2026423502 0 1285752 32 0
2026743730 0 1282712 8 0
2030957247 0 1282720 32 0
2035104727 0 1278680 8 0
2035263890 0 1293832 8 0
2039079482 0 1278672 8 0
2039794092 0 1292648 8 0
2040163094 0 1292120 48 0
2040182885 0 1292176 8 0
2040382965 0 1279712 8 0
2042022413 0 1279704 8 0
2043420558 0 1077608 8 0
2044965011 0 1077616 16 0
2046464058 0 1077584 8 0
2047949394 0 1292416 8 0
2047969389 0 1292424 32 0
2048515178 0 1291224 8 0
2048537374 0 1291232 32 0
2048729429 0 1263600 8 0
2050051570 0 1263608 32 0
2051926930 0 1263640 64 0
2052692684 0 1264216 8 0
2058901227 0 1264224 8 0
2059243313 0 1264664 8 0
2059264601 0 1264672 32 0
2059400867 0 1264704 64 0
2059753314 0 1288512 8 0
2059776009 0 1288520 32 0
2060657367 0 1293088 8 0
2062181584 0 1288280 8 0
2062206685 0 1288288 32 0
2062323754 0 1288320 64 0
2062574248 0 1288384 128 0
2063444901 0 1290096 8 0
2069439696 0 1290104 32 0
2069614184 0 1290136 64 0
2070004706 0 1290200 56 0
2072546929 0 1292072 8 0
2075007128 0 1074056 8 0
2075061148 0 1074064 32 0
2075253582 0 1109712 8 0
2078646823 0 1109704 8 0
2081439512 0 1283008 8 0
2084198515 0 1283016 32 0
2088094422 0 1292728 8 0
2088751206 0 1117616 8 0
2091468650 0 1117624 32 0
2095738307 0 1074936 8 0
2096419074 0 1133216 56 0
2096684765 0 1287504 8 0
2100101974 0 1285736 8 0
2100226658 0 1287496 8 0
2104444276 0 1120008 8 0
2107898166 0 1120256 24 0
2109279939 0 1120168 72 0
2111186881 0 1133312 32 0
2113479607 0 1279256 8 0
2113501932 0 1279264 32 0
2113604007 0 1279296 64 0
2115738376 0 1079536 8 0
2123314033 0 1079544 32 0
2127634437 0 1292256 8 0
2127658453 0 1292264 8 0
2127954916 0 1285216 144 0
2128373694 0 1074920 8 0
2128393187 0 1074928 8 0
2128402784 0 1074944 16 0
2128931148 0 1121224 8 0
2128946281 0 1121232 32 0
2129149871 0 1121264 24 0
2134016497 0 76048 8 0
2134053081 0 75872 8 0
2139776224 0 548912 32 0
2147298292 0 548944 8 0
2149569728 0 800464 32 0
2150025368 0 801680 8 0
2150060106 0 801520 160 0
2150371444 0 1121136 48 0
2150571110 0 1121184 40 0
2151515883 0 1134008 16 0
2151537832 0 1134064 200 0
2162445600 0 1115016 8 0
2169408066 0 1115024 32 0
2176105905 0 1278272 8 0
2176137712 0 1278280 32 0
2176240171 0 1278312 64 0
2176940139 0 1291584 8 0
2176955847 0 1291592 24 0
2177086926 0 1291528 8 0
2177545555 0 1291168 56 0
2179575426 0 1290648 8 0
2179595184 0 1290656 32 0
2179700711 0 1290688 64 0
2179940885 0 1290752 128 0
2180456347 0 1285808 8 0
2180537393 0 1291624 16 0
2181034525 0 1291888 128 0
2181072117 0 1292024 48 0
2181575495 0 1282992 8 0
2236311582 0 1284728 32 0
2239085670 0 1284712 8 0
2245872454 0 1284968 8 0
2202216659 0 1282776 8 0
2202235545 0 1282784 32 0
2205277615 0 1079936 8 0
2212495846 0 1280888 8 0
2214296555 0 1263472 8 0
2217738998 0 1263456 8 0
2219696885 0 1263464 8 0
2219740553 0 1263480 16 0
2221551939 0 1268088 8 0
2223248807 0 1268096 32 0
2225317952 0 1263376 32 0
2233967021 0 1284720 8 0
2248388880 0 1284976 32 0
2250666748 0 1284952 8 0
2257506857 0 1284960 8 0
2273152768 0 1292408 8 0
2273164726 0 1292456 40 0
2273910642 0 1292512 40 0
2276065332 0 1289992 8 0
2276204638 0 1290000 32 0
2276348371 0 1290080 8 0
2276488151 0 1288264 8 0
2276580413 0 1288272 8 0
2277188901 0 1291544 8 0
2277246855 0 1291536 8 0
2277254953 0 1291552 16 0
2278344228 0 1290088 8 0
2278872902 0 1282360 8 0
2316323404 0 1282368 32 0
2325198676 0 1278064 8 0
2325406978 0 1278056 8 0
2325720782 0 1282864 8 0
2325793974 0 1282872 32 0
2335117361 0 1282928 8 0
2345533693 0 1282936 32 0
2345745119 0 1282968 24 0
2345754321 0 1283000 8 0
2346047840 0 1282904 24 0
2346229561 0 1282856 8 0
2347088681 0 1283048 248 0
2347234899 0 1283296 8 0
2348846970 0 1282752 24 0
2348929377 0 1282816 40 0
2349025415 0 1278040 8 0
2353330041 0 1278048 8 0
2353338113 0 1278072 8 0
2354491541 0 1291384 8 0
2354506955 0 1291392 32 0
2354886034 0 1292232 8 0
2354900649 0 1292240 16 0
2355710953 0 1291520 8 0
2355732603 0 1291568 16 0
2357604733 0 1282576 8 0
2363545626 0 1282544 8 0
2365626347 0 1282552 24 0
2367797384 0 1282584 64 0
2368006815 0 1278976 8 0
2373575794 0 1278984 32 0
2373652517 0 1279016 64 0
2376301041 0 1290048 8 0
2376316814 0 1290056 24 0
2376525696 0 1288256 8 0
2376790559 0 1290032 16 0
2383091867 0 1078456 8 0
2383381825 0 1282400 64 0
2384285937 0 1289800 8 0
2384300803 0 1289808 32 0
2384379697 0 1289840 64 0
2384578474 0 1289904 88 0
2385697625 0 1289632 8 0
2386022856 0 1289624 8 0
2386198123 0 1282504 8 0
2386213731 0 1282512 32 0
2392787981 0 1289672 8 0
2392805970 0 1289680 32 0
2392951436 0 1289744 8 0
2393086832 0 1289752 32 0
2393206403 0 1289712 32 0
2393339988 0 1289784 16 0
2393855190 0 1289648 8 0
2393984952 0 1289640 8 0
2393993049 0 1289656 8 0
2394550434 0 1288240 8 0
2394563754 0 1288248 8 0
2394871853 0 1289664 8 0
2400717746 0 1290488 160 0
2404363011 0 1282704 8 0
2404699191 0 602304 56 0
2406718973 0 1289296 8 0
2406735347 0 1289304 32 0
2408324504 0 1290904 8 0
2408341577 0 1290912 32 0
2408467014 0 1290944 64 0
2408726966 0 1291008 120 0
2409338461 0 1291264 120 0
2415142555 0 1279584 8 0
2421269748 0 1291456 8 0
2421868985 0 1292192 40 0
2424209291 0 1288688 8 0
2424227416 0 1288696 32 0
2424335309 0 1288728 64 0
2425485105 0 1288664 8 0
2425636783 0 1288640 8 0
2425657547 0 1288648 16 0
2425664606 0 1288672 8 0
2425914047 0 1288680 8 0
2426160407 0 1288792 80 0
2429851631 0 1288632 8 0
2431619679 0 1264464 8 0
2431636881 0 1264472 32 0
2431836268 0 1264624 8 0
2431848965 0 1264632 32 0
2432021224 0 1264336 128 0
2433151858 0 1282648 32 0
2433224616 0 1282680 24 0
2433623486 0 1290896 8 0
2434869252 0 1290888 8 0
2436106652 0 1290880 8 0
2451048787 0 1292864 8 0
2452245348 0 1291424 32 0
2458508267 0 1079832 8 0
2467001658 0 1282488 8 0
2467238871 0 1289448 144 0
2469033942 0 1288992 8 0
2469089260 0 1293080 8 0
2469310758 0 1282464 24 0
2469536242 0 1289008 8 0
2470258858 0 1289000 8 0
2470639411 0 1289016 8 0
2474906164 0 1264616 8 0
2475742341 0 1282496 8 0
2477615855 0 1111576 8 0
2485557844 0 1111584 128 0
2492986546 0 1111712 248 0
2493179423 0 1111960 248 0
2493180308 0 1112208 16 0
2495455641 0 1073320 8 0
2502564572 0 1072600 8 0
2502616462 0 1072592 8 0
2503562836 0 1111560 8 0
2506620160 0 1111568 8 0
2511615682 0 1073336 8 0
2517965998 0 1073344 8 0
2518011330 0 1073360 8 0
2520108519 0 1073328 8 0
2525926220 0 1080072 8 0
2530905767 0 1107288 8 0
2533904063 0 1107296 64 0
2540360812 0 1107256 8 0
2544052469 0 1107264 24 0
2548201154 0 1107248 8 0
2562202735 0 1288552 80 0
2570449213 0 1289168 8 0
2570693659 0 1289184 8 0
2570751566 0 1289224 8 0
2570840683 0 1289200 8 0
2570925728 0 1289232 8 0
2571029849 0 1079784 8 0
2579873329 0 1079792 32 0
2590415266 0 1079776 8 0
2598891774 0 1079768 8 0
2614235681 0 1289208 16 0
2615107028 0 1289288 8 0
2615342305 0 1289264 8 0
2615474960 0 1289280 8 0
2615798201 0 1289256 8 0
2616066435 0 1289248 8 0
2616392500 0 1289272 8 0
2616736353 0 1289240 8 0
2620921652 0 1282344 8 0
2623170769 0 1282352 8 0
2626974424 0 1288232 8 0
2632854997 0 1289128 40 0
2632872814 0 1289176 8 0
2632877702 0 1289192 8 0
2640983344 0 1292872 32 0
2641924902 0 1289592 32 0
2642767721 0 1292608 8 0
2654944938 0 1109624 8 0
2672075050 0 1278016 8 0
2672092103 0 1278024 16 0
2672462091 0 1281928 8 0
2675104684 0 1278008 8 0
2682819257 0 1288984 8 0
2683442659 0 1288976 8 0
2683587089 0 1288960 8 0
2683769169 0 1288968 8 0
2685620999 0 1288872 32 0
2685702716 0 1288904 56 0
2686584142 0 1263544 8 0
2699062146 0 1264064 8 0
2699155492 0 1263704 112 0
2700358855 0 1264208 8 0
2701636358 0 1080088 8 0
2716425528 0 1080096 32 0
2723233517 0 1130904 8 0
2723532059 0 1131120 40 0
2724316674 0 1277984 24 0
2728792108 0 1263968 8 0
2730451213 0 1292616 32 0
2749074951 0 1264072 32 0
2749675653 0 1263976 32 0
2750873138 0 1264104 64 0
2752946836 0 1270928 8 0
2755316332 0 1270936 32 0
2757824292 0 1079840 32 0
2758055218 0 1270984 8 0
2762470436 0 1270992 32 0
2762848662 0 1270816 8 0
2767427506 0 1270808 8 0
2769634224 0 1270856 8 0
2772121620 0 1270968 16 0
2772614397 0 1271024 176 0
2772868777 0 1271200 248 0
2772869330 0 1271448 8 0
2781220095 0 1293072 8 0
2781336030 0 1293008 8 0
2785706612 0 1280784 8 0
2785989127 0 1280776 8 0
2786256518 0 1282064 8 0
2786693128 0 1280768 8 0
2786954734 0 1280832 8 0
2787176874 0 1282072 8 0
2787191172 0 1282080 32 0
2791564299 0 1282336 8 0
2795510952 0 1077872 8 0
2796039555 0 1263952 8 0
2796053915 0 1263960 8 0
2796626635 0 1077864 8 0
2800486878 0 1283608 8 0
2800701605 0 1283616 32 0
2800772633 0 1283592 8 0
2801167474 0 1283648 64 0
2801317090 0 1283712 128 0
2802370044 0 1283840 248 0
2802415830 0 1284088 8 0
2807925903 0 1292656 56 0
2808080220 0 1292712 16 0
2808093320 0 1292784 80 0
2808898385 0 1109048 8 0
2812584664 0 1109056 32 0
2815176441 0 1074160 8 0
2815213122 0 1074144 8 0
2815224307 0 1074152 8 0
2815229338 0 1074168 16 0
2816323582 0 559120 32 0
2827383911 0 559304 8 0
2832646522 0 559152 64 0
2832836914 0 559216 88 0
2835002321 0 559312 32 0
2840465060 0 559448 8 0
2840480508 0 559344 64 0
2840504849 0 559408 40 0
2841230069 0 1108896 8 0
2844177569 0 1108904 32 0
2847642778 0 1074104 8 0
2847657612 0 1074112 32 0
2848035924 0 1292552 32 0
2848114166 0 1292584 24 0
2850305932 0 1077496 8 0
2852403876 0 1077504 32 0
2854520665 0 1072520 8 0
2854535164 0 1072528 32 0
2854712744 0 1077480 8 0
2857241104 0 1077488 8 0
2858812427 0 1072512 8 0
2859192400 0 1293048 8 0
2859206478 0 1293056 16 0
2859282891 0 1293144 8 0
2866811642 0 1292904 48 0
2866830079 0 1292960 48 0
2866844387 0 1293016 32 0
2866852400 0 1293152 8 0
2867748866 0 1281048 16 0
2867767116 0 1281064 32 0
2867840212 0 1281096 64 0
2868731219 0 1280896 32 0
2869338107 0 1072272 8 0
2872952357 0 1280856 8 0
2872967776 0 1280864 24 0
2873230125 0 1284440 8 0
2873244353 0 1284448 32 0
2873331869 0 1284480 64 0
2873540193 0 1284544 128 0
2874312108 0 1282288 8 0
2874537814 0 1284416 8 0
2874777425 0 1284424 16 0
2875188137 0 1284688 16 0
2875202812 0 1284704 8 0
2875515282 0 1284680 8 0
2875714569 0 1282320 8 0
2878016446 0 1284808 8 0
2878032236 0 1284816 32 0
2878119937 0 1284848 64 0
2878736956 0 1074896 8 0
2878751339 0 1074904 16 0
2878897547 0 1074888 8 0
2879142583 0 1284760 48 0
2879408038 0 1284912 40 0
2883615901 0 1282296 8 0
2883634478 0 1282304 16 0
2883640540 0 1282328 8 0
2884909434 0 1284672 8 0
2885439756 0 1285008 104 0
2896364900 0 1284224 8 0
2896380801 0 1284232 32 0
2896457912 0 1284264 64 0
2896859079 0 1284208 8 0
2897482590 0 1282264 8 0
2897497670 0 1282272 16 0
2897684200 0 1284216 8 0
2898883163 0 1284152 8 0
2898897997 0 1284160 32 0
2899387145 0 1284136 8 0
2899400751 0 1284144 8 0
2899869997 0 1284192 16 0
2901939482 0 1284120 8 0
2901953194 0 1284128 8 0
2902126040 0 1282256 8 0
2908887299 0 1284328 88 0
2911986604 0 1282248 8 0
2916000443 0 77672 8 0
2918774890 0 78080 8 0
2923260779 0 4196352 8 0
2923271319 0 4196360 8 0
2923276380 0 4196376 8 0
2923281495 0 4196384 8 0
2923285474 0 4196392 8 0
2923289515 0 4196400 8 0
2923293440 0 4196408 8 0
2923297429 0 4196416 8 0
2923301281 0 4196424 8 0
2923305577 0 4196432 8 0
2923309363 0 4196440 8 0
2923314103 0 4196448 8 0
2923318159 0 4196456 8 0
2923322868 0 4196464 8 0
2923326773 0 4196472 8 0
2923330688 0 4196480 8 0
2923334601 0 4196488 8 0
2923339314 0 4196496 8 0
2923343168 0 4196504 8 0
2923347322 0 4196512 8 0
2923351428 0 4196520 8 0
2923355051 0 4196528 8 0
2923359267 0 4196536 8 0
2923362981 0 4196544 8 0
2923367219 0 4196552 8 0
2923373175 0 4196560 8 0
2923377654 0 4196568 8 0
2923382919 0 4196576 8 0
2923387025 0 4196584 8 0
2923390689 0 4196592 8 0
2923394711 0 4196600 8 0
2923398660 0 4196608 8 0
2923401819 0 4196368 8 0
2923411392 0 4264080 8 0
2925897601 0 4264408 8 0
2933234210 0 1286320 8 0
2933253187 0 1286328 32 0
2933334782 0 1286360 64 0
2933539412 0 1286424 128 0
2934929417 0 1286552 248 0
2934976987 0 1286800 8 0
2935816654 0 1286808 248 0
2935860904 0 1287056 8 0
2938488675 0 1285952 8 0
2938596329 0 1286096 8 0
2938691984 0 1286232 8 0
2938783847 0 1286248 8 0
2938881580 0 1286256 32 0
2939067528 0 1286288 32 0
2939330336 0 1285824 8 0
2939420932 0 1285832 32 0
2939437357 0 1285864 64 0
2939608871 0 1285928 24 0
2939622056 0 1285960 96 0
2940679738 0 1286064 8 0
2940774161 0 1286080 8 0
2940938405 0 1286112 8 0
2941032979 0 1286120 32 0
2941201069 0 1286152 80 0
2941217406 0 1286240 8 0
2946151247 0 1285816 8 0
2952286094 0 1286056 8 0
2952296619 0 1286072 8 0
2952301199 0 1286088 8 0
2952304319 0 1286104 8 0
2967921045 0 1285792 8 0
2967947323 0 1285800 8 0
2968151770 0 1285784 8 0
2970636767 0 1293760 8 0
2970653678 0 1293768 32 0
2970731125 0 1293800 32 0
2970741221 0 1293840 24 0
2970889040 0 1293672 8 0
2971705422 0 1293480 8 0
2971720071 0 1293488 32 0
2971793834 0 1293520 64 0
2972255870 0 1293744 8 0
2972266944 0 1293752 8 0
2972586174 0 1293688 8 0
2972597904 0 1293696 32 0
2972666001 0 1293728 16 0
2972991671 0 1293680 8 0
2974460860 0 1293656 8 0
2974475512 0 1293664 8 0
2974554833 0 1293584 72 0
2976928525 0 1293864 144 0
2985451222 0 1278520 8 0
2985528947 0 1278536 8 0
2985590549 0 1278440 8 0
2985918276 0 1278256 8 0
2986055051 0 1278248 8 0
2986112430 0 1278232 8 0
2986123707 0 1278240 8 0
2986128141 0 1278264 8 0
2986225724 0 1278400 8 0
2986468285 0 1278448 32 0
2987537162 0 1278104 8 0
2987762589 0 1278376 24 0
2987775942 0 1278408 32 0
2987784455 0 1278480 40 0
2987978821 0 1278128 8 0
2988447246 0 1278136 8 0
2989285874 0 1279552 8 0
2989300256 0 1279560 24 0
2989379440 0 1279592 64 0
2992138934 0 1278208 8 0
2992278113 0 1278216 16 0
2993142754 0 1278096 8 0
2993227498 0 1278080 16 0
2993237601 0 1278112 16 0
2993245636 0 1278144 64 0
2995680355 0 1278528 8 0
2995695381 0 1278544 128 0
2995722131 0 1278696 88 0
3000956901 0 1278968 8 0
3003033244 0 1078712 8 0
3003048083 0 1078720 32 0
3003163420 0 1078760 8 0
3036695402 0 1285704 8 0
3055565611 0 1078128 8 0
3055653963 0 1080024 8 0
3064358068 0 1284096 24 0
3068866655 0 1072232 8 0
3072487460 0 1072240 32 0
3079474301 0 1072560 32 0
3079488842 0 1072608 8 0
3089573628 0 1072432 8 0
3117817041 0 1081944 8 0
3117838783 0 1081952 32 0
3118067129 0 1080064 8 0
3124995779 0 1080080 8 0
3131321343 0 1073152 8 0
3135230701 0 1073160 32 0
3147241689 0 1080888 248 0
3147286152 0 1081136 8 0
3176492063 0 1293208 8 0
3176513513 0 1293216 32 0
3176815325 0 1293272 8 0
3176830342 0 1293280 32 0
3182362408 0 1080008 8 0
3187288291 0 1080016 8 0
3187333315 0 1080032 8 0
3202461456 0 1282112 64 0
3202697441 0 1280848 8 0
3203857040 0 1280928 120 0
3203940614 0 1280840 8 0
3205486672 0 572160 32 0
3205511712 0 572344 8 0
3205536862 0 572200 144 0
3206587488 0 462416 8 0
3208014375 0 572192 8 0
3208626252 0 462424 8 0
3209286173 0 1111464 8 0
3215964129 0 1111472 32 0
3238425334 0 1281672 8 0
3238622052 0 1281680 32 0
3238855318 0 1282200 8 0
3238870092 0 1282208 32 0
3239065128 0 1281648 8 0
3239321836 0 1281640 8 0
3239520722 0 1282192 8 0
3240327221 0 1281632 8 0
3240523391 0 1281624 8 0
3241162319 0 1281656 16 0
3258848894 0 1072504 8 0
3259691578 0 1072496 8 0
3261234529 0 1072208 8 0
3290570011 0 1072944 8 0
3290672037 0 1073056 8 0
3290691834 0 1073064 88 0
3291834961 0 1073192 128 0
3292459311 0 1105032 8 0
3297863119 0 1105040 64 0
3314509531 0 1105024 8 0
3318868115 0 1105008 8 0
3321270020 0 1105016 8 0
3325698409 0 1104984 8 0
3329257716 0 1104992 16 0
3331771920 0 1072848 8 0
3331788426 0 1072856 32 0
3332040333 0 1072888 56 0
3333538566 0 1072672 8 0
3333554699 0 1072680 32 0
3333810283 0 1072648 8 0
3333823799 0 1072656 16 0
3334044723 0 1072624 8 0
3334585081 0 1072632 16 0
3335127818 0 1104952 8 0
3353890050 0 1104960 24 0
3364618441 0 1072712 32 0
3365301673 0 1072784 8 0
3365322000 0 1072792 56 0
3365914307 0 1096312 8 0
3367975980 0 1096320 128 0
3376211553 0 1096304 8 0
3378422837 0 1096240 8 0
3383269303 0 1096448 248 0
3383430853 0 1096696 248 0
3383465414 0 1096944 16 0
3384474236 0 1096224 8 0
3387798411 0 1096232 8 0
3387856702 0 1096248 16 0
3394372014 0 1096216 8 0
3400280097 0 1073008 8 0
3400421065 0 1072776 8 0
3405219495 0 1072744 32 0
3408051577 0 1078256 8 0
3408070990 0 1078264 32 0
3410765375 0 798136 8 0
3414816593 0 798144 8 0
3419773787 0 793104 8 0
3421859052 0 793112 248 0
3421926434 0 793360 248 0
3421928033 0 793608 16 0
3431296539 0 793624 248 0
3431638159 0 793872 8 0
3431708970 0 793880 248 0
3431709407 0 794128 8 0
3433749309 0 794136 248 0
3433774210 0 794384 8 0
3433845224 0 794392 248 0
3433845698 0 794640 8 0
3435856486 0 794648 248 0
3436239502 0 794896 8 0
3436310692 0 794904 248 0
3436311118 0 795152 8 0
3438137589 0 795160 248 0
3438162839 0 795408 8 0
3438324635 0 795416 248 0
3438325209 0 795664 8 0
3442789253 0 795672 248 0
3442902330 0 795920 8 0
3443099664 0 795928 248 0
3443138199 0 796176 8 0
3443312427 0 796184 248 0
3443342859 0 796432 8 0
3443502164 0 796440 248 0
3443502877 0 796688 8 0
3444898008 0 796696 248 0
3445655467 0 796944 8 0
3445814295 0 796952 248 0
3445814842 0 797200 8 0
3449456253 0 797208 248 0
3449563958 0 797456 8 0
3449657711 0 797464 248 0
3449769236 0 797712 8 0
3449928352 0 797720 248 0
3449960001 0 797968 8 0
3450042508 0 797976 160 0
3489727917 0 1072992 16 0
3500004999 0 1072616 8 0
3500446300 0 1077984 8 0
3500492075 0 1077992 24 0
3472002168 0 1073016 8 0
3472078709 0 1073024 32 0
3500815712 0 1074688 8 0
3512315019 0 1072160 8 0
3518287878 0 1072168 32 0
3554023196 0 1134304 16 0
3563643176 0 1083448 8 0
3564060786 0 1083416 8 0
3564111185 0 1083424 24 0
3567488159 0 4196616 8 0
3567495053 0 4196624 8 0
3567496781 0 4196632 8 0
3567498466 0 4196640 8 0
3567499829 0 4196648 8 0
3567500917 0 4196656 8 0
3567502534 0 4196664 8 0
3567503838 0 4196672 8 0
3567504861 0 4196680 8 0
3567505924 0 4196688 8 0
3567508392 0 4196696 8 0
3567509531 0 4196704 8 0
3567511149 0 4196712 8 0
3567512448 0 4196720 8 0
3567513761 0 4196728 8 0
3567515283 0 4196736 8 0
3567516875 0 4196744 8 0
3567518473 0 4196752 8 0
3567520070 0 4196760 8 0
3567521407 0 4196768 8 0
3567522831 0 4196776 8 0
3567523694 0 4196784 8 0
3569018493 0 4577536 64 0
3635796418 0 4264752 8 0
3638288699 0 4575728 8 0
3642701532 0 4575792 16 0
3653526153 0 4575832 8 0
3662554262 0 4575896 8 0
3669720821 0 4577024 128 0
3696100083 0 4577152 24 0
3724880785 0 4577488 24 0
3731221054 0 4576528 16 0
3744838092 0 4576304 16 0
3754348242 0 4575264 16 0
3771370877 0 4577256 8 0
3773737681 0 4264864 8 0
3779431641 0 4577424 8 0
3780646028 0 1270832 8 0
3787811145 0 1270840 16 0
3787867382 0 1270864 8 0
3792811606 0 1271488 8 0
3799121926 0 1078408 8 0
3799139211 0 1078416 32 0
3799245012 0 1077928 8 0
3799271483 0 1078112 8 0
3803561030 0 1270800 8 0
3808427345 0 1270568 8 0
3811876251 0 1270576 32 0
3815151516 0 1270552 8 0
3817614539 0 1270560 8 0
3819545344 0 1270824 8 0
3825528207 0 1270704 8 0
3825545195 0 1270712 32 0
3828179228 0 1270608 32 0
3828484176 0 1270752 8 0
3828766180 0 1270696 8 0
3828935295 0 1270640 56 0
3829289758 0 1270896 8 0
3829377703 0 1270872 24 0
3829401907 0 1270904 24 0
3832260256 0 1270744 8 0
3832283787 0 1270760 40 0
3845725494 0 4575904 16 0
3849563615 0 4264776 8 0
3865012407 0 1283448 8 0
3865029551 0 1283456 32 0
3865114178 0 1283488 64 0
3866740181 0 4575784 8 0
3872280570 0 4575744 32 0
3883510922 0 4577440 32 0
3888265771 0 4195336 8 0
3888279021 0 4195344 8 0
3888284465 0 4195352 8 0
3888289097 0 4195360 8 0
3888294973 0 4195368 8 0
3888299229 0 4195376 8 0
3888303280 0 4195384 8 0
3888307527 0 4195392 8 0
3888311689 0 4195400 8 0
3888316347 0 4195408 8 0
3888335842 0 4195416 8 0
3888345876 0 4195424 8 0
3888350714 0 4195432 8 0
3888355344 0 4195448 8 0
3888359560 0 4195456 8 0
3888363672 0 4195464 8 0
3888367661 0 4195472 8 0
3888371755 0 4195480 8 0
3888376831 0 4195488 8 0
3888380735 0 4195496 8 0
3888384621 0 4195504 8 0
3888389089 0 4195512 8 0
3888399202 0 4195520 8 0
3888406982 0 4195528 8 0
3888418817 0 4195536 8 0
3888429507 0 4195544 8 0
3888434492 0 4195552 8 0
3888438926 0 4195560 8 0
3888443135 0 4195568 8 0
3888447486 0 4195576 8 0
3888451831 0 4195584 8 0
3888455020 0 4195440 8 0
3888465416 0 4261112 8 0
3892997531 0 4609408 16 0
3907646412 0 4589288 8 0
3914829637 0 4558240 8 0
3916665793 0 4264104 8 0
3918830862 0 4555264 16 0
3926561300 0 1280080 8 0
3926829451 0 1280528 8 0
3926854036 0 1280536 32 0
3927282004 0 1280512 8 0
3927493547 0 1280520 8 0
3928153724 0 1280072 8 0
3928535396 0 1280264 8 0
3928551189 0 1280272 32 0
3928787724 0 1268520 8 0
3928813105 0 1268528 32 0
3929251765 0 1268512 8 0
3929468978 0 1268336 8 0
3929482621 0 1268344 32 0
3930727338 0 1268328 8 0
3930859594 0 1268376 136 0
3930886142 0 1268560 8 0
3932120750 0 77560 8 0
3934791169 0 77648 8 0
3936562622 0 1262376 32 0
3943356896 0 1262512 8 0
3946740400 0 1262408 64 0
3946861447 0 1262472 40 0
3946875010 0 1262520 40 0
3955133451 0 1280744 8 0
3955148731 0 1280752 16 0
3955927138 0 1280504 8 0
3956230167 0 1280728 8 0
3956245459 0 1280736 8 0
3956441313 0 1282056 8 0
3958816116 0 1268568 80 0
3961197995 0 1280040 8 0
3961380206 0 1281992 8 0
3961542989 0 1280032 8 0
3962050822 0 1279944 8 0
3962065056 0 1279952 32 0
3962150248 0 1279984 48 0
3962804772 0 1280448 8 0
3963362845 0 1281968 8 0
3963377056 0 1281976 16 0
3963381891 0 1282000 8 0
3963457848 0 1282008 48 0
3963770634 0 1279824 8 0
3963889918 0 1279832 32 0
3963993277 0 1279912 8 0
3964097566 0 1279920 24 0
3964201789 0 1279872 8 0
3964387150 0 1279864 8 0
3964396922 0 1279880 32 0
3964736839 0 1280048 8 0
3966825151 0 1280056 16 0
3966842147 0 1280088 176 0
3966868200 0 1280304 8 0
3967143313 0 1279816 8 0
3969877269 0 627960 8 0
4049994897 0 1280568 64 0
4052796918 0 1280488 8 0
4052811448 0 1280496 8 0
4053867630 0 1280480 8 0
4054189724 0 1280704 8 0
4054467263 0 1280712 16 0
4054481724 0 1280792 16 0
4056112899 0 1280632 72 0
4058455511 0 1280808 24 0
4063577804 0 1075432 8 0
4064310017 0 1293200 8 0
4067849103 0 1279808 8 0
4069105601 0 1280312 136 0
4069138456 0 1280456 24 0
4076051500 0 1282176 16 0
4076063723 0 1282240 8 0
4076987984 0 1268648 248 0
4077121579 0 1268896 8 0
4078915425 0 1268296 8 0
4082352246 0 4558064 8 0
4085398332 0 4558208 16 0
4101390130 0 4264112 8 0
4102931021 0 4264288 8 0
4105261347 0 1109728 8 0
4107141853 0 1109736 32 0
4109646534 0 1109768 64 0
4110927094 0 4557464 8 0
4127525181 0 1079464 8 0
4127542568 0 1079472 32 0
4127624703 0 1079648 8 0
4127796358 0 1078520 8 0
4127921560 0 1079312 8 0
4135921116 0 1293192 8 0
4136537435 0 1293248 24 0
4136556635 0 1293312 112 0
4137258694 0 1279112 8 0
4137273502 0 1279120 32 0
4137371755 0 1279152 24 0
4138004268 0 1278960 8 0
4138303649 0 1278872 8 0
4138317051 0 1278880 32 0
4138403785 0 1278912 48 0
4138595648 0 1279080 24 0
4139925350 0 1279360 192 0
4142594279 0 1279104 8 0
4142825074 0 1279656 48 0
4142828804 0 1279720 88 0
4144730953 0 1278784 32 0
4144833328 0 1278864 8 0
4146947538 0 1278816 48 0
4130103474 0 1279248 8 0
4130784050 0 1279200 8 0
4130827371 0 1279208 32 0
4131055056 0 1279240 8 0
4131946378 0 1293160 32 0
4134086785 0 1279176 8 0
4134283194 0 1279184 16 0
4142634974 0 4555288 40 0
4154143993 0 4558072 8 0
4163715058 0 4558096 16 0
4170764440 0 4558112 16 0
4173085362 0 4558224 8 0
4173745270 0 4555280 8 0
4174344108 0 4558232 8 0
4175527095 0 4555256 8 0
4181305549 0 4555328 8 0
4182447769 0 4557392 32 0
4157748500 0 4555336 8 0
4158315347 0 4555232 8 0
4206154560 0 4557424 8 0
4267140997 0 1268288 8 0
4267554165 0 1268280 8 0
4284616943 0 1281960 8 0
4290470359 0 1264768 144 0
4305217266 0 4558336 8 0
4305530158 0 4264336 8 0
4310341252 0 4558416 8 0
4312480402 0 4195592 8 0
4312494461 0 4195600 8 0
4312495784 0 4195608 8 0
4312497072 0 4195616 8 0
4312498296 0 4195624 8 0
4312499527 0 4195632 8 0
4312500636 0 4195640 8 0
4312502308 0 4195648 8 0
4312503617 0 4195656 8 0
4312504996 0 4195664 8 0
4312506341 0 4195672 8 0
4312508901 0 4195680 8 0
4312510375 0 4195688 8 0
4312515854 0 4195696 8 0
4312518004 0 4195704 8 0
4312519586 0 4195712 8 0
4312520966 0 4195720 8 0
4312522943 0 4195728 8 0
4312524384 0 4195736 8 0
4312525642 0 4195744 8 0
4312527086 0 4195752 8 0
4312528263 0 4195760 8 0
4312529546 0 4195768 8 0
4312530772 0 4195776 8 0
4312532021 0 4195784 8 0
4312533784 0 4195792 8 0
4312535070 0 4195800 8 0
4312536496 0 4195808 8 0
4312538371 0 4195824 8 0
4312539830 0 4195832 8 0
4312541722 0 4195840 8 0
4312542161 0 4195816 8 0
4312572019 0 4261760 8 0
4322175381 0 4261768 8 0
4324387699 0 4264064 8 0
4326359301 0 4264072 8 0
4330033252 0 4555024 8 0
4344959979 0 4575808 24 0
4352920288 0 4555072 32 0
4374081750 0 4555040 8 0
4384377903 0 4555056 16 0
4398030094 0 4555032 8 0
4405604175 0 4264768 8 0
4407836707 0 4575736 8 0
4414184877 0 4575776 8 0
4415387427 0 1298928 16 0
4424235599 0 1075352 8 0
4424263378 0 1075360 32 0
4425182847 0 1075456 8 0
4425286911 0 1079192 8 0
4451800670 0 2088 8 0
4451871016 0 1306624 64 1
4503295700 0 3932160 8 1
4503324823 0 3932168 8 1
4503380956 0 3932176 8 1
4503381392 0 3932184 8 1
4503382190 0 3932192 8 1
4503382669 0 3932200 8 1
4503382987 0 3932208 8 1
4503383367 0 3932216 8 1
4503383681 0 3932224 8 1
4503384068 0 3932232 8 1
4503384373 0 3932240 8 1
4503384680 0 3932248 8 1
4503385066 0 3932256 8 1
4503385403 0 3932264 8 1
4503385643 0 3932272 8 1
4503385945 0 3932280 8 1
4503386187 0 3932288 8 1
4503386425 0 3932296 8 1
4503386755 0 3932304 8 1
4503386997 0 3932312 8 1
4503387238 0 3932320 8 1
4503387534 0 3932328 8 1
4503387820 0 3932336 8 1
4503388464 0 3932344 8 1
4503388865 0 3932352 8 1
4503389213 0 3932360 8 1
4503389722 0 3932368 8 1
4503390144 0 3932376 8 1
4503390475 0 3932384 8 1
4503390806 0 3932392 8 1
4503391049 0 3932400 8 1
4503391321 0 3932408 8 1
4503391579 0 3932416 8 1
4503391903 0 3932424 8 1
4503392229 0 3932432 8 1
4503392480 0 3932440 8 1
4503392720 0 3932448 8 1
4503392963 0 3932456 8 1
4503393201 0 3932464 8 1
4503393453 0 3932472 8 1
4503394393 0 3932480 8 1
4503394807 0 3932488 8 1
4503395416 0 3932496 8 1
4503395919 0 3932504 8 1
4503396271 0 3932512 8 1
4503396585 0 3932520 8 1
4503396915 0 3932528 8 1
4503397165 0 3932536 8 1
4503397482 0 3932544 8 1
4503397798 0 3932552 8 1
4503398036 0 3932560 8 1
4503398276 0 3932568 8 1
4503398516 0 3932576 8 1
4503398844 0 3932584 8 1
4503399082 0 3932592 8 1
4503399321 0 3932600 8 1
4503399562 0 3932608 8 1
4503399809 0 3932616 8 1
4503400312 0 3932624 8 1
4503400693 0 3932632 8 1
4503401007 0 3932640 8 1
4503401320 0 3932648 8 1
4503401631 0 3932656 8 1
4503401964 0 3932664 8 1
4503402326 0 3932672 8 1
4503402741 0 3932680 8 1
4503403523 0 3932688 8 1
4503403907 0 3932696 8 1
4503404301 0 3932704 8 1
4503404644 0 3932712 8 1
4503564520 0 3932720 8 1
4509302203 0 0 8 1
4509334114 0 8 8 1
4509341321 0 2088 8 1
4509347188 0 2192 8 1
4509352009 0 2312 8 1
4509356791 0 2352 8 1
4509361721 0 2384 8 1
4509366682 0 2392 8 1
4509371396 0 2408 8 1
4509376077 0 2472 8 1
4509380563 0 2528 8 1
4509385074 0 2544 8 1
4509389943 0 2552 8 1
4509394741 0 2664 8 1
4509402107 0 2672 8 1
4509407384 0 2824 8 1
4509412218 0 2840 8 1
4509416739 0 6352 8 1
4509421393 0 6368 8 1
4509425761 0 6376 8 1
4509429934 0 6384 8 1
4509435388 0 6408 8 1
4509440182 0 6416 8 1
4509444914 0 6424 8 1
4509449564 0 6432 8 1
4509453815 0 6440 8 1
4509458089 0 6448 8 1
4509462770 0 6456 8 1
4509469777 0 6464 8 1
4509474515 0 6472 8 1
4509479097 0 7416 8 1
4509483836 0 7432 8 1
4509488555 0 7448 8 1
4509492675 0 7720 8 1
4509497292 0 7960 8 1
4509501723 0 67848 8 1
4509507093 0 75888 8 1
4509512165 0 4194304 8 1
4509517160 0 4194432 8 1
4509522132 0 4194560 8 1
4509526742 0 4194584 8 1
4509531734 0 4194600 8 1
4509538351 0 4194832 8 1
4509549435 0 4194840 8 1
4509554589 0 4194848 8 1
4509559538 0 4194856 8 1
4509564063 0 4194864 8 1
4509568929 0 4194872 8 1
4509573513 0 4194880 8 1
4509577931 0 4194888 8 1
4509582526 0 4195200 8 1
4509586894 0 4195448 8 1
4509591991 0 4196368 8 1
4509597204 0 4196376 8 1
4509601657 0 4196384 8 1
4509606194 0 4196456 8 1
4509611603 0 4196472 8 1
4509615757 0 4196480 8 1
4509619804 0 4196488 8 1
4509624687 0 4196696 8 1
4509629598 0 4196712 8 1
4509633908 0 4196720 8 1
4509638217 0 4196736 8 1
4509642480 0 4196744 8 1
4509646631 0 4196768 8 1
4509651108 0 4196776 8 1
4509655652 0 4196784 8 1
4524759658 0 3932160 8 1
4528265028 0 3932160 8 1
4530696669 0 0 8 1
