0 0 67848 8 0
58463 0 6408 8 0
314692 0 67912 8 0
417959 0 5888 8 0
427189 0 5896 8 0
428556 0 5904 8 0
431393 0 5912 8 0
432587 0 5920 8 0
433497 0 5928 8 0
434658 0 5936 8 0
435826 0 5944 8 0
436826 0 5952 8 0
437817 0 5960 8 0
438965 0 5968 8 0
440064 0 5976 8 0
441075 0 5984 8 0
442067 0 5992 8 0
443225 0 6000 8 0
444380 0 6008 8 0
445377 0 6016 8 0
446977 0 6024 8 0
448213 0 6032 8 0
449560 0 6040 8 0
450555 0 6048 8 0
451528 0 6056 8 0
452801 0 6064 8 0
453538 0 6072 8 0
8040541 0 4194432 8 0
10014942 0 4194568 8 0
10023879 0 4194576 8 0
10025411 0 4194584 8 0
10026628 0 4194592 8 0
10027974 0 4194600 8 0
10029250 0 4194608 8 0
10030391 0 4194616 8 0
10032825 0 4194624 8 0
10033886 0 4194632 8 0
10035034 0 4194640 8 0
10036155 0 4194648 8 0
10037418 0 4194656 8 0
10038447 0 4194664 8 0
10039705 0 4194672 8 0
10040684 0 4194680 8 0
10041708 0 4194688 8 0
10042573 0 4194696 8 0
10043582 0 4194704 8 0
10044727 0 4194712 8 0
10045792 0 4194720 8 0
10046803 0 4194728 8 0
10048521 0 4194736 8 0
10049514 0 4194744 8 0
10050537 0 4194752 8 0
10051572 0 4194760 8 0
10052586 0 4194768 8 0
10053580 0 4194776 8 0
10054677 0 4194784 8 0
10055562 0 4194792 8 0
10056538 0 4194800 8 0
10057504 0 4194808 8 0
10058896 0 4194816 8 0
10059179 0 4194560 8 0
28345541 0 4194304 8 0
79057259 0 4459304 32 0
81874129 0 68424 8 0
83217102 0 4260120 8 0
84607951 0 4194832 8 0
84614737 0 4194840 8 0
84616067 0 4194848 8 0
84617285 0 4194856 8 0
84618757 0 4194864 8 0
84619753 0 4194872 8 0
84620782 0 4194880 8 0
84621848 0 4194888 8 0
84622982 0 4194896 8 0
84623993 0 4194904 8 0
84626220 0 4194912 8 0
84627327 0 4194920 8 0
84628579 0 4194928 8 0
84629624 0 4194936 8 0
84630659 0 4194944 8 0
84631887 0 4194952 8 0
84633100 0 4194960 8 0
84634178 0 4194968 8 0
84635125 0 4194976 8 0
84637583 0 4194984 8 0
84638720 0 4194992 8 0
84640260 0 4195000 8 0
84641384 0 4195008 8 0
84642797 0 4195016 8 0
84644982 0 4195024 8 0
84647105 0 4195032 8 0
84648604 0 4195040 8 0
84649964 0 4195048 8 0
84651106 0 4195056 8 0
84652591 0 4195064 8 0
84653807 0 4195072 8 0
84654495 0 4194824 8 0
84690042 0 4260496 8 0
86131313 0 4513344 32 0
89830521 0 4459416 136 0
55422456 0 265424 8 0
57223695 0 264616 8 0
58732585 0 68520 8 0
59913403 0 2816 8 0
59922213 0 2824 8 0
59923476 0 2832 8 0
59924621 0 2840 8 0
59925711 0 2848 8 0
59926664 0 2856 8 0
59928110 0 2864 8 0
59931518 0 2872 8 0
59932787 0 2888 8 0
59933907 0 2896 8 0
59935371 0 2904 8 0
59936638 0 2912 8 0
59938312 0 2920 8 0
59939766 0 2928 8 0
59940905 0 2936 8 0
59942148 0 2944 8 0
59943772 0 2952 8 0
59946174 0 2960 8 0
59948555 0 2968 8 0
59950742 0 2976 8 0
59952967 0 2984 8 0
59956759 0 2992 8 0
59959194 0 3000 8 0
59961237 0 3008 8 0
59972064 0 3016 8 0
59973555 0 3024 8 0
59975849 0 3032 8 0
59977663 0 3040 8 0
59979447 0 3048 8 0
59981709 0 3056 8 0
59984028 0 3064 8 0
59986295 0 3072 8 0
59987291 0 2880 8 0
60027767 0 69136 8 0
61444712 0 5632 8 0
61456645 0 5640 8 0
61458753 0 5648 8 0
61461576 0 5656 8 0
61463643 0 5664 8 0
61465640 0 5672 8 0
61467332 0 5680 8 0
61468943 0 5688 8 0
61470696 0 5696 8 0
61472382 0 5704 8 0
61474181 0 5712 8 0
61476219 0 5720 8 0
61477505 0 5728 8 0
61478545 0 5736 8 0
61479561 0 5744 8 0
61481234 0 5752 8 0
61482457 0 5760 8 0
61483348 0 5768 8 0
61484663 0 5784 8 0
61485722 0 5792 8 0
61486772 0 5800 8 0
61487590 0 5808 8 0
61488512 0 5816 8 0
61489451 0 5824 8 0
61490874 0 5832 8 0
61491877 0 5840 8 0
61492852 0 5848 8 0
61493833 0 5856 8 0
61494801 0 5864 8 0
61496650 0 5872 8 0
61497799 0 5880 8 0
61499028 0 5776 8 0
67159760 0 73992 8 0
68572578 0 74000 8 0
70207089 0 69184 8 0
71429890 0 69144 8 0
73325356 0 69216 8 0
75209676 0 68528 8 0
76656883 0 68488 8 0
77832123 0 4260104 8 0
94581117 0 4513480 144 0
100106289 0 4513376 104 0
100364129 0 512960 16 0
110028889 0 4514816 32 0
110138482 0 4518048 152 0
115616007 0 4514864 248 0
115623129 0 4515112 8 0
115700798 0 4459336 80 0
115755082 0 4515120 248 0
115755853 0 4515368 8 0
115766379 0 4514848 16 0
115946683 0 4515752 248 0
115950823 0 4516000 8 0
128720260 0 4516032 248 0
128729642 0 4516280 8 0
128807487 0 4517504 248 0
128813444 0 4517752 8 0
140453861 0 4516952 248 0
140458680 0 4517200 8 0
140639790 0 4516520 248 0
140645284 0 4516768 8 0
140825376 0 4516288 128 0
140953698 0 4515376 128 0
141048186 0 4517344 160 0
142711771 0 4517208 136 0
143031298 0 512984 32 0
145652615 0 74040 8 0
147045727 0 74048 8 0
148559255 0 442368 32 0
151564375 0 551032 248 0
151574385 0 551280 8 0
160526092 0 550616 248 0
160535554 0 550864 8 0
170623875 0 442400 224 0
175429075 0 4514272 32 0
175542380 0 4594688 32 0
181682450 0 4594720 32 0
183966306 0 4593632 32 0
188206675 0 4593696 208 0
195908365 0 4593664 32 0
196306220 0 638816 32 0
214398770 0 640576 248 0
214431638 0 640824 8 0
223090517 0 639216 248 0
223159996 0 639464 8 0
233844981 0 4589472 32 0
238662023 0 4591392 136 0
244881412 0 4589504 224 0
250702768 0 398336 32 0
257523092 0 398376 248 0
257589403 0 398624 8 0
262249014 0 398368 8 0
262370370 0 4599424 32 0
268138405 0 4599504 136 0
276720980 0 4599456 48 0
277216601 0 442624 248 0
277262639 0 442872 8 0
277290831 0 638856 248 0
277374041 0 639104 8 0
294481768 0 638848 8 0
294526848 0 639112 104 0
294580335 0 4589728 248 0
294621408 0 4589976 8 0
329355983 0 443136 248 0
329400680 0 443384 8 0
329435534 0 550432 184 0
329580131 0 443392 248 0
329623968 0 443640 8 0
329762765 0 443648 248 0
329804381 0 443896 8 0
329922401 0 550352 80 0
330170096 0 443904 248 0
330213705 0 444152 8 0
330398004 0 513016 64 0
330925866 0 640088 248 0
331028563 0 640336 8 0
331079959 0 640344 136 0
331138782 0 544552 248 0
331172052 0 544800 8 0
295066950 0 639472 248 0
295111413 0 639720 8 0
295476303 0 639728 248 0
295963889 0 639976 8 0
296208782 0 549328 248 0
296254553 0 549576 8 0
326646593 0 549584 248 0
326680767 0 549832 8 0
326726042 0 549840 248 0
326809283 0 550088 8 0
326832878 0 442880 248 0
326833462 0 443128 8 0
326930904 0 550096 248 0
326931364 0 550344 8 0
352530635 0 543384 248 0
352610631 0 543632 8 0
363000230 0 544344 208 0
365073940 0 544152 192 0
365183647 0 543960 192 0
365349289 0 546944 248 0
365354804 0 547192 8 0
394997046 0 547368 248 0
395029912 0 547616 8 0
395119694 0 546296 248 0
395159956 0 546544 8 0
395332869 0 639984 104 0
395475794 0 543640 192 0
395533118 0 447720 248 0
395571496 0 447968 8 0
419477442 0 448232 248 0
419755233 0 448480 8 0
423832350 0 451648 248 0
423840866 0 451896 8 0
439393057 0 448968 248 0
439425769 0 449216 8 0
439451309 0 449696 248 0
439482705 0 449944 8 0
439503334 0 546552 168 0
439552553 0 449952 224 0
439597414 0 546720 224 0
439670360 0 547200 168 0
439750059 0 451928 248 0
439782501 0 452176 8 0
439807959 0 452224 248 0
439949947 0 452472 8 0
442294836 0 454000 248 0
442299819 0 454248 8 0
446943656 0 542584 248 0
447001576 0 542832 8 0
460831001 0 444160 248 0
461044006 0 444408 8 0
461119257 0 444920 248 0
461160845 0 445168 8 0
461198866 0 546032 248 0
461238883 0 546280 8 0
461281308 0 4516416 104 0
461827368 0 4515600 152 0
461885805 0 444520 248 0
461927596 0 444768 8 0
461965664 0 445176 248 0
462015973 0 445424 8 0
462048462 0 445432 248 0
462097589 0 445680 8 0
462180986 0 444776 144 0
462328220 0 688128 32 0
495018427 0 696480 248 0
495057218 0 696728 8 0
504204595 0 688624 248 0
504235907 0 688872 8 0
515241398 0 696096 248 0
515271296 0 696344 8 0
523899185 0 688880 248 0
523939551 0 689128 8 0
523990504 0 689136 248 0
524346700 0 689384 8 0
524380180 0 696352 128 0
524453081 0 696736 128 0
524544224 0 689392 248 0
524592957 0 689640 8 0
524690987 0 689648 248 0
524732430 0 689896 8 0
524802071 0 688272 248 0
524851205 0 688520 8 0
539661369 0 688160 112 0
540227870 0 688528 96 0
540778583 0 689904 248 0
540814532 0 690152 8 0
541510549 0 690160 248 0
541555544 0 690408 8 0
541676147 0 4515504 96 0
541795813 0 4517760 248 0
541833330 0 4518008 8 0
542117462 0 547624 248 0
542159902 0 547872 8 0
544259056 0 550872 160 0
551510610 0 551288 96 0
617353246 0 544968 248 0
617406298 0 545216 8 0
617476744 0 542416 168 0
623154297 0 454376 248 0
623197202 0 454624 8 0
623264823 0 695576 248 0
623307380 0 695824 8 0
623331373 0 541048 248 0
623362731 0 541296 8 0
632230710 0 541808 248 0
632235131 0 542056 8 0
635108299 0 451088 248 0
635150221 0 451336 8 0
635178472 0 541368 248 0
635209570 0 541616 8 0
635224158 0 541304 64 0
635250876 0 445728 248 0
635290814 0 445976 8 0
635315497 0 446672 248 0
635355083 0 446920 8 0
635392552 0 541672 136 0
635447820 0 545776 248 0
635489506 0 546024 8 0
635522502 0 452816 248 0
635562625 0 453064 8 0
635694296 0 446440 232 0
635771091 0 543832 128 0
635845779 0 448488 144 0
635897837 0 450632 248 0
635937089 0 450880 8 0
635958841 0 450888 136 0
636047405 0 453072 248 0
636086338 0 453320 8 0
636105337 0 458672 80 0
636144060 0 540672 176 0
650477764 0 453384 248 0
650524945 0 453632 8 0
650560133 0 457288 248 0
650598907 0 457536 8 0
658692628 0 458144 248 0
658699757 0 458392 8 0
662219415 0 451344 176 0
665980588 0 451520 128 0
666042691 0 451024 64 0
666091229 0 453640 144 0
666155248 0 453784 216 0
666247483 0 454256 120 0
666292374 0 451904 24 0
666342828 0 452480 248 0
666388974 0 452728 8 0
666430105 0 452736 80 0
666526637 0 454736 248 0
666577653 0 454984 8 0
666604113 0 458400 136 0
666652708 0 457832 248 0
667051539 0 458080 8 0
667085249 0 457632 200 0
667146415 0 456688 248 0
667179854 0 456936 8 0
688782799 0 458536 136 0
688899440 0 447416 248 0
688941182 0 447664 8 0
688955678 0 447672 48 0
688978643 0 457544 88 0
689255056 0 445688 40 0
689290385 0 444416 104 0
689350668 0 543224 160 0
689443781 0 542984 240 0
689498906 0 542840 136 0
689531532 0 546288 8 0
689555320 0 542280 136 0
689672514 0 455312 248 0
689730938 0 455560 8 0
694041964 0 456944 144 0
696780633 0 454632 104 0
696839499 0 455032 248 0
696878484 0 455280 8 0
697043143 0 450248 248 0
697085598 0 450496 8 0
697142352 0 455288 24 0
698398870 0 655360 248 0
698453294 0 655608 248 0
698454419 0 655856 16 0
706710978 0 655872 248 0
706950732 0 656120 8 0
707382983 0 656128 248 0
707383875 0 656376 8 0
709291343 0 656384 248 0
709322424 0 656632 8 0
709492224 0 656640 248 0
709492897 0 656888 8 0
711550669 0 656896 248 0
711935185 0 657144 8 0
712293450 0 657152 248 0
712294371 0 657400 8 0
714302850 0 657408 248 0
714327514 0 657656 8 0
714887212 0 657664 248 0
714887982 0 657912 8 0
718365851 0 657920 248 0
718390496 0 658168 8 0
718638629 0 658176 248 0
718639471 0 658424 8 0
720702629 0 658432 248 0
720738345 0 658680 8 0
721606414 0 658688 248 0
721642131 0 658936 8 0
722270686 0 658944 248 0
722903157 0 659192 8 0
724481136 0 659200 248 0
724482033 0 659448 8 0
737411105 0 659456 248 0
737418191 0 659704 8 0
738179812 0 659712 248 0
738186200 0 659960 8 0
738663752 0 659968 248 0
738671728 0 660216 8 0
739163427 0 660224 248 0
739169758 0 660472 8 0
739624304 0 660480 248 0
739631626 0 660728 8 0
740145824 0 660736 248 0
740154080 0 660984 8 0
740608848 0 660992 248 0
740616491 0 661240 8 0
741508301 0 661248 248 0
741514835 0 661496 8 0
742526932 0 661504 248 0
742591673 0 661752 8 0
743991659 0 661760 248 0
743999135 0 662008 8 0
744982312 0 662016 248 0
744993522 0 662264 8 0
746348545 0 662272 248 0
746356841 0 662520 8 0
747322957 0 662528 248 0
747331446 0 662776 8 0
747997638 0 662784 248 0
748004138 0 663032 8 0
749380886 0 663040 248 0
749388111 0 663288 8 0
750473909 0 663296 248 0
750480582 0 663544 8 0
751271941 0 663552 248 0
751279005 0 663800 8 0
751868639 0 663808 248 0
751876081 0 664056 8 0
752546122 0 664064 248 0
752552377 0 664312 8 0
753118637 0 664320 248 0
753124578 0 664568 8 0
753977268 0 664576 248 0
753985688 0 664824 8 0
754671714 0 664832 248 0
754672816 0 665080 8 0
766373981 0 665088 248 0
766381449 0 665336 8 0
767321609 0 665344 248 0
767328872 0 665592 8 0
767712918 0 665600 248 0
767719678 0 665848 8 0
768357406 0 665856 248 0
768372749 0 666104 8 0
769024784 0 666112 248 0
769030911 0 666360 8 0
769807753 0 666368 248 0
769816238 0 666616 8 0
771000019 0 666624 248 0
771008151 0 666872 8 0
771983595 0 666880 248 0
771992028 0 667128 8 0
773243887 0 667136 248 0
773250088 0 667384 8 0
774269182 0 667392 248 0
774276427 0 667640 8 0
775567910 0 667648 248 0
775574006 0 667896 8 0
776202287 0 667904 248 0
776209680 0 668152 8 0
776836911 0 668160 248 0
776844051 0 668408 8 0
777291512 0 668416 248 0
777297579 0 668664 8 0
777959556 0 668672 248 0
777968052 0 668920 8 0
778677503 0 668928 248 0
778684960 0 669176 8 0
779511766 0 669184 248 0
779567166 0 669432 8 0
779887800 0 669440 248 0
779895311 0 669688 8 0
780429439 0 669696 248 0
780436528 0 669944 8 0
781236861 0 669952 248 0
781288696 0 670200 8 0
782056889 0 670208 248 0
782064264 0 670456 8 0
782931001 0 670464 248 0
782938703 0 670712 8 0
783720153 0 670720 248 0
783727712 0 670968 8 0
784421013 0 670976 248 0
784421933 0 671224 8 0
786159328 0 671232 248 0
786174407 0 671480 8 0
786969466 0 671488 248 0
787074481 0 671736 8 0
788094116 0 671744 248 0
788101063 0 671992 8 0
788611859 0 672000 248 0
788618823 0 672248 8 0
789368857 0 672256 248 0
789376171 0 672504 8 0
789857036 0 672512 248 0
789922343 0 672760 8 0
790663466 0 672768 248 0
790668459 0 673016 8 0
790757937 0 673024 248 0
790758367 0 673272 8 0
791365212 0 673280 248 0
791373632 0 673528 8 0
792299647 0 673536 248 0
792308500 0 673784 8 0
793382428 0 673792 248 0
793394287 0 674040 8 0
794303121 0 674048 248 0
794309455 0 674296 8 0
795107572 0 674304 248 0
795113985 0 674552 8 0
796081640 0 674560 248 0
796089771 0 674808 8 0
797611876 0 674816 248 0
797619327 0 675064 8 0
798800829 0 675072 248 0
798801627 0 675320 8 0
802228226 0 675328 248 0
802236741 0 675576 8 0
804300779 0 675584 248 0
804308262 0 675832 8 0
807003752 0 675840 248 0
807017197 0 676088 8 0
811782543 0 676096 248 0
811790861 0 676344 8 0
812977013 0 676352 248 0
812991482 0 676600 8 0
816594648 0 676608 248 0
816602470 0 676856 8 0
821121997 0 676864 248 0
821134735 0 677112 8 0
828314367 0 677120 248 0
828323842 0 677368 8 0
828840282 0 677376 248 0
828847179 0 677624 8 0
829860884 0 677632 248 0
829868372 0 677880 8 0
830770076 0 677888 248 0
830777393 0 678136 8 0
831013290 0 678144 248 0
831021770 0 678392 8 0
831952224 0 678400 248 0
831960391 0 678648 8 0
832485170 0 678656 248 0
832491814 0 678904 8 0
833108886 0 678912 248 0
833115764 0 679160 8 0
833702986 0 679168 248 0
833716688 0 679416 8 0
834401466 0 679424 248 0
834408560 0 679672 8 0
834848974 0 679680 248 0
834857603 0 679928 8 0
835233552 0 679936 248 0
835248454 0 680184 8 0
835528073 0 680192 248 0
835534637 0 680440 8 0
835989250 0 680448 248 0
835996970 0 680696 8 0
836158652 0 680704 248 0
836165282 0 680952 8 0
836327315 0 680960 248 0
836334247 0 681208 8 0
836549552 0 681216 248 0
836557004 0 681464 8 0
836752529 0 681472 248 0
836759552 0 681720 8 0
836943910 0 681728 248 0
836950639 0 681976 8 0
837124387 0 681984 248 0
837131250 0 682232 8 0
837826729 0 682240 248 0
837833005 0 682488 8 0
838440372 0 682496 248 0
838447222 0 682744 8 0
839178415 0 682752 248 0
839185526 0 683000 8 0
840181739 0 683008 248 0
840188618 0 683256 8 0
840900216 0 683264 248 0
840907158 0 683512 8 0
841480019 0 683520 248 0
841487112 0 683768 8 0
842038882 0 683776 248 0
842045481 0 684024 8 0
842436802 0 684032 248 0
842443937 0 684280 8 0
843060903 0 684288 248 0
843069197 0 684536 8 0
843441899 0 684544 248 0
843448875 0 684792 8 0
844218144 0 684800 248 0
844225239 0 685048 8 0
845064270 0 685056 248 0
845074659 0 685304 8 0
845555007 0 685312 248 0
845609924 0 685560 8 0
847034561 0 685568 248 0
847042009 0 685816 8 0
847614233 0 685824 248 0
847621632 0 686072 8 0
848401163 0 686080 248 0
848409677 0 686328 8 0
849250874 0 686336 248 0
849265236 0 686584 8 0
850123965 0 686592 248 0
850139720 0 686840 8 0
850645017 0 686848 248 0
850654387 0 687096 8 0
851120280 0 687104 248 0
851141150 0 687352 8 0
851259739 0 687360 248 0
851268841 0 687608 8 0
851854484 0 687616 248 0
851868479 0 687864 8 0
852448992 0 687872 248 0
852514403 0 688120 8 0
852802488 0 652840 248 0
852808982 0 653088 8 0
853485880 0 653096 248 0
853486456 0 653344 8 0
865225601 0 653352 248 0
865232587 0 653600 8 0
865921608 0 653608 248 0
865922204 0 653856 8 0
871173288 0 653864 120 0
895273357 0 692144 248 0
895286163 0 692392 8 0
895483769 0 690696 248 0
895491655 0 690944 8 0
895613515 0 692680 248 0
895620151 0 692928 8 0
895697905 0 690952 152 0
895768918 0 691104 184 0
895881454 0 691960 184 0
896049781 0 692936 232 0
896186679 0 691288 248 0
896193554 0 691536 8 0
896247608 0 691544 160 0
896348967 0 691784 176 0
896848853 0 691704 80 0
902603896 0 694720 248 0
902619759 0 694968 8 0
909911935 0 640480 96 0
909990023 0 542976 8 0
910162154 0 457088 200 0
910246690 0 456432 248 0
910252512 0 456680 8 0
910369220 0 455568 248 0
910376154 0 455816 8 0
910396391 0 458088 56 0
910490431 0 450504 128 0
910555226 0 455824 128 0
910624804 0 446928 224 0
910772286 0 455952 168 0
911420723 0 456256 176 0
911634820 0 456120 136 0
912067778 0 448088 144 0
912384061 0 445984 248 0
912393424 0 446232 8 0
912529190 0 446304 136 0
912674896 0 447976 112 0
912779179 0 447160 248 0
912785818 0 447408 8 0
912865598 0 448632 248 0
912871167 0 448880 8 0
912952868 0 449368 248 0
912958484 0 449616 8 0
913043715 0 449224 144 0
914077283 0 4590248 248 0
914089847 0 4590496 8 0
914176405 0 4590504 168 0
914289603 0 453328 56 0
916300341 0 449624 72 0
927597953 0 448888 80 0
942369589 0 694976 168 0
948588627 0 540848 200 0
955552273 0 446240 64 0
957435889 0 454992 40 0
958339012 0 447152 8 0
987150789 0 692520 160 0
993205999 0 573440 32 0
1017557651 0 636984 248 0
1017565464 0 637232 8 0
1030910687 0 636800 184 0
1044290365 0 574496 248 0
1044296601 0 574744 8 0
1054802281 0 399360 32 0
1054906857 0 401464 248 0
1054913695 0 401712 8 0
1075103916 0 399392 240 0
1075214161 0 4260112 8 0
1078697378 0 560552 32 0
1085676507 0 560888 248 0
1085683522 0 561136 8 0
1096348045 0 560584 248 0
1096354330 0 560832 8 0
1096448353 0 573472 224 0
1106520695 0 573696 208 0
1106608217 0 573952 248 0
1106613739 0 574200 8 0
1107950873 0 574320 176 0
1108023307 0 574208 112 0
1108084652 0 573904 48 0
1108264876 0 574752 248 0
1108271714 0 575000 8 0
1108438828 0 575008 248 0
1108444950 0 575256 8 0
1109432552 0 575264 248 0
1109490104 0 575512 8 0
1110112525 0 575520 248 0
1110119298 0 575768 8 0
1110142072 0 399632 248 0
1110142494 0 399880 8 0
1110162169 0 401200 248 0
1110162621 0 401448 8 0
1158593467 0 401016 184 0
1186886685 0 579592 248 0
1186894178 0 579840 8 0
1187005780 0 634704 248 0
1187011531 0 634952 8 0
1197717413 0 590712 248 0
1197725357 0 590960 8 0
1244924812 0 693304 248 0
1244931272 0 693552 8 0
1245116276 0 547880 128 0
1245211288 0 695960 136 0
1252528888 0 538864 32 0
1257202107 0 539464 160 0
1267547443 0 538896 248 0
1267551761 0 539144 8 0
1274244022 0 539280 184 0
1274304656 0 539152 128 0
1274475527 0 579848 200 0
1274553937 0 590968 248 0
1274557433 0 591216 8 0
1285707979 0 517528 32 0
1296057535 0 517560 8 0
1297362089 0 522240 32 0
1305166201 0 523024 232 0
1313727543 0 522272 224 0
1320703899 0 522496 248 0
1320708270 0 522744 8 0
1320898584 0 557056 32 0
1320969795 0 557632 248 0
1320974430 0 557880 8 0
1321057960 0 557088 224 0
1321141189 0 557312 248 0
1321144933 0 557560 8 0
1324925219 0 4516776 176 0
1327294818 0 695144 248 0
1327305423 0 695392 8 0
1327322113 0 693168 136 0
1327454955 0 692400 120 0
1333802538 0 544808 160 0
1395749227 0 74008 8 0
1395825688 0 74016 8 0
1396024681 0 513592 8 0
1396200966 0 68464 8 0
1403290804 0 560840 48 0
1403369966 0 522848 176 0
1443052907 0 3932160 8 1
1443083607 0 3932168 8 1
1443107948 0 3932176 8 1
1443108439 0 3932184 8 1
1443109408 0 3932192 8 1
1443109949 0 3932200 8 1
1443110290 0 3932208 8 1
1443110716 0 3932216 8 1
1443111058 0 3932224 8 1
1443111480 0 3932232 8 1
1443111737 0 3932240 8 1
1443112168 0 3932248 8 1
1443112600 0 3932256 8 1
1443112921 0 3932264 8 1
1443113199 0 3932272 8 1
1443113528 0 3932280 8 1
1443114179 0 3932288 8 1
1443114684 0 3932296 8 1
1443115031 0 3932304 8 1
1443115442 0 3932312 8 1
1443115764 0 3932320 8 1
1443116104 0 3932328 8 1
1443116342 0 3932336 8 1
1443116580 0 3932344 8 1
1443116927 0 3932352 8 1
1443117168 0 3932360 8 1
1443184354 0 3932368 8 1
1446452128 0 0 8 1
1446459810 0 8 8 1
1446464955 0 2312 8 1
1446469652 0 2352 8 1
1446474411 0 2384 8 1
1446478764 0 2408 8 1
1446482891 0 2472 8 1
1446487758 0 5776 8 1
1446492346 0 5800 8 1
1446496994 0 5808 8 1
1446501179 0 5816 8 1
1446505404 0 5824 8 1
1446510060 0 67848 8 1
1446514738 0 4194304 8 1
1446521964 0 4194432 8 1
1446526828 0 4194560 8 1
1446531519 0 4194584 8 1
1446536259 0 4194832 8 1
1446540531 0 4194840 8 1
1446544771 0 4194848 8 1
1446549060 0 4194856 8 1
1446553413 0 4194872 8 1
1446557473 0 4194888 8 1
1453326850 0 3932160 8 1
1455475692 0 3932160 8 1
1455910206 0 0 8 1
