0 0 0 8 1
1012 0 16 8 0
28566 0 128 8 0
36574 0 64 8 0
43696 0 256 8 0
49976 0 264 8 0
56579 0 272 8 0
63618 0 280 8 0
69952 0 288 8 0
76002 0 296 8 0
81806 0 304 8 0
87787 0 312 8 0
93632 0 320 8 0
99612 0 328 8 0
105855 0 336 8 0
111836 0 344 8 0
118060 0 352 8 0
124365 0 360 8 0
130437 0 368 8 0
136330 0 376 8 0
142343 0 384 8 0
149196 0 392 8 0
155628 0 400 8 0
161633 0 408 8 0
167564 0 416 8 0
173725 0 424 8 0
179737 0 432 8 0
185643 0 440 8 0
191406 0 448 8 0
197215 0 456 8 0
203088 0 464 8 0
209219 0 472 8 0
215307 0 480 8 0
221243 0 488 8 0
227148 0 496 8 0
233818 0 504 8 0
239989 0 768 8 0
284199 0 776 8 0
292408 0 784 8 0
298547 0 792 8 0
304775 0 800 8 0
310504 0 808 8 0
316296 0 816 8 0
321924 0 824 8 0
327511 0 832 8 0
333128 0 840 8 0
338710 0 848 8 0
344550 0 856 8 0
350462 0 864 8 0
357721 0 872 8 0
363762 0 880 8 0
401376 0 888 8 0
407615 0 896 8 0
413598 0 904 8 0
419483 0 912 8 0
425355 0 920 8 0
431154 0 928 8 0
437232 0 936 8 0
443153 0 944 8 0
449225 0 952 8 0
455269 0 960 8 0
460983 0 968 8 0
466842 0 976 8 0
473682 0 984 8 0
479870 0 992 8 0
486265 0 1000 8 0
492308 0 1008 8 0
528857 0 1016 8 0
540586 0 512 8 0
549056 0 32 8 0
559665 0 4096 8 0
54557853 0 67848 8 0
54717827 0 4194568 8 0
54723583 0 4194576 8 0
54725006 0 4194584 8 0
54726105 0 4194592 8 0
54727402 0 4194600 8 0
54728490 0 4194608 8 0
54729510 0 4194616 8 0
54730485 0 4194624 8 0
54731501 0 4194632 8 0
54732487 0 4194640 8 0
54733419 0 4194648 8 0
54735341 0 4194656 8 0
54736381 0 4194664 8 0
54737325 0 4194672 8 0
54738445 0 4194680 8 0
54739337 0 4194688 8 0
54740720 0 4194696 8 0
54742060 0 4194704 8 0
54743149 0 4194712 8 0
54744800 0 4194720 8 0
54746093 0 4194728 8 0
54747249 0 4194736 8 0
54748289 0 4194744 8 0
54749217 0 4194752 8 0
54750147 0 4194760 8 0
54752043 0 4194768 8 0
54753159 0 4194776 8 0
54754208 0 4194784 8 0
54755466 0 4194792 8 0
54756745 0 4194800 8 0
54757802 0 4194808 8 0
54759186 0 4194816 8 0
54759717 0 4194560 8 0
60839709 0 6408 8 0
63245634 0 4260120 8 0
63261281 0 4195072 8 0
63262965 0 4195080 8 0
63265410 0 4195088 8 0
63266428 0 4195096 8 0
63267552 0 4195104 8 0
63268818 0 4195112 8 0
63270072 0 4195120 8 0
63271224 0 4195128 8 0
63272231 0 4195136 8 0
63273257 0 4195144 8 0
63274489 0 4195152 8 0
63275644 0 4195160 8 0
63276491 0 4195168 8 0
63277418 0 4195176 8 0
63278538 0 4195184 8 0
63279867 0 4195192 8 0
63281567 0 4195200 8 0
63285400 0 4195208 8 0
63286426 0 4195216 8 0
63287781 0 4195232 8 0
63288634 0 4195240 8 0
63289941 0 4195248 8 0
63291470 0 4195256 8 0
63292691 0 4195264 8 0
63293654 0 4195272 8 0
63294790 0 4195280 8 0
63296031 0 4195288 8 0
63297108 0 4195296 8 0
63297934 0 4195304 8 0
63298852 0 4195312 8 0
63300542 0 4195320 8 0
63301676 0 4195328 8 0
63301922 0 4195224 8 0
63888216 0 4194432 8 0
63910678 0 4195336 8 0
63912441 0 4195344 8 0
63913474 0 4195360 8 0
63913806 0 4195352 8 0
72943003 0 4194304 8 0
90093199 0 4194824 8 0
90097579 0 4194832 8 0
90098940 0 4194840 8 0
90100114 0 4194848 8 0
90101135 0 4194856 8 0
90102168 0 4194864 8 0
90103270 0 4194872 8 0
90104218 0 4194880 8 0
90105211 0 4194888 8 0
90106226 0 4194896 8 0
90107252 0 4194904 8 0
90108259 0 4194912 8 0
90110480 0 4194920 8 0
90111426 0 4194928 8 0
90112969 0 4194936 8 0
90114569 0 4194944 8 0
90115524 0 4194952 8 0
90116522 0 4194960 8 0
90118038 0 4194976 8 0
90119273 0 4194984 8 0
90120955 0 4194992 8 0
90122072 0 4195000 8 0
90123153 0 4195008 8 0
90124177 0 4195016 8 0
90125569 0 4195024 8 0
90126553 0 4195032 8 0
90128514 0 4195040 8 0
90129604 0 4195048 8 0
90130699 0 4195056 8 0
90131651 0 4195064 8 0
90132982 0 4194968 8 0
90221639 0 4472984 8 0
91662820 0 4456712 8 0
92976852 0 68144 8 0
94165721 0 4608 8 0
94173035 0 4616 8 0
94174259 0 4624 8 0
94175665 0 4632 8 0
94176975 0 4648 8 0
94178119 0 4656 8 0
94180303 0 4664 8 0
94181627 0 4672 8 0
94182867 0 4680 8 0
94183926 0 4688 8 0
94185274 0 4696 8 0
94187019 0 4704 8 0
94188334 0 4712 8 0
94189597 0 4720 8 0
94190969 0 4728 8 0
94192021 0 4736 8 0
94193135 0 4744 8 0
94194563 0 4752 8 0
94195792 0 4760 8 0
94196723 0 4768 8 0
94198405 0 4776 8 0
94199425 0 4784 8 0
94200465 0 4792 8 0
94201349 0 4800 8 0
94203130 0 4808 8 0
94204293 0 4816 8 0
94205452 0 4824 8 0
94206514 0 4832 8 0
94208192 0 4840 8 0
94209146 0 4848 8 0
94210246 0 4856 8 0
94211381 0 4864 8 0
94211865 0 4640 8 0
101598901 0 72120 8 0
102982464 0 72192 8 0
104185273 0 72128 8 0
105452427 0 72328 8 0
111692649 0 68152 8 0
113511491 0 68168 8 0
115083452 0 278832 32 0
117897606 0 4352 8 0
117903362 0 4360 8 0
117904555 0 4368 8 0
117907323 0 4376 8 0
117926831 0 4384 8 0
117929061 0 4392 8 0
117930039 0 4400 8 0
117931067 0 4408 8 0
117932174 0 4416 8 0
117941148 0 4424 8 0
117942848 0 4440 8 0
117944060 0 4448 8 0
117945141 0 4456 8 0
117946657 0 4464 8 0
117947785 0 4472 8 0
117948856 0 4480 8 0
117949914 0 4488 8 0
117951875 0 4496 8 0
117952926 0 4504 8 0
117954320 0 4512 8 0
117955407 0 4520 8 0
117956485 0 4528 8 0
117957522 0 4536 8 0
117958590 0 4544 8 0
117959533 0 4552 8 0
117960615 0 4560 8 0
117962158 0 4568 8 0
117963452 0 4576 8 0
117967188 0 4584 8 0
117968288 0 4592 8 0
117969222 0 4600 8 0
117970393 0 4432 8 0
123933992 0 71872 8 0
125472613 0 71992 8 0
126813181 0 72000 8 0
128367782 0 368056 32 0
132451004 0 278864 40 0
132585212 0 368176 176 0
140915039 0 368088 88 0
141384256 0 371768 32 0
151559880 0 375104 248 0
151567327 0 375352 8 0
159260447 0 371816 248 0
159266999 0 372064 8 0
164376946 0 372072 248 0
164383286 0 372320 8 0
164395014 0 371800 16 0
168962132 0 372712 248 0
168968752 0 372960 8 0
170971732 0 372992 248 0
171026662 0 373240 8 0
173233675 0 374032 248 0
173239324 0 374280 8 0
177733890 0 374616 248 0
177739692 0 374864 8 0
181662009 0 373560 248 0
181669620 0 373808 8 0
182633858 0 374424 192 0
182760892 0 372560 152 0
237660158 0 3932160 8 1
237765926 0 3932168 8 1
237789513 0 3932176 8 1
237796318 0 3932184 8 1
237796849 0 3932192 8 1
237797376 0 3932200 8 1
237798028 0 3932208 8 1
237798561 0 3932216 8 1
237799081 0 3932224 8 1
237799636 0 3932232 8 1
237800231 0 3932240 8 1
237800752 0 3932248 8 1
237801201 0 3932256 8 1
237801712 0 3932264 8 1
237802160 0 3932272 8 1
237859382 0 3932280 8 1
240579563 0 0 8 1
240586291 0 8 8 1
240587426 0 2312 8 1
240588427 0 2384 8 1
240589319 0 4464 8 1
240590263 0 4472 8 1
240592130 0 67848 8 1
240593330 0 4194304 8 1
240594407 0 4194432 8 1
240595280 0 4194592 8 1
240596281 0 4194968 8 1
240597340 0 4195352 8 1
243481180 0 3932160 8 1
244055857 0 3932160 8 1
244663037 0 0 8 1
1266874889709476352 0 8385520 8 0
1266874889709487360 0 8388592 8 0
1266874889709513984 0 2048 8 0
1266874889709524992 0 24 8 0
1266874889709531904 0 56 8 0
1266874889709538816 0 120 8 0
