0 0 264608 8 0
1264715 0 4260104 8 0
2568890 0 4456448 32 0
8297280 0 4260296 8 0
15569181 0 4260120 8 0
1266874889697550336 0 68320 8 0
1266874889697580544 0 68384 8 0
1266874889697592576 0 2576 8 0
1266874889697598464 0 2584 8 0
1266874889697603584 0 2592 8 0
1266874889697608192 0 2600 8 0
1266874889697624320 0 2608 8 0
1266874889697629952 0 2616 8 0
1266874889697643520 0 2624 8 0
1266874889697649664 0 2632 8 0
1266874889697654528 0 2640 8 0
1266874889697659136 0 2648 8 0
1266874889697664000 0 2656 8 0
1266874889697670144 0 2664 8 0
1266874889697675008 0 2672 8 0
1266874889697679872 0 2680 8 0
1266874889697684480 0 2688 8 0
1266874889697689344 0 2696 8 0
1266874889697713920 0 2704 8 0
1266874889697719552 0 2712 8 0
1266874889697724416 0 2720 8 0
1266874889697728512 0 2728 8 0
1266874889697733120 0 2736 8 0
1266874889697737984 0 2744 8 0
1266874889697742336 0 2752 8 0
1266874889697747200 0 2760 8 0
1266874889697752320 0 2768 8 0
1266874889697757696 0 2776 8 0
1266874889697762560 0 2792 8 0
1266874889697766400 0 2784 8 0
1266874889697843200 0 67912 8 0
1266874889698203904 0 2184 8 0
1266874889698235648 0 2056 8 0
1266874889706135808 0 280056 8 0
1266874889708026368 0 280024 8 0
38520211 0 4260280 8 0
69855082 0 4466360 32 0
78238588 0 4458216 144 0
87073479 0 4466392 64 0
87208819 0 4466480 152 0
98734786 0 4456480 224 0
105005177 0 4466456 24 0
105115396 0 264288 16 0
111036199 0 4479040 32 0
114638580 0 4479232 144 0
121272787 0 4470944 32 0
126480423 0 4467312 32 0
126528649 0 4470296 144 0
132593758 0 4467352 248 0
132648254 0 4467600 8 0
132770291 0 4467608 248 0
132821173 0 4467856 8 0
132844089 0 4467344 8 0
132969009 0 4468232 248 0
133014961 0 4468480 8 0
141776207 0 4479072 160 0
147098636 0 4456704 248 0
147152953 0 4456952 8 0
147472238 0 4469832 248 0
147610791 0 4470080 8 0
157295925 0 4469376 248 0
157346384 0 4469624 8 0
157441317 0 4468936 248 0
157477858 0 4469184 8 0
157702567 0 4457720 248 0
157814398 0 4457968 8 0
157901367 0 4468032 200 0
163035851 0 4457176 248 0
163077387 0 4457424 8 0
163106395 0 4457976 232 0
163166120 0 4469680 152 0
163210678 0 4469632 48 0
163247392 0 4457040 136 0
163708039 0 4470088 208 0
164078376 0 4468560 248 0
164117506 0 4468808 8 0
164132579 0 4456960 80 0
164170228 0 4457432 248 0
164211927 0 4457680 8 0
164326458 0 4467872 160 0
164544443 0 68280 8 0
208125665 0 4260336 8 0
217083974 0 4194824 8 0
217092601 0 4194832 8 0
217097861 0 4194840 8 0
217102518 0 4194848 8 0
217107192 0 4194856 8 0
217111881 0 4194864 8 0
217115807 0 4194872 8 0
217120158 0 4194880 8 0
217124728 0 4194888 8 0
217128581 0 4194896 8 0
217132999 0 4194904 8 0
217138174 0 4194912 8 0
217142521 0 4194920 8 0
217146504 0 4194928 8 0
217150788 0 4194936 8 0
217155786 0 4194944 8 0
217161077 0 4194952 8 0
217165482 0 4194960 8 0
217169638 0 4194968 8 0
217174251 0 4194976 8 0
217178348 0 4194984 8 0
217182249 0 4194992 8 0
217186023 0 4195000 8 0
217189814 0 4195008 8 0
217193847 0 4195016 8 0
217199087 0 4195032 8 0
217203368 0 4195040 8 0
217207713 0 4195048 8 0
217211629 0 4195056 8 0
217215654 0 4195064 8 0
217219783 0 4195072 8 0
217223180 0 4195024 8 0
217234780 0 4260856 8 0
179078219 0 4469192 136 0
179204896 0 265112 8 0
192132947 0 4473984 32 0
195521634 0 4474016 32 0
198958248 0 4473776 32 0
202912129 0 4473816 136 0
206350739 0 4473808 8 0
206437095 0 4474232 32 0
206473160 0 4474264 56 0
206552987 0 4474096 32 0
206587151 0 4474128 64 0
207023334 0 4467864 8 0
244610773 0 294912 32 0
256760086 0 281104 144 0
269521815 0 326344 248 0
269522478 0 326592 8 0
226104197 0 4260904 8 0
228781251 0 4260864 8 0
232311617 0 4260936 8 0
233697023 0 4198144 8 0
233741100 0 4198152 8 0
233742873 0 4198160 8 0
233744026 0 4198168 8 0
233745179 0 4198176 8 0
233746266 0 4198184 8 0
233749000 0 4198200 8 0
233750366 0 4198208 8 0
233751709 0 4198216 8 0
233753303 0 4198224 8 0
233754546 0 4198232 8 0
233755824 0 4198240 8 0
233757244 0 4198248 8 0
233758542 0 4198256 8 0
233759724 0 4198264 8 0
233761280 0 4198272 8 0
233762854 0 4198280 8 0
233764424 0 4198288 8 0
233766231 0 4198296 8 0
233767539 0 4198304 8 0
233769448 0 4198312 8 0
233770630 0 4198320 8 0
233771785 0 4198328 8 0
233772988 0 4198336 8 0
233774168 0 4198344 8 0
233775233 0 4198352 8 0
233776286 0 4198360 8 0
233777327 0 4198368 8 0
233778822 0 4198376 8 0
233779989 0 4198384 8 0
233781020 0 4198392 8 0
233782288 0 4198400 8 0
233783054 0 4198192 8 0
244531540 0 4260344 8 0
246175494 0 4265216 8 0
258270868 0 67920 8 0
280046413 0 295040 248 0
280047196 0 295288 8 0
295077044 0 296048 248 0
295077798 0 296296 8 0
301481134 0 4474592 32 0
301591606 0 4474648 208 0
301681450 0 4474624 24 0
301731245 0 4197632 8 0
301738716 0 4197640 8 0
301740167 0 4197648 8 0
301741497 0 4197656 8 0
301742821 0 4197664 8 0
301744027 0 4197672 8 0
301745058 0 4197680 8 0
301746200 0 4197688 8 0
301747747 0 4197696 8 0
301749982 0 4197704 8 0
301751181 0 4197712 8 0
301752370 0 4197720 8 0
301753843 0 4197728 8 0
301754855 0 4197736 8 0
301756073 0 4197744 8 0
301757415 0 4197752 8 0
301758480 0 4197760 8 0
301759395 0 4197768 8 0
301760405 0 4197776 8 0
301761447 0 4197784 8 0
301762622 0 4197800 8 0
301763462 0 4197808 8 0
301764464 0 4197816 8 0
301766289 0 4197824 8 0
301767326 0 4197832 8 0
301768162 0 4197840 8 0
301769449 0 4197848 8 0
301774002 0 4197856 8 0
301775148 0 4197864 8 0
301776116 0 4197872 8 0
301777090 0 4197880 8 0
301778912 0 4197888 8 0
301779270 0 4197792 8 0
310209273 0 4567520 16 0
320471874 0 4479488 32 0
320544615 0 4479536 136 0
320616700 0 4479520 16 0
320650220 0 4475584 32 0
320713396 0 4475616 32 0
320777184 0 4470848 32 0
271826651 0 4491736 32 0
287956245 0 4491832 136 0
301516036 0 4472104 32 0
301617749 0 4473008 136 0
301792146 0 4472136 248 0
301792880 0 4472384 8 0
301878554 0 4491768 64 0
302068032 0 4472512 248 0
302068836 0 4472760 8 0
320828743 0 4470880 40 0
320890513 0 4260368 8 0
322199263 0 4260816 8 0
323571382 0 4962464 32 0
326615675 0 4963096 136 0
332333661 0 4962496 248 0
332343048 0 4962744 8 0
337370234 0 4958400 32 0
341535047 0 4962264 144 0
352224757 0 4958432 224 0
358408922 0 4958672 248 0
358415978 0 4958920 8 0
358604921 0 4593568 32 0
367272205 0 4595368 144 0
386200521 0 4593600 224 0
394336316 0 4594008 248 0
394345613 0 4594256 8 0
394629634 0 4471576 32 0
394760783 0 4471616 136 0
394960699 0 297272 248 0
394965186 0 297520 8 0
406846805 0 4471608 8 0
406886909 0 295296 248 0
406891347 0 295544 8 0
407042717 0 295552 232 0
407193596 0 296304 248 0
407338928 0 295848 200 0
407424027 0 295784 64 0
407581960 0 4593824 136 0
407649464 0 4593960 48 0
407720871 0 4594264 248 0
407727157 0 4594512 8 0
408094529 0 4594520 248 0
408099012 0 4594768 8 0
408267266 0 4961936 248 0
408274792 0 4962184 8 0
436043508 0 4958928 248 0
436052556 0 4959176 8 0
436079545 0 4962192 72 0
436096921 0 4959184 248 0
436097341 0 4959432 8 0
436357251 0 4958656 16 0
436449889 0 4959440 248 0
436456957 0 4959688 8 0
436608781 0 296576 248 0
436616369 0 296824 8 0
437140281 0 4962752 248 0
437146019 0 4963000 8 0
437218363 0 324984 248 0
437218898 0 325232 8 0
474420750 0 297528 248 0
474468875 0 297776 8 0
474499534 0 325240 248 0
474533410 0 325488 8 0
474579773 0 297784 248 0
475366372 0 298032 8 0
475395266 0 325496 248 0
475837381 0 325744 8 0
475917432 0 298040 248 0
475917954 0 298288 8 0
475947832 0 325752 248 0
475948385 0 326000 8 0
477321068 0 298296 248 0
477364606 0 298544 8 0
477443832 0 298552 248 0
477486634 0 298800 8 0
477513989 0 326008 248 0
477546694 0 326256 8 0
477617607 0 298808 248 0
477667374 0 299056 8 0
477739377 0 299064 248 0
477776292 0 299312 8 0
477800850 0 326264 80 0
477874078 0 299320 248 0
477913230 0 299568 8 0
477988358 0 299576 248 0
478028774 0 299824 8 0
478115312 0 299832 248 0
478154212 0 300080 8 0
478229671 0 300088 248 0
478266912 0 300336 8 0
478300560 0 326600 248 0
478338384 0 326848 8 0
478416546 0 300344 248 0
478456301 0 300592 8 0
478504861 0 326856 128 0
478566501 0 326984 248 0
479263311 0 327232 8 0
479293848 0 300600 248 0
479330777 0 300848 8 0
479373971 0 327240 248 0
479414892 0 327488 8 0
479497237 0 327496 136 0
479554408 0 296912 248 0
479596605 0 297160 8 0
479651541 0 296832 80 0
479696994 0 297168 104 0
479818392 0 300856 248 0
479857896 0 301104 8 0
480022302 0 301112 248 0
480062959 0 301360 8 0
480097221 0 296552 24 0
480307183 0 301368 248 0
480347622 0 301616 8 0
480924292 0 301624 248 0
480965408 0 301872 8 0
481724863 0 301880 248 0
481765161 0 302128 8 0
482435327 0 302136 248 0
482476711 0 302384 8 0
483100810 0 4594888 248 0
483145007 0 4595136 8 0
483202759 0 4961208 248 0
483244220 0 4961456 8 0
483308691 0 316192 248 0
483372963 0 316440 8 0
573702733 0 302824 248 0
573746552 0 303072 8 0
573768391 0 303080 144 0
573818038 0 317176 248 0
573822367 0 317424 8 0
578844060 0 316448 248 0
578877174 0 316696 8 0
578904509 0 317432 248 0
578936435 0 317680 8 0
578970471 0 304664 248 0
579012624 0 304912 8 0
579037428 0 315656 248 0
579076236 0 315904 8 0
588098396 0 320544 248 0
588131837 0 320792 8 0
599166705 0 317688 128 0
599206389 0 315424 232 0
608543628 0 305336 248 0
608586817 0 305584 8 0
608612799 0 314968 248 0
608644865 0 315216 8 0
616499113 0 315224 200 0
616547066 0 315992 200 0
616609551 0 322976 248 0
616650392 0 323224 8 0
625824340 0 304968 248 0
625867616 0 305216 8 0
625896606 0 302392 160 0
625942816 0 316704 248 0
626184224 0 316952 8 0
626352575 0 317880 248 0
626503663 0 318128 8 0
632646949 0 307448 248 0
632691040 0 307696 8 0
632723437 0 308216 248 0
632765091 0 308464 8 0
632803504 0 310952 248 0
632858988 0 311200 8 0
645935383 0 4595144 136 0
646042387 0 4594776 112 0
646140056 0 4468816 120 0
646419200 0 68680 8 0
653988807 0 281088 16 0
657601073 0 68688 8 0
659536877 0 281040 8 0
660954913 0 281048 8 0
662706899 0 281056 8 0
662788186 0 68272 8 0
663958023 0 322800 176 0
664033358 0 317816 64 0
664428633 0 308864 248 0
664469494 0 309112 8 0
664558667 0 265024 8 0
666038390 0 302552 128 0
666089062 0 303528 248 0
666127463 0 303776 8 0
666162699 0 304024 248 0
666201434 0 304272 8 0
666218914 0 4468488 72 0
666358994 0 314168 248 0
666394085 0 314416 8 0
674727775 0 306184 248 0
674771655 0 306432 8 0
674797288 0 307800 248 0
674836856 0 308048 8 0
674853808 0 304920 48 0
674883229 0 305800 248 0
674923382 0 306048 8 0
674953342 0 4260944 8 0
676539740 0 4266536 8 0
677804542 0 4198416 8 0
677811019 0 4198424 8 0
677815281 0 4198432 8 0
677820577 0 4198440 8 0
677825100 0 4198448 8 0
677828956 0 4198456 8 0
677832794 0 4198464 8 0
677840133 0 4198472 8 0
677844401 0 4198480 8 0
677848200 0 4198488 8 0
677851942 0 4198496 8 0
677855842 0 4198504 8 0
677859443 0 4198512 8 0
677863213 0 4198520 8 0
677867099 0 4198528 8 0
677871558 0 4198536 8 0
677875284 0 4198544 8 0
677880123 0 4198552 8 0
677884170 0 4198560 8 0
677888515 0 4198568 8 0
677892659 0 4198576 8 0
677896814 0 4198584 8 0
677900925 0 4198592 8 0
677904767 0 4198600 8 0
677908594 0 4198608 8 0
677912918 0 4198616 8 0
677916658 0 4198624 8 0
677920792 0 4198632 8 0
677924666 0 4198640 8 0
677928394 0 4198648 8 0
677932256 0 4198656 8 0
677935416 0 4198408 8 0
677946497 0 4266576 8 0
679124982 0 4971264 32 0
682875272 0 4971296 64 0
682952418 0 4971360 32 0
685302061 0 303224 176 0
685396251 0 306648 248 0
685438167 0 306896 8 0
685549690 0 306904 168 0
685618830 0 318136 184 0
685673266 0 318584 248 0
685715575 0 318832 8 0
685742266 0 319880 248 0
685847795 0 320128 8 0
685889713 0 321064 248 0
685935049 0 321312 8 0
685971016 0 318848 248 0
686008202 0 319096 8 0
686039253 0 320224 248 0
686076331 0 320472 8 0
686106465 0 320136 88 0
686143135 0 321712 248 0
686180285 0 321960 8 0
686331577 0 4266544 8 0
688381265 0 4970304 40 0
694065538 0 4472392 120 0
694110605 0 4472768 176 0
694173408 0 68584 8 0
695727087 0 68736 8 0
706370485 0 303400 128 0
706487627 0 314576 248 0
706528620 0 314824 8 0
706545703 0 305224 112 0
707027360 0 304280 176 0
707101127 0 304528 136 0
707134148 0 304456 72 0
709239113 0 305592 208 0
709307968 0 302680 128 0
709376407 0 314432 144 0
709539685 0 4960360 248 0
709584950 0 4960608 8 0
709685473 0 309128 248 0
709727663 0 309376 8 0
709752174 0 312328 248 0
709823535 0 312576 8 0
719751657 0 311208 248 0
719883731 0 311456 8 0
719911857 0 310248 248 0
719951569 0 310496 8 0
719992156 0 309416 248 0
720032924 0 309664 8 0
720058874 0 308560 248 0
720099581 0 308808 8 0
720120937 0 308056 160 0
720176056 0 306440 184 0
720260312 0 4963008 88 0
697141502 0 3932160 8 1
697217447 0 3932168 8 1
697255442 0 3932176 8 1
697260218 0 3932184 8 1
697260589 0 3932192 8 1
697261107 0 3932200 8 1
697261528 0 3932208 8 1
697261867 0 3932216 8 1
697262115 0 3932224 8 1
697262696 0 3932232 8 1
697263446 0 3932240 8 1
697263967 0 3932248 8 1
697264314 0 3932256 8 1
697265133 0 3932264 8 1
697265663 0 3932272 8 1
697266359 0 3932280 8 1
697266937 0 3932288 8 1
697267439 0 3932296 8 1
697267778 0 3932304 8 1
697268520 0 3932312 8 1
697268770 0 3932320 8 1
697269012 0 3932328 8 1
697269359 0 3932336 8 1
697269596 0 3932344 8 1
697269974 0 3932352 8 1
697270215 0 3932360 8 1
697270454 0 3932368 8 1
697270813 0 3932376 8 1
697271051 0 3932384 8 1
697271287 0 3932392 8 1
697271537 0 3932400 8 1
697271786 0 3932408 8 1
697272840 0 3932416 8 1
697273450 0 3932424 8 1
697274117 0 3932432 8 1
697275459 0 3932440 8 1
697275980 0 3932448 8 1
697376296 0 3932456 8 1
721666561 0 4260096 8 0
731763898 0 68312 8 0
733569095 0 4463944 32 0
736728635 0 4463976 104 0
739410110 0 4475648 32 0
739485700 0 4475760 136 0
739558358 0 4475680 80 0
727263540 0 4713056 32 0
730524239 0 4459264 32 0
730664252 0 4459336 144 0
730949218 0 4459296 40 0
740619463 0 4684920 32 0
744222643 0 4691256 136 0
749736819 0 4690448 248 0
749744512 0 4690696 8 0
760087907 0 4684952 224 0
765748643 0 4685176 248 0
765756591 0 4685424 8 0
766507123 0 4690704 192 0
766651167 0 4690896 248 0
766657890 0 4691144 8 0
766672508 0 4691152 104 0
767447179 0 4685432 224 0
767863371 0 4690312 136 0
790855415 0 4688072 248 0
790863900 0 4688320 8 0
798387624 0 4461424 32 0
798524366 0 4461456 8 0
799301833 0 4896856 32 0
802780731 0 4903192 136 0
811284268 0 4902384 248 0
811325976 0 4902632 8 0
821616503 0 4896888 224 0
863214330 0 4458392 72 0
862907899 0 4458360 32 0
863737861 0 4974728 56 0
830867899 0 4897112 248 0
830903620 0 4897360 8 0
831709826 0 4902640 192 0
831826492 0 4902832 248 0
832227486 0 4903080 8 0
832254131 0 4903088 104 0
832816441 0 4897368 224 0
833551955 0 264568 8 0
851578438 0 4458752 32 0
851720255 0 4458784 96 0
853150128 0 4462480 32 0
857082485 0 4462512 80 0
860253402 0 4458584 32 0
860336595 0 4458616 80 0
881988565 0 4974224 104 0
892060123 0 4974328 8 0
887868517 0 308816 48 0
892025792 0 313040 248 0
892083666 0 313288 8 0
892408456 0 309384 32 0
892491054 0 310080 168 0
892639528 0 309928 152 0
892718633 0 310664 248 0
892831617 0 310912 8 0
892861439 0 312096 232 0
892936589 0 312592 248 0
893052696 0 312840 8 0
893227050 0 4260328 8 0
894730253 0 4194440 8 0
896993236 0 4198664 8 0
897000772 0 4198672 8 0
897005690 0 4198680 8 0
897010337 0 4198688 8 0
897014674 0 4198696 8 0
897018960 0 4198704 8 0
897022916 0 4198712 8 0
897027009 0 4198720 8 0
897030865 0 4198728 8 0
897034745 0 4198736 8 0
897040623 0 4198744 8 0
897045814 0 4198752 8 0
897050462 0 4198760 8 0
897054730 0 4198768 8 0
897058995 0 4198776 8 0
897063114 0 4198784 8 0
897067363 0 4198792 8 0
897071304 0 4198800 8 0
897075233 0 4198808 8 0
897079160 0 4198816 8 0
897082705 0 4198824 8 0
898111056 0 311712 248 0
898199249 0 311960 8 0
908093191 0 311968 128 0
910740577 0 309792 136 0
1008179434 0 312584 8 0
1406713017 0 309672 120 0
1406825801 0 311464 184 0
1407061724 0 310920 32 0
1480157151 0 310504 160 0
1480177218 0 312848 192 0
1480889138 0 311648 64 0
1549284105 0 313296 136 0
1549371454 0 313504 248 0
1549377803 0 313752 8 0
1549495628 0 313760 192 0
1551317317 0 313432 72 0
1563193069 0 314832 136 0
1564495420 0 3932464 8 1
1564501786 0 3932472 8 1
1564502163 0 3932480 8 1
1564502417 0 3932488 8 1
1564502886 0 3932496 8 1
1564503419 0 3932504 8 1
1564504081 0 3932512 8 1
1564504710 0 3932520 8 1
1564505233 0 3932528 8 1
1564505696 0 3932536 8 1
1564506147 0 3932544 8 1
1564506399 0 3932552 8 1
1564507186 0 3932560 8 1
1564507865 0 3932568 8 1
1564508310 0 3932576 8 1
1564508698 0 3932584 8 1
1564509502 0 3932592 8 1
1564510017 0 3932600 8 1
1564510676 0 3932608 8 1
1564511090 0 3932616 8 1
1564584712 0 3932624 8 1
1568664605 0 3932632 8 1
1568671626 0 3932640 8 1
1568671992 0 3932648 8 1
1568672552 0 3932656 8 1
1568672899 0 3932664 8 1
1568673270 0 3932672 8 1
1568673931 0 3932680 8 1
1568717119 0 3932688 8 1
1571872054 0 3932696 8 1
1571878199 0 3932704 8 1
1571878734 0 3932712 8 1
1571879194 0 3932720 8 1
1571914454 0 3932728 8 1
1563353975 0 307704 96 0
1564399683 0 2064 8 0
1564428992 0 286720 8 1
1568619591 0 286728 8 1
1571834375 0 286736 8 1
1575238920 0 4469408 40 0
1575254287 0 4469488 8 0
1575258748 0 4469536 8 0
1575262336 0 4469600 16 0
1575528930 0 302808 16 0
1575890848 0 316960 168 0
1576099885 0 303800 224 0
1576233169 0 317128 48 0
1576378195 0 307256 192 0
1576490494 0 307120 136 0
1576582598 0 306056 128 0
1576701727 0 306624 24 0
1576717737 0 307072 48 0
1576819933 0 303784 16 0
1885138833 0 286744 8 1
1888428487 0 286728 8 1
1888453469 0 68744 128 1
1891618409 0 313952 184 0
1897061113 0 324504 248 0
1897064878 0 324752 8 0
1897199304 0 324760 160 0
1884543434 0 314424 8 0
1884907247 0 323312 248 0
1884913683 0 323560 8 0
1884994125 0 323232 80 0
1885068823 0 323568 152 0
1885198267 0 3932736 8 1
1885206807 0 3932744 8 1
1885207166 0 3932752 8 1
1885207523 0 3932760 8 1
1885207945 0 3932768 8 1
1885208317 0 3932776 8 1
1885208648 0 3932784 8 1
1885209401 0 3932792 8 1
1885209842 0 3932800 8 1
1885210836 0 3932808 8 1
1885211710 0 3932816 8 1
1885212381 0 3932824 8 1
1885213259 0 3932832 8 1
1885279654 0 3932840 8 1
1888538054 0 3932848 8 1
1888546527 0 3932856 8 1
1888546888 0 3932864 8 1
1888547378 0 3932872 8 1
1888592253 0 3932880 8 1
3719753218 0 4470960 16 0
3718743727 0 4466576 8 0
3718761670 0 4466600 32 0
3718866488 0 4470296 144 0
3719282387 0 4972544 128 0
3728303771 0 4972672 248 0
3728436240 0 4972920 8 0
3979252479 0 290816 8 1
3979337647 0 3932888 8 1
3979339776 0 3932896 8 1
3979340425 0 3932904 8 1
3979341068 0 3932912 8 1
3979341626 0 3932920 8 1
3979342082 0 3932928 8 1
3979342529 0 3932936 8 1
3979343142 0 3932944 8 1
3979343401 0 3932952 8 1
3979343734 0 3932960 8 1
3979344082 0 3932968 8 1
3979344432 0 3932976 8 1
3979344690 0 3932984 8 1
3979388518 0 3932992 8 1
3992103956 0 4972928 248 0
3992120924 0 4973176 248 0
3992121950 0 4973424 16 0
4004236089 0 4973440 248 0
4004247702 0 4973688 88 0
3983685920 0 290824 8 1
3983712512 0 3933000 8 1
3983713614 0 3933008 8 1
3983713898 0 3933016 8 1
3983714238 0 3933024 8 1
3983714507 0 3933032 8 1
3983714776 0 3933040 8 1
3983715054 0 3933048 8 1
3983736245 0 3933056 8 1
3986074643 0 286736 8 1
3986126824 0 3933064 8 1
3986128487 0 3933072 8 1
3986159271 0 3933080 8 1
3987903596 0 3933088 8 1
3987904884 0 3933096 8 1
3987905216 0 3933104 8 1
3987905558 0 3933112 8 1
3987905914 0 3933120 8 1
3987906162 0 3933128 8 1
3987906498 0 3933136 8 1
3987906813 0 3933144 8 1
3987931132 0 3933152 8 1
4091018848 0 290832 8 1
4091073058 0 3933160 8 1
4091075731 0 3933168 8 1
4091076552 0 3933176 8 1
4091076986 0 3933184 8 1
4091077549 0 3933192 8 1
4091078020 0 3933200 8 1
4091078537 0 3933208 8 1
4091079439 0 3933216 8 1
4091079906 0 3933224 8 1
4091119045 0 3933232 8 1
4093306036 0 290824 8 1
4093335511 0 3933240 8 1
4093336703 0 3933248 8 1
4093347696 0 3933256 8 1
6126482715 0 4474016 8 0
6126501931 0 4474032 16 0
6123446049 0 4457464 8 0
6123454383 0 4457488 16 0
6123460255 0 4457512 48 0
6123471170 0 4457576 8 0
6123476001 0 4457616 40 0
6123549811 0 4457928 80 0
6123569012 0 4458056 8 0
6123575872 0 4458096 88 0
6123684619 0 4457032 8 0
6123691914 0 4457112 8 0
6123324711 0 4457224 8 0
6123335445 0 4457248 48 0
6123335988 0 4457320 8 0
6123338310 0 4457336 16 0
6123339539 0 4457400 48 0
6127877969 0 281104 144 0
6129982166 0 326344 32 0
6365154641 0 327680 8 1
6368147560 0 327688 8 1
6385347215 0 4468936 32 0
6385353197 0 4468984 24 0
6385354760 0 4469024 16 0
6385355567 0 4469080 16 0
6385358372 0 4469104 48 0
6385561232 0 4959696 248 0
6385568082 0 4959944 8 0
6385620774 0 302832 8 0
6385624553 0 302984 8 0
6365245299 0 3933264 8 1
6365256552 0 3933272 8 1
6365257067 0 3933280 8 1
6365257794 0 3933288 8 1
6365258488 0 3933296 8 1
6365259227 0 3933304 8 1
6365260018 0 3933312 8 1
6365260593 0 3933320 8 1
6365261276 0 3933328 8 1
6365261842 0 3933336 8 1
6365262770 0 3933344 8 1
6365263356 0 3933352 8 1
6365324315 0 3933360 8 1
6368241596 0 3933368 8 1
6368254910 0 3933376 8 1
6368255574 0 3933384 8 1
6368256125 0 3933392 8 1
6368256616 0 3933400 8 1
6368257165 0 3933408 8 1
6368257706 0 3933416 8 1
6368332381 0 3933424 8 1
6369991357 0 3933432 8 1
6369998801 0 3933440 8 1
6370043507 0 3933448 8 1
6371266103 0 3933456 8 1
6371273382 0 3933464 8 1
6371273999 0 3933472 8 1
6371274369 0 3933480 8 1
6371274951 0 3933488 8 1
6371275425 0 3933496 8 1
6371276438 0 3933504 8 1
6371276973 0 3933512 8 1
6371335130 0 3933520 8 1
6386065157 0 302272 16 0
6386068137 0 302352 24 0
6386068864 0 302384 8 0
6369943152 0 286736 8 1
6373587515 0 4468704 48 0
6373608089 0 4468768 32 0
6373632126 0 4469240 168 0
6373731091 0 264528 8 0
6376176499 0 68280 8 0
6376195760 0 68720 8 0
6456255188 0 4194320 8 0
6458625826 0 4809488 8 1
6458646913 0 327688 8 1
6458666646 0 264576 8 1
6458697845 0 2056 8 1
6458707748 0 2312 8 1
6458713658 0 2360 8 1
6458718494 0 2384 8 1
6458723482 0 2392 8 1
6458728216 0 2400 8 1
6458733725 0 2712 8 1
6458789674 0 2728 8 1
6458812433 0 67848 8 1
6459060578 0 4194560 8 1
6459061756 0 4194568 8 1
6459062487 0 4194576 8 1
6459063145 0 4194632 8 1
6459063816 0 4194640 8 1
6459064679 0 4194648 8 1
6459065571 0 4194656 8 1
6459066163 0 4194664 8 1
6459066894 0 4194672 8 1
6459070260 0 4194704 8 1
6459071216 0 4194752 8 1
6459072073 0 4195024 8 1
6459073063 0 4197792 8 1
6459074000 0 4197800 8 1
6459074790 0 4197816 8 1
6459075679 0 4197840 8 1
6459076487 0 4198176 8 1
6459077217 0 4198184 8 1
6459078153 0 4198192 8 1
6459079443 0 4198392 8 1
6459080671 0 4198408 8 1
6459081463 0 4198416 8 1
6459083314 0 4198424 8 1
6459085099 0 4198832 8 1
6459086168 0 4260328 8 1
6480270669 0 3932160 8 1
6481103868 0 3932160 8 1
6481921646 0 3932160 8 1
6482414350 0 3932160 8 1
6482808526 0 0 8 1
6458735224 0 3933528 8 1
6458736767 0 3933536 8 1
6458737318 0 3933544 8 1
6458738111 0 3933552 8 1
6458738569 0 3933560 8 1
6458739196 0 3933568 8 1
6458739579 0 3933576 8 1
6458739842 0 3933584 8 1
6458740169 0 3933592 8 1
6458740777 0 3933600 8 1
6458741165 0 3933608 8 1
6458741679 0 3933616 8 1
6458742112 0 3933624 8 1
6458742463 0 3933632 8 1
6458742801 0 3933640 8 1
6458803659 0 3933648 8 1
6469301078 0 0 8 1
6469314358 0 8 8 1
6469320949 0 2064 8 1
6469325872 0 2184 8 1
6469330252 0 2352 8 1
6469334718 0 2736 8 1
6469339070 0 2784 8 1
6469343729 0 2792 8 1
6469348127 0 68720 8 1
6469352765 0 68736 8 1
6469357292 0 4194320 8 1
6469362133 0 4194440 8 1
6469366641 0 4194696 8 1
6469371916 0 4198824 8 1
6475717736 0 3932160 8 1
6477015550 0 3932160 8 1
6478211977 0 3932160 8 1
