0 0 2 2 0
40916 0 0 8 0
86691 0 8 8 0
162016 0 2320 8 0
176647 0 2328 8 0
178619 0 2336 8 0
180560 0 2344 8 0
182415 0 2352 8 0
185015 0 2360 8 0
186587 0 2368 8 0
188363 0 2376 8 0
190122 0 2384 8 0
191965 0 2392 8 0
193671 0 2400 8 0
197118 0 2408 8 0
202373 0 2416 8 0
204009 0 2424 8 0
205604 0 2432 8 0
207287 0 2440 8 0
209056 0 2448 8 0
210752 0 2456 8 0
212457 0 2464 8 0
214115 0 2472 8 0
215865 0 2480 8 0
217515 0 2488 8 0
219169 0 2496 8 0
221056 0 2504 8 0
222854 0 2512 8 0
225482 0 2520 8 0
226991 0 2528 8 0
229143 0 2536 8 0
234728 0 2544 8 0
236232 0 2552 8 0
237859 0 2560 8 0
240556 0 2568 8 0
241378 0 2312 8 0
286417 0 3932160 8 0
464153 0 0 8 1
66322816 0 67848 8 0
66387324 0 6408 8 0
66604368 0 4194560 8 0
66615533 0 4194568 8 0
66617548 0 4194576 8 0
66619869 0 4194584 8 0
66621902 0 4194592 8 0
66623693 0 4194600 8 0
66625275 0 4194608 8 0
66626721 0 4194616 8 0
66629829 0 4194624 8 0
66631458 0 4194632 8 0
66633198 0 4194640 8 0
66635154 0 4194648 8 0
66636838 0 4194656 8 0
66638590 0 4194664 8 0
66639987 0 4194672 8 0
66641395 0 4194680 8 0
66643195 0 4194688 8 0
66674397 0 4194704 8 0
66676725 0 4194712 8 0
66677758 0 4194720 8 0
66678868 0 4194728 8 0
66679933 0 4194736 8 0
66690396 0 4194744 8 0
66691530 0 4194752 8 0
66692691 0 4194760 8 0
66693771 0 4194768 8 0
66695043 0 4194776 8 0
66696252 0 4194784 8 0
66697817 0 4194792 8 0
66699063 0 4194800 8 0
66700266 0 4194808 8 0
66701595 0 4194816 8 0
66702100 0 4194696 8 0
76008735 0 69912 8 0
76064527 0 2816 8 0
76073416 0 2824 8 0
76074962 0 2832 8 0
76076085 0 2840 8 0
76077327 0 2848 8 0
76078453 0 2856 8 0
76079529 0 2864 8 0
76080695 0 2872 8 0
76081988 0 2880 8 0
76083078 0 2888 8 0
76084320 0 2896 8 0
76085393 0 2904 8 0
76087109 0 2912 8 0
76088541 0 2920 8 0
76090746 0 2928 8 0
76092003 0 2936 8 0
76093173 0 2944 8 0
76094710 0 2952 8 0
76095959 0 2960 8 0
76097063 0 2968 8 0
76098311 0 2976 8 0
76181843 0 2984 8 0
76190995 0 2992 8 0
76192599 0 3000 8 0
76194028 0 3008 8 0
76195795 0 3016 8 0
76197845 0 3024 8 0
76199939 0 3032 8 0
76203287 0 3040 8 0
76205849 0 3048 8 0
76207889 0 3056 8 0
76209128 0 3064 8 0
76447446 0 67912 8 0
76938243 0 2192 8 0
76985744 0 2056 8 0
97649806 0 264608 8 0
99614546 0 4260104 8 0
93388073 0 280056 8 0
95446892 0 280024 8 0
103958684 0 4456448 32 0
108103385 0 4260296 8 0
110630750 0 4260120 8 0
112265901 0 4260280 8 0
113675648 0 4466360 32 0
117243862 0 4458216 144 0
122780588 0 4466392 64 0
122797935 0 4466480 152 0
128895564 0 4456480 224 0
135585379 0 4466456 24 0
135777096 0 265248 16 0
142727516 0 4479040 32 0
147547263 0 4479232 144 0
155818149 0 4470944 32 0
160109732 0 4467312 32 0
160179424 0 4470296 144 0
166326235 0 4467352 248 0
166334372 0 4467600 8 0
166447658 0 4467608 248 0
166455022 0 4467856 8 0
166479364 0 4467344 8 0
166553865 0 4468232 248 0
166560558 0 4468480 8 0
177789250 0 4479072 160 0
182347724 0 4456704 248 0
182397726 0 4456952 8 0
182555800 0 4469832 248 0
182615615 0 4470080 8 0
189527317 0 4469376 248 0
189559414 0 4469624 8 0
189585043 0 4468936 248 0
189618341 0 4469184 8 0
189738892 0 4457720 248 0
189782304 0 4457968 8 0
189850344 0 4468032 200 0
193417692 0 4457176 248 0
193460531 0 4457424 8 0
193488281 0 4457976 232 0
193540931 0 4469680 152 0
193579860 0 4469632 48 0
193618124 0 4457040 136 0
194096476 0 4470088 208 0
194395331 0 4468560 248 0
194432126 0 4468808 8 0
194446872 0 4456960 80 0
194481967 0 4457432 248 0
194523489 0 4457680 8 0
194632964 0 4467872 160 0
194818667 0 68320 8 0
214177918 0 2576 8 0
214185406 0 2584 8 0
214190058 0 2592 8 0
214195176 0 2600 8 0
214199733 0 2608 8 0
214204375 0 2616 8 0
214208517 0 2624 8 0
214212605 0 2632 8 0
214216712 0 2640 8 0
214223970 0 2648 8 0
214228025 0 2656 8 0
214232489 0 2664 8 0
214236728 0 2672 8 0
214242344 0 2680 8 0
214246648 0 2688 8 0
214250957 0 2696 8 0
214254968 0 2704 8 0
214259312 0 2720 8 0
214263578 0 2728 8 0
214267705 0 2736 8 0
214271777 0 2744 8 0
214275603 0 2752 8 0
214281358 0 2760 8 0
214289830 0 2768 8 0
214297797 0 2776 8 0
214302600 0 2784 8 0
214307100 0 2792 8 0
214312666 0 2800 8 0
214316972 0 2808 8 0
214321224 0 2712 8 0
214343036 0 68280 8 0
223225760 0 4469192 136 0
223282857 0 265112 8 0
225151373 0 4473984 32 0
228467346 0 4474016 32 0
231136984 0 4473776 32 0
236206334 0 4473816 136 0
239142147 0 4473808 8 0
239215098 0 4474232 32 0
239250581 0 4474264 56 0
239293995 0 4474096 32 0
239325764 0 4474128 64 0
239765471 0 4467864 8 0
240062820 0 4260336 8 0
250355641 0 4194824 8 0
250367895 0 4194832 8 0
250376844 0 4194840 8 0
250381915 0 4194848 8 0
250386610 0 4194856 8 0
250391003 0 4194864 8 0
250395084 0 4194872 8 0
250400244 0 4194880 8 0
250407212 0 4194888 8 0
250415137 0 4194896 8 0
250422140 0 4194904 8 0
250428323 0 4194912 8 0
250435658 0 4194920 8 0
250442290 0 4194928 8 0
250448506 0 4194936 8 0
250455550 0 4194944 8 0
250461567 0 4194952 8 0
250466363 0 4194960 8 0
250470880 0 4194968 8 0
250477846 0 4194976 8 0
250485512 0 4194984 8 0
250493509 0 4194992 8 0
250500877 0 4195000 8 0
250507930 0 4195008 8 0
250514398 0 4195016 8 0
250521810 0 4195032 8 0
250529027 0 4195040 8 0
250535713 0 4195048 8 0
250543393 0 4195056 8 0
250548302 0 4195064 8 0
250553205 0 4195072 8 0
250556746 0 4195024 8 0
250567572 0 4260856 8 0
259868320 0 4260904 8 0
261783333 0 4260864 8 0
263652260 0 4260936 8 0
265338845 0 4260344 8 0
266706435 0 68312 8 0
269714433 0 4197632 8 0
269724328 0 4197640 8 0
269726757 0 4197648 8 0
269727859 0 4197656 8 0
269729109 0 4197664 8 0
269729974 0 4197672 8 0
269730959 0 4197680 8 0
269732637 0 4197688 8 0
269736620 0 4197696 8 0
269737797 0 4197704 8 0
269738986 0 4197712 8 0
269740141 0 4197720 8 0
269741100 0 4197728 8 0
269742269 0 4197736 8 0
269743774 0 4197744 8 0
269745695 0 4197752 8 0
269748622 0 4197760 8 0
269750533 0 4197768 8 0
269752461 0 4197776 8 0
269753894 0 4197784 8 0
269755446 0 4197792 8 0
269758185 0 4197808 8 0
269760027 0 4197816 8 0
269761820 0 4197824 8 0
269763525 0 4197832 8 0
269765189 0 4197840 8 0
269766681 0 4197848 8 0
269768094 0 4197856 8 0
269770068 0 4197864 8 0
269771850 0 4197872 8 0
269774617 0 4197880 8 0
269776494 0 4197888 8 0
269777403 0 4197800 8 0
268466403 0 4458752 32 0
268648038 0 4458784 96 0
281167508 0 4567816 32 0
284777182 0 4567848 24 0
289280175 0 4260368 8 0
293723616 0 4567872 32 0
293764537 0 4567904 56 0
294437565 0 4468816 120 0
294739680 0 4465408 32 0
307986239 0 4655192 32 0
312248837 0 4658040 248 0
312251680 0 4658288 8 0
320947422 0 4655392 248 0
320949002 0 4655640 8 0
331147212 0 4655256 136 0
336020966 0 4655224 32 0
336213837 0 4657240 248 0
336215426 0 4657488 8 0
347327264 0 4657496 248 0
347328840 0 4657744 8 0
347339877 0 4657872 168 0
347515146 0 4656352 248 0
347517488 0 4656600 8 0
347573432 0 4656760 248 0
347574646 0 4657008 8 0
347636377 0 4657752 120 0
347753768 0 4655680 248 0
347754416 0 4655928 8 0
347822745 0 4655968 248 0
347823877 0 4656216 8 0
348324602 0 4656224 128 0
348670981 0 4656608 152 0
348756771 0 4657104 136 0
348887929 0 4657016 88 0
349025853 0 4655936 32 0
349048952 0 4655648 32 0
307810986 0 4197896 8 0
307822772 0 4197904 8 0
307827598 0 4197912 8 0
307832259 0 4197920 8 0
307836534 0 4197928 8 0
307840569 0 4197936 8 0
307844754 0 4197944 8 0
307848770 0 4197952 8 0
307853415 0 4197960 8 0
307857676 0 4197968 8 0
307861510 0 4197976 8 0
307865672 0 4197984 8 0
307869695 0 4197992 8 0
307874591 0 4198000 8 0
307878718 0 4198008 8 0
307882656 0 4198016 8 0
307886537 0 4198024 8 0
307890570 0 4198032 8 0
307894822 0 4198040 8 0
307898900 0 4198056 8 0
307902951 0 4198064 8 0
307906938 0 4198072 8 0
307910045 0 4198048 8 0
304534552 0 4465440 16 0
350406368 0 327680 32 0
387204468 0 369424 144 0
392539625 0 369256 168 0
399476943 0 330096 248 0
399479188 0 330344 8 0
407894465 0 4474592 32 0
407948664 0 4474648 208 0
408008702 0 4474624 24 0
408038497 0 4260816 8 0
412987499 0 4581248 32 0
417307194 0 4581880 136 0
422691023 0 4581280 248 0
422692762 0 4581528 8 0
428047864 0 4570112 32 0
432184800 0 4573976 144 0
437691271 0 4570144 224 0
444045453 0 4570384 248 0
444047159 0 4570632 8 0
444138302 0 4475584 32 0
444176451 0 4475616 32 0
444254667 0 4593568 32 0
450501973 0 4595368 144 0
456098115 0 4593600 224 0
463628332 0 4594008 248 0
463630449 0 4594256 8 0
463713262 0 4472104 32 0
463757450 0 4473008 136 0
463812173 0 4471576 32 0
463848271 0 4471616 136 0
463942725 0 4479488 32 0
463978788 0 4479536 136 0
464025423 0 4479520 16 0
464047916 0 335144 248 0
464048640 0 335392 8 0
473332085 0 334984 160 0
481845671 0 327712 224 0
489504427 0 327936 248 0
489506103 0 328184 8 0
489615377 0 4472136 248 0
489616760 0 4472384 8 0
489884365 0 328192 168 0
490019500 0 329600 248 0
490020487 0 329848 8 0
497660768 0 329856 144 0
497710572 0 328824 248 0
497711764 0 329072 8 0
497780716 0 328360 184 0
497880060 0 329080 152 0
497969128 0 4471608 8 0
498011916 0 4593824 136 0
498061467 0 4593960 48 0
498100596 0 328600 224 0
498197721 0 4594264 248 0
498558461 0 4594512 8 0
498682837 0 329232 152 0
498740828 0 328544 56 0
498886403 0 329400 200 0
500627921 0 4594520 248 0
500666252 0 4594768 8 0
500872498 0 4573648 248 0
500907874 0 4573896 8 0
537168643 0 4570640 248 0
537379701 0 4570888 8 0
537413402 0 4573904 72 0
537441951 0 4570896 248 0
537481159 0 4571144 8 0
537573275 0 4570368 16 0
537627914 0 4571152 248 0
537668552 0 4571400 8 0
537859343 0 4581536 248 0
537901114 0 4581784 8 0
537960002 0 368616 248 0
537989227 0 368864 8 0
557310892 0 368872 128 0
557346726 0 369000 152 0
557405159 0 369152 104 0
557522836 0 335400 248 0
557566004 0 335648 8 0
557626974 0 330000 96 0
557687568 0 329384 16 0
557709504 0 330352 248 0
557746244 0 330600 8 0
557826010 0 330608 248 0
558482544 0 330856 8 0
558696914 0 330864 248 0
558735679 0 331112 8 0
558814023 0 335656 248 0
558859298 0 335904 8 0
558969632 0 331120 248 0
559007085 0 331368 8 0
559131458 0 331376 248 0
559168072 0 331624 8 0
559304168 0 331632 248 0
559349912 0 331880 8 0
559483289 0 331888 248 0
559529792 0 332136 8 0
559696625 0 332144 248 0
559736796 0 332392 8 0
559857775 0 332400 248 0
559894742 0 332648 8 0
560025599 0 332656 248 0
560061055 0 332904 8 0
560305884 0 332912 248 0
560344385 0 333160 8 0
560462851 0 333168 248 0
560497506 0 333416 8 0
560615512 0 333424 248 0
560649644 0 333672 8 0
560765085 0 333680 248 0
560801123 0 333928 8 0
560929514 0 333936 248 0
560967999 0 334184 8 0
561093045 0 334192 248 0
561130134 0 334440 8 0
561243680 0 334448 248 0
561280934 0 334696 8 0
561398956 0 334704 248 0
561435169 0 334952 8 0
561536185 0 334960 24 0
562378970 0 4472512 248 0
562421440 0 4472760 8 0
562448365 0 4594888 248 0
562487761 0 4595136 8 0
562541738 0 4572920 248 0
562579628 0 4573168 8 0
562632752 0 336016 248 0
562674778 0 336264 8 0
562704788 0 360432 248 0
562742109 0 360680 8 0
603510468 0 368320 248 0
603538978 0 368568 8 0
611784735 0 4595144 136 0
611886188 0 4594776 112 0
611969411 0 351560 248 0
612008335 0 351808 8 0
620972304 0 351816 152 0
621021289 0 362200 248 0
621069543 0 362448 8 0
633383049 0 351968 248 0
633416709 0 352216 8 0
633823394 0 360768 248 0
633875335 0 361016 8 0
633909517 0 361352 248 0
633949480 0 361600 8 0
633969977 0 4472392 120 0
634008983 0 4472768 176 0
634180859 0 351064 248 0
634230278 0 351312 8 0
644452290 0 336272 128 0
644536493 0 363664 248 0
644606203 0 363912 8 0
646294419 0 341616 248 0
646338042 0 341864 8 0
646363235 0 349960 248 0
646392059 0 350208 8 0
654955243 0 336400 208 0
655027870 0 363288 248 0
655062734 0 363536 8 0
655086094 0 361024 136 0
655191143 0 361160 152 0
655240641 0 362520 248 0
655275741 0 362768 8 0
655298278 0 361608 208 0
655344411 0 362776 144 0
655635836 0 338776 248 0
655677937 0 339024 8 0
655701930 0 338184 248 0
655743110 0 338432 8 0
655770070 0 336608 248 0
656271113 0 336856 8 0
656293457 0 363544 120 0
656321196 0 360688 80 0
656444724 0 336864 208 0
656528324 0 337080 248 0
656570437 0 337328 8 0
656627975 0 345600 248 0
656633118 0 345848 8 0
686327939 0 337664 248 0
686371428 0 337912 8 0
686424019 0 338512 248 0
686466216 0 338760 8 0
686502999 0 339200 248 0
686544081 0 339448 8 0
686571308 0 346688 248 0
686605276 0 346936 8 0
686668653 0 337928 248 0
686711846 0 338176 8 0
686822111 0 339936 248 0
686864690 0 340184 8 0
686922981 0 338768 8 0
686954654 0 347376 248 0
686958558 0 347624 8 0
693460752 0 339504 248 0
693506822 0 339752 8 0
693564707 0 339760 152 0
693638524 0 350216 160 0
693842891 0 350376 128 0
693991036 0 340600 248 0
694033405 0 340848 8 0
694069529 0 340856 248 0
694111200 0 341104 8 0
694238902 0 341112 160 0
694308083 0 335912 104 0
694346109 0 341472 144 0
694408384 0 342728 248 0
694450438 0 342976 8 0
694463624 0 361312 40 0
694489622 0 343168 248 0
694530030 0 343416 8 0
694719125 0 345168 248 0
694754967 0 345416 8 0
695085409 0 345424 176 0
695126017 0 345016 152 0
695392961 0 346288 248 0
695431552 0 346536 8 0
695462055 0 346544 128 0
695580750 0 347784 248 0
695615708 0 348032 8 0
695639584 0 348768 248 0
695675684 0 349016 8 0
695920996 0 348040 152 0
696044354 0 348192 240 0
696120859 0 348432 248 0
696211532 0 349024 208 0
696672275 0 350504 136 0
696720298 0 4469328 48 0
697058300 0 362456 64 0
697131284 0 356168 248 0
697181207 0 356416 8 0
705296579 0 355056 248 0
705332072 0 355304 8 0
715924949 0 354272 248 0
715955666 0 354520 8 0
727214842 0 356944 248 0
727248324 0 357192 8 0
727275031 0 355400 248 0
727307582 0 355648 8 0
727325741 0 354920 136 0
727527565 0 353696 248 0
727558621 0 353944 8 0
734963927 0 358096 248 0
735005450 0 358344 8 0
745191115 0 352928 248 0
745232942 0 353176 8 0
745261522 0 353360 248 0
745294493 0 353608 8 0
754492775 0 357200 224 0
763404298 0 339912 24 0
754986999 0 351320 136 0
755056230 0 350848 216 0
755115860 0 342040 248 0
755157902 0 342288 8 0
755200246 0 350664 184 0
755507596 0 347024 248 0
755548539 0 347272 8 0
755598174 0 337456 208 0
755649022 0 351456 104 0
755686074 0 340408 192 0
755850894 0 344344 248 0
755902212 0 344592 8 0
756754266 0 352272 248 0
756794087 0 352520 8 0
756877810 0 352224 48 0
757959707 0 352528 128 0
758196090 0 349680 248 0
758240779 0 349928 8 0
758265175 0 349936 24 0
758294932 0 342984 184 0
758396924 0 344128 216 0
758458342 0 341888 152 0
758509295 0 343424 208 0
758608070 0 342352 248 0
758646702 0 342600 8 0
758682033 0 337920 8 0
758704247 0 338440 72 0
759270614 0 345856 224 0
759357901 0 344872 144 0
759401489 0 344600 232 0
759448907 0 344832 40 0
759483915 0 337336 120 0
759519010 0 339032 144 0
759757098 0 265120 8 0
763435894 0 348680 88 0
785749119 0 350640 24 0
785793947 0 4260328 8 0
791474953 0 4194432 8 0
795460288 0 346944 80 0
800842641 0 4468488 72 0
800917393 0 265024 8 0
805221551 0 342296 56 0
805404789 0 346672 16 0
805528355 0 346080 208 0
969994902 0 343712 248 0
970043812 0 343960 8 0
974249035 0 337072 8 0
974312014 0 340192 160 0
974584618 0 347280 96 0
1047301070 0 343984 144 0
1047686984 0 341272 200 0
1117003213 0 3932160 8 1
1117032773 0 3932168 8 1
1117060023 0 3932176 8 1
1117060556 0 3932184 8 1
1117061087 0 3932192 8 1
1117061516 0 3932200 8 1
1117061958 0 3932208 8 1
1117062229 0 3932216 8 1
1117062572 0 3932224 8 1
1117063108 0 3932232 8 1
1117063735 0 3932240 8 1
1117064340 0 3932248 8 1
1117064975 0 3932256 8 1
1117065483 0 3932264 8 1
1117065928 0 3932272 8 1
1117066444 0 3932280 8 1
1117066899 0 3932288 8 1
1117067221 0 3932296 8 1
1117067543 0 3932304 8 1
1117067791 0 3932312 8 1
1117068343 0 3932320 8 1
1117068871 0 3932328 8 1
1117069472 0 3932336 8 1
1117070527 0 3932344 8 1
1117070931 0 3932352 8 1
1117071248 0 3932360 8 1
1117071587 0 3932368 8 1
1117071824 0 3932376 8 1
1117072181 0 3932384 8 1
1117072729 0 3932392 8 1
1117073196 0 3932400 8 1
1117073503 0 3932408 8 1
1117073883 0 3932416 8 1
1117147975 0 3932424 8 1
1119862376 0 0 8 1
1119870036 0 8 8 1
1119875320 0 2056 8 1
1119879812 0 2192 8 1
1119884450 0 2312 8 1
1119888489 0 2352 8 1
1119892383 0 2384 8 1
1119896331 0 2392 8 1
1119900172 0 2400 8 1
1119904631 0 2712 8 1
1119908892 0 3064 8 1
1119913288 0 6408 8 1
1119918641 0 67848 8 1
1119923475 0 4194432 8 1
1119931054 0 4194560 8 1
1119935554 0 4194584 8 1
1119939985 0 4194632 8 1
1119944052 0 4194640 8 1
1119948153 0 4194648 8 1
1119951915 0 4194656 8 1
1119955496 0 4194664 8 1
1119959251 0 4194672 8 1
1119963089 0 4194696 8 1
1119967228 0 4195024 8 1
1119971644 0 4197800 8 1
1119976069 0 4197808 8 1
1119980303 0 4197824 8 1
1119984566 0 4198048 8 1
1119989900 0 4198072 8 1
1119994539 0 4260328 8 1
1125687975 0 3932160 8 1
1127879160 0 3932160 8 1
1131084082 0 0 8 1
