0 0 67848 8 0
1097011 0 6408 8 0
1716922 0 4194560 8 0
1723788 0 4194568 8 0
1725155 0 4194576 8 0
1726407 0 4194584 8 0
1727605 0 4194592 8 0
1728686 0 4194600 8 0
1729618 0 4194608 8 0
1730698 0 4194616 8 0
1744497 0 4194624 8 0
1746265 0 4194632 8 0
1747565 0 4194640 8 0
1748992 0 4194648 8 0
1750135 0 4194656 8 0
1752482 0 4194664 8 0
1753873 0 4194672 8 0
1755028 0 4194680 8 0
1756737 0 4194688 8 0
1758054 0 4194704 8 0
1759222 0 4194712 8 0
1760182 0 4194720 8 0
1761154 0 4194728 8 0
1762283 0 4194736 8 0
1763972 0 4194744 8 0
1765744 0 4194752 8 0
1766842 0 4194760 8 0
1768011 0 4194768 8 0
1769103 0 4194776 8 0
1770235 0 4194784 8 0
1771351 0 4194792 8 0
1772565 0 4194800 8 0
1773515 0 4194808 8 0
1775408 0 4194816 8 0
1775990 0 4194696 8 0
32018410 0 2184 8 0
32057011 0 5632 8 0
32098151 0 5640 8 0
32099140 0 5648 8 0
36516878 0 2056 8 0
36611572 0 67912 8 0
50871944 0 285944 8 0
57929975 0 280144 8 0
59605798 0 4260336 8 0
69946063 0 4194824 8 0
69953659 0 4194832 8 0
69958414 0 4194840 8 0
69965312 0 4194848 8 0
69969905 0 4194856 8 0
69973993 0 4194864 8 0
69978134 0 4194872 8 0
69982145 0 4194880 8 0
69986450 0 4194888 8 0
69990323 0 4194896 8 0
69994426 0 4194904 8 0
69998487 0 4194912 8 0
70002655 0 4194920 8 0
70006769 0 4194928 8 0
70010652 0 4194936 8 0
70015019 0 4194944 8 0
70019134 0 4194952 8 0
70024162 0 4194960 8 0
70028244 0 4194968 8 0
70032033 0 4194976 8 0
70035929 0 4194984 8 0
70039872 0 4194992 8 0
70043780 0 4195000 8 0
70047813 0 4195008 8 0
70051563 0 4195016 8 0
70056291 0 4195032 8 0
70060993 0 4195040 8 0
70065042 0 4195048 8 0
70068865 0 4195056 8 0
70072849 0 4195064 8 0
70076829 0 4195072 8 0
70079999 0 4195024 8 0
70090787 0 4260856 8 0
71329730 0 4260904 8 0
72556866 0 4260864 8 0
73620311 0 4260936 8 0
74918128 0 4260344 8 0
86412881 0 4265672 8 0
106424540 0 68312 8 0
108410156 0 4260104 8 0
142585978 0 4466392 64 0
142735473 0 4466480 152 0
110308574 0 4459264 32 0
118902759 0 4260296 8 0
121104351 0 4260120 8 0
124702054 0 4260280 8 0
126588040 0 4466360 32 0
131616667 0 4459336 144 0
150656446 0 4466456 24 0
150720468 0 271800 48 0
157039376 0 4467312 32 0
157098705 0 4470296 144 0
163313627 0 4467352 248 0
163350691 0 4467600 8 0
163367827 0 4459296 40 0
163613967 0 4467608 248 0
163651840 0 4467856 8 0
163667132 0 4467344 8 0
163711864 0 4468232 248 0
163745760 0 4468480 8 0
178559700 0 4469832 248 0
178593881 0 4470080 8 0
197995170 0 4469376 248 0
198050256 0 4469624 8 0
198079624 0 4468936 248 0
198120272 0 4469184 8 0
198286263 0 4468560 248 0
198329441 0 4468808 8 0
198443625 0 4468040 192 0
212888737 0 4467864 136 0
212950452 0 4469680 152 0
212988398 0 4469632 48 0
213078272 0 4470088 56 0
213110943 0 4198144 8 0
213146501 0 4198152 8 0
213148507 0 4198160 8 0
213150336 0 4198168 8 0
213152365 0 4198176 8 0
213154149 0 4198184 8 0
213155955 0 4198192 8 0
213157567 0 4198200 8 0
213159724 0 4198208 8 0
213161514 0 4198216 8 0
213163990 0 4198232 8 0
213165548 0 4198240 8 0
213166776 0 4198248 8 0
213167863 0 4198256 8 0
213168951 0 4198264 8 0
213169907 0 4198272 8 0
213171156 0 4198280 8 0
213172456 0 4198288 8 0
213173578 0 4198296 8 0
213174919 0 4198304 8 0
213176176 0 4198312 8 0
213177179 0 4198320 8 0
213181202 0 4198328 8 0
213182150 0 4198336 8 0
213183887 0 4198344 8 0
213184764 0 4198352 8 0
213185721 0 4198360 8 0
213186687 0 4198368 8 0
213187731 0 4198376 8 0
213188688 0 4198384 8 0
213189732 0 4198392 8 0
213190864 0 4198400 8 0
213191252 0 4198224 8 0
220153417 0 4676856 8 0
225548097 0 4265680 8 0
226977134 0 4677200 32 0
229718725 0 4683736 144 0
234467181 0 4677232 224 0
244869163 0 4472104 32 0
244915829 0 4473008 136 0
244976107 0 4475584 32 0
245005159 0 4475616 32 0
245045871 0 4470944 32 0
245098565 0 4474592 32 0
245136818 0 4474648 208 0
245192290 0 4474624 24 0
245302224 0 4472136 248 0
245342139 0 4472384 8 0
245639478 0 4472512 248 0
245686114 0 4472760 8 0
245710115 0 4677456 128 0
245764869 0 4681560 248 0
245805912 0 4681808 8 0
255676414 0 4678144 248 0
255711442 0 4678392 8 0
255738615 0 4681816 176 0
255794594 0 4683008 248 0
255798974 0 4683256 8 0
260106583 0 4678904 248 0
260159114 0 4679152 8 0
264270128 0 4681232 248 0
264302902 0 4681480 8 0
272413308 0 4469192 160 0
272563481 0 4682728 248 0
272598965 0 4682976 8 0
272630235 0 4679272 248 0
272662559 0 4679520 8 0
272701501 0 4680024 248 0
272736577 0 4680272 8 0
283046671 0 3072 8 0
283055032 0 3080 8 0
283059989 0 3088 8 0
283064376 0 3096 8 0
283069239 0 3104 8 0
283073870 0 3112 8 0
283078108 0 3120 8 0
283082122 0 3128 8 0
283087799 0 3144 8 0
283092116 0 3152 8 0
283096398 0 3160 8 0
283102750 0 3168 8 0
283106521 0 3176 8 0
283110789 0 3184 8 0
283114746 0 3192 8 0
283118986 0 3200 8 0
283123013 0 3208 8 0
283127128 0 3216 8 0
283131098 0 3224 8 0
283134892 0 3232 8 0
283138706 0 3240 8 0
283142520 0 3248 8 0
283147843 0 3256 8 0
283152599 0 3264 8 0
283157450 0 3272 8 0
283161867 0 3280 8 0
283166257 0 3288 8 0
283170261 0 3296 8 0
283174195 0 3304 8 0
283178632 0 3312 8 0
283182759 0 3320 8 0
283187328 0 3328 8 0
283190393 0 3136 8 0
283200773 0 70136 8 0
285275412 0 272376 8 0
285361668 0 4679648 248 0
285400692 0 4679896 8 0
290298465 0 4682048 248 0
290530525 0 4682296 8 0
290638450 0 68320 8 0
292740950 0 2576 8 0
292747163 0 2584 8 0
292751946 0 2592 8 0
292756043 0 2600 8 0
292760156 0 2608 8 0
292764098 0 2616 8 0
292767937 0 2624 8 0
292772004 0 2632 8 0
292777085 0 2640 8 0
292781132 0 2648 8 0
292785205 0 2656 8 0
292789449 0 2664 8 0
292793287 0 2672 8 0
292797400 0 2680 8 0
292801257 0 2688 8 0
292805708 0 2696 8 0
292809430 0 2704 8 0
292814073 0 2720 8 0
292818378 0 2728 8 0
292822113 0 2736 8 0
292826080 0 2744 8 0
292829905 0 2752 8 0
292834725 0 2760 8 0
292839017 0 2768 8 0
292843288 0 2776 8 0
292847461 0 2784 8 0
292851717 0 2792 8 0
292855574 0 2800 8 0
292859546 0 2808 8 0
292863667 0 2816 8 0
292867221 0 2712 8 0
292888757 0 68280 8 0
299038250 0 4468000 40 0
299069371 0 265112 8 0
300390399 0 4473984 32 0
300431497 0 4474016 32 0
300471362 0 4473776 32 0
300511765 0 4473816 136 0
300562583 0 4473808 8 0
300626388 0 4474232 32 0
300656606 0 4474264 56 0
300697716 0 4474096 32 0
300730928 0 4474128 64 0
300824199 0 68272 8 0
301954138 0 4677584 248 0
301997099 0 4677832 8 0
302032476 0 4680280 168 0
302081707 0 4680448 248 0
302131832 0 4680696 8 0
302176264 0 4681488 72 0
302229718 0 4678408 248 0
302272764 0 4678656 8 0
302300509 0 4678664 224 0
302470954 0 4680720 248 0
302510664 0 4680968 8 0
302702157 0 4682984 24 0
302742902 0 4680976 232 0
302943085 0 4472768 144 0
303016900 0 4681208 24 0
303037337 0 4681992 56 0
303069700 0 4679904 120 0
303150291 0 4260368 8 0
304263984 0 4266000 8 0
305326962 0 4198408 8 0
305333486 0 4198416 8 0
305338204 0 4198424 8 0
305342598 0 4198432 8 0
305347631 0 4198440 8 0
305351979 0 4198448 8 0
305358781 0 4198456 8 0
305363231 0 4198464 8 0
305367293 0 4198472 8 0
305371536 0 4198480 8 0
305375878 0 4198488 8 0
305380244 0 4198504 8 0
305384599 0 4198512 8 0
305388675 0 4198520 8 0
305392687 0 4198528 8 0
305396790 0 4198536 8 0
305401203 0 4198544 8 0
305404976 0 4198552 8 0
305409698 0 4198560 8 0
305413777 0 4198568 8 0
305417913 0 4198576 8 0
305422438 0 4198584 8 0
305426636 0 4198592 8 0
305431135 0 4198600 8 0
305435198 0 4198608 8 0
305439388 0 4198616 8 0
305443416 0 4198624 8 0
305447246 0 4198632 8 0
305451217 0 4198640 8 0
305455097 0 4198648 8 0
305459082 0 4198656 8 0
305462640 0 4198496 8 0
305472234 0 4266040 8 0
306569211 0 4266816 8 0
307737262 0 4800040 248 0
307774402 0 4800288 8 0
314934433 0 4801528 248 0
314939882 0 4801776 8 0
325543253 0 4803112 248 0
325548545 0 4803360 8 0
334417269 0 4802384 248 0
334426397 0 4802632 8 0
345671486 0 4802712 248 0
345707134 0 4802960 8 0
345815771 0 4806784 248 0
345831376 0 4807032 8 0
347762266 0 4809856 248 0
347801117 0 4810104 8 0
356499471 0 4812912 248 0
356531874 0 4813160 8 0
367868724 0 4811808 248 0
367909813 0 4812056 8 0
379288783 0 4812456 248 0
379436589 0 4812704 8 0
381186078 0 4813272 248 0
381219973 0 4813520 8 0
381341769 0 4267088 8 0
385974120 0 4267096 8 0
387717905 0 360448 32 0
390655464 0 370760 248 0
390686202 0 371008 8 0
398286587 0 369344 248 0
398320075 0 369592 8 0
409696278 0 368584 248 0
409757114 0 368832 8 0
419186672 0 368840 248 0
419222546 0 369088 8 0
419273411 0 369096 248 0
419411977 0 4267104 8 0
419535814 0 4269408 8 0
420778721 0 4266824 8 0
422055189 0 4811360 248 0
422119667 0 4811608 8 0
426123634 0 4679528 120 0
426171518 0 4813168 104 0
426260669 0 4813528 8 0
426310339 0 4810112 248 0
426351452 0 4810360 8 0
426515855 0 4812064 248 0
426558505 0 4812312 8 0
426687477 0 4811616 192 0
426744481 0 4810368 176 0
427597792 0 4810544 152 0
427652762 0 4810696 144 0
427720754 0 4810840 192 0
427863936 0 370520 240 0
428145735 0 4679160 112 0
429787151 0 4812320 136 0
429841240 0 4811032 160 0
430521728 0 4680704 16 0
431103045 0 369600 176 0
431405077 0 369776 192 0
431510521 0 4811192 152 0
431573791 0 4677840 248 0
431626491 0 4678088 8 0
431725420 0 4678096 48 0
431910425 0 366648 248 0
431952008 0 366896 8 0
505193962 0 366488 160 0
513980028 0 344064 32 0
516471566 0 354944 248 0
516506892 0 355192 8 0
523624544 0 353504 248 0
523658375 0 353752 8 0
534738030 0 352336 248 0
534771036 0 352584 8 0
544257382 0 352592 248 0
544291834 0 352840 8 0
544339017 0 352848 248 0
544364768 0 353096 8 0
544461585 0 4269400 8 0
548391877 0 4198664 8 0
548400430 0 4198672 8 0
548404878 0 4198680 8 0
548409824 0 4198688 8 0
548413950 0 4198696 8 0
548418435 0 4198704 8 0
548422353 0 4198712 8 0
548426336 0 4198720 8 0
548430268 0 4198728 8 0
548434337 0 4198736 8 0
548438158 0 4198744 8 0
548441885 0 4198752 8 0
548445821 0 4198760 8 0
548449805 0 4198768 8 0
548456015 0 4198776 8 0
548459963 0 4198784 8 0
548463758 0 4198792 8 0
548469451 0 4198800 8 0
548473982 0 4198808 8 0
548478568 0 4198816 8 0
548482731 0 4198824 8 0
548717751 0 4198832 8 0
548727280 0 4198840 8 0
548732101 0 4198856 8 0
548736914 0 4198864 8 0
548741837 0 4198872 8 0
548745837 0 4198880 8 0
548749783 0 4198888 8 0
548753792 0 4198896 8 0
548757782 0 4198904 8 0
548762305 0 4198912 8 0
548765324 0 4198848 8 0
548775654 0 4269248 8 0
553545755 0 4269256 8 0
560386971 0 4953904 248 0
560422571 0 4954152 8 0
568342310 0 4955048 248 0
568346500 0 4955296 8 0
572730687 0 4956208 248 0
572763509 0 4956456 8 0
580335772 0 4955656 248 0
580371259 0 4955904 8 0
590584674 0 4268000 8 0
591796589 0 4268008 8 0
593222423 0 4841520 248 0
593257071 0 4841768 8 0
601175315 0 4842960 248 0
601179668 0 4843208 8 0
605902154 0 4845080 248 0
605938146 0 4845328 8 0
613359919 0 4844232 248 0
613394073 0 4844480 8 0
624927305 0 4845408 144 0
625090192 0 4268080 8 0
626452140 0 4268088 8 0
627978279 0 4846592 248 0
628036509 0 4846840 8 0
631529868 0 4847128 248 0
631534016 0 4847376 8 0
634249368 0 4848024 248 0
634282195 0 4848272 8 0
641806011 0 4847728 248 0
641837194 0 4847976 8 0
651952932 0 4848280 64 0
652077842 0 4803368 152 0
652133175 0 4802192 192 0
652186850 0 4801784 216 0
652244995 0 4802056 136 0
652742010 0 353304 200 0
652807543 0 354192 248 0
652847899 0 354440 8 0
652876577 0 4802640 72 0
652956879 0 4802968 136 0
653113040 0 4847984 40 0
653208155 0 4847520 208 0
658536700 0 4844488 248 0
658578185 0 4844736 8 0
658606657 0 4843216 248 0
658644334 0 4843464 8 0
658713099 0 4843888 248 0
658714371 0 4844136 8 0
666715242 0 4845336 72 0
666753285 0 4844776 248 0
667107952 0 4845024 8 0
667413639 0 354480 248 0
667459181 0 354728 8 0
667770436 0 345368 248 0
667811763 0 345616 8 0
686962804 0 363248 248 0
687006189 0 363496 8 0
698934797 0 369968 224 0
699593359 0 353912 248 0
699642305 0 354160 8 0
699823581 0 370384 136 0
699872623 0 353104 128 0
699904459 0 354168 24 0
700625488 0 366112 248 0
700662977 0 366360 8 0
749922571 0 365752 248 0
749960814 0 366000 8 0
755987700 0 353760 152 0
756055577 0 346424 248 0
756113276 0 346672 8 0
756380289 0 360632 248 0
756415112 0 360880 8 0
757023643 0 361776 248 0
757068117 0 362024 8 0
764827683 0 370192 168 0
764887440 0 361440 248 0
764951024 0 361688 8 0
770049771 0 360480 152 0
770595274 0 370360 24 0
770629668 0 363576 248 0
770671119 0 363824 8 0
771107494 0 4807160 248 0
771150799 0 4807408 8 0
771271510 0 4807928 248 0
771310526 0 4808176 8 0
781816351 0 4812712 200 0
781916019 0 362768 248 0
781957267 0 363016 8 0
781995871 0 364336 248 0
782046701 0 364584 8 0
782444736 0 4808184 248 0
782487645 0 4808432 8 0
782599243 0 361696 80 0
782971104 0 362032 128 0
783181711 0 367704 248 0
783239790 0 367952 8 0
783343241 0 4811344 16 0
783673813 0 363504 72 0
784638235 0 360984 248 0
784694409 0 361232 8 0
784734419 0 363096 152 0
785440171 0 366368 120 0
786276484 0 346856 248 0
786365198 0 347104 8 0
788413035 0 4803520 80 0
790729274 0 353232 72 0
790970666 0 4844144 88 0
791025572 0 4844744 32 0
791154699 0 4803104 8 0
791247938 0 347168 248 0
791374886 0 347416 8 0
792549225 0 4802000 56 0
792631175 0 354448 32 0
792727485 0 345792 248 0
792772125 0 346040 8 0
793957554 0 344824 248 0
794024374 0 345072 8 0
804203411 0 367240 248 0
804271849 0 367488 8 0
804776421 0 366920 248 0
804826770 0 367168 8 0
804934208 0 366904 16 0
805686172 0 4809048 248 0
805729023 0 4809296 8 0
807090052 0 4955912 216 0
807302426 0 4841776 136 0
808208783 0 344656 168 0
814951588 0 354736 160 0
815009727 0 348776 248 0
815045197 0 349024 8 0
822528138 0 367568 136 0
822607734 0 346680 176 0
822956089 0 350168 248 0
822963967 0 350416 8 0
826885027 0 354896 48 0
826926067 0 351240 248 0
826966123 0 351488 8 0
835368990 0 364096 240 0
841389330 0 4843552 248 0
841434329 0 4843800 8 0
841754107 0 344432 224 0
847068359 0 344096 248 0
847142239 0 344344 8 0
848679239 0 348456 248 0
848680096 0 348704 8 0
850190219 0 348712 64 0
853190474 0 4842536 248 0
853239970 0 4842784 8 0
855691925 0 344352 80 0
855734946 0 345080 176 0
856371688 0 345624 136 0
856764217 0 347112 56 0
856960252 0 346048 208 0
857140009 0 345256 112 0
858079417 0 346288 136 0
859160396 0 347880 248 0
859204517 0 348128 8 0
860173404 0 350424 208 0
862254992 0 347448 248 0
862298117 0 347696 8 0
862408422 0 362320 248 0
862461010 0 362568 8 0
862817922 0 349256 248 0
862868834 0 349504 8 0
864115529 0 367496 72 0
864397405 0 349736 248 0
864460396 0 349984 8 0
864593075 0 349512 192 0
864825848 0 348136 184 0
865252213 0 350904 248 0
865286113 0 351152 8 0
865592242 0 351496 128 0
869422471 0 347704 176 0
869802811 0 348320 136 0
871392085 0 363024 72 0
871628469 0 4809304 144 0
871683096 0 4809448 232 0
876926711 0 367960 248 0
876971847 0 368208 8 0
880388391 0 349072 184 0
880486030 0 349704 32 0
880843616 0 350632 248 0
880879328 0 350880 8 0
885929485 0 365608 144 0
886017589 0 365200 248 0
886056335 0 365448 8 0
887891218 0 4843472 80 0
888471816 0 4843808 80 0
891579197 0 4955304 144 0
891760360 0 4955448 208 0
896552674 0 4956464 16 0
896913583 0 4266352 8 0
898460027 0 4847384 136 0
900633537 0 4266160 8 0
923972811 0 4267504 8 0
935081475 0 4267512 8 0
936684318 0 4829952 32 0
939319818 0 4829984 32 0
942477498 0 4801280 248 0
948285620 0 346256 32 0
949698300 0 345760 32 0
968631450 0 347424 24 0
971430167 0 4801088 192 0
993020025 0 350888 16 0
995153263 0 349992 176 0
995401518 0 351624 136 0
995601813 0 351992 248 0
995646761 0 352240 8 0
996172555 0 351760 232 0
997056340 0 4808536 248 0
997110626 0 4808784 8 0
1000883452 0 4471576 32 0
1000929860 0 4471616 136 0
1000973267 0 4471608 8 0
1001033660 0 4683264 176 0
1001095891 0 4683512 224 0
1051010937 0 3932160 8 1
1051045189 0 3932168 8 1
1051093496 0 3932176 8 1
1051097844 0 3932184 8 1
1051101996 0 3932192 8 1
1051105463 0 3932200 8 1
1051108801 0 3932208 8 1
1051112024 0 3932216 8 1
1051115319 0 3932224 8 1
1051118959 0 3932232 8 1
1051122295 0 3932240 8 1
1051125539 0 3932248 8 1
1051128584 0 3932256 8 1
1051132046 0 3932264 8 1
1051135410 0 3932272 8 1
1051138431 0 3932280 8 1
1051141495 0 3932288 8 1
1051144714 0 3932296 8 1
1051248788 0 3932304 8 1
1051256138 0 3932312 8 1
1051260528 0 3932320 8 1
1051264276 0 3932328 8 1
1051267365 0 3932336 8 1
1051270811 0 3932344 8 1
1051274491 0 3932352 8 1
1051277551 0 3932360 8 1
1051280676 0 3932368 8 1
1051284128 0 3932376 8 1
1051287443 0 3932384 8 1
1051291052 0 3932392 8 1
1051294672 0 3932400 8 1
1051298788 0 3932408 8 1
1051301924 0 3932416 8 1
1051305289 0 3932424 8 1
1051308426 0 3932432 8 1
1051311550 0 3932440 8 1
1051314935 0 3932448 8 1
1051329522 0 3932456 8 1
1056399992 0 0 8 1
1056406216 0 8 8 1
1056407519 0 2056 8 1
1056408433 0 2184 8 1
1056409208 0 2312 8 1
1056410113 0 2352 8 1
1056411197 0 2384 8 1
1056411911 0 2392 8 1
1056412739 0 2400 8 1
1056413671 0 2712 8 1
1056414661 0 3144 8 1
1056415423 0 5648 8 1
1056417112 0 67848 8 1
1056418706 0 77024 8 1
1056422575 0 4194560 8 1
1056423484 0 4194576 8 1
1056424610 0 4194632 8 1
1056425714 0 4194640 8 1
1056426611 0 4194648 8 1
1056427440 0 4194656 8 1
1056428331 0 4194664 8 1
1056429183 0 4194696 8 1
1056430572 0 4198224 8 1
1056431627 0 4198232 8 1
1056432958 0 4198536 8 1
1056433848 0 4198552 8 1
1056434648 0 4198592 8 1
1056435339 0 4198608 8 1
1056436696 0 4198616 8 1
1056437533 0 4198640 8 1
1056439133 0 4198680 8 1
1056440059 0 4198728 8 1
1056441295 0 4198736 8 1
1056442354 0 4198848 8 1
1062060282 0 3932160 8 1
1062722322 0 3932160 8 1
1063264157 0 0 8 1
