0 0 67848 8 0
42401 0 6408 8 0
246375 0 4194560 8 0
255566 0 4194568 8 0
256732 0 4194576 8 0
257940 0 4194584 8 0
259069 0 4194592 8 0
262418 0 4194600 8 0
263522 0 4194608 8 0
265396 0 4194616 8 0
266592 0 4194624 8 0
267805 0 4194632 8 0
268792 0 4194640 8 0
270270 0 4194648 8 0
271450 0 4194656 8 0
272712 0 4194664 8 0
273890 0 4194672 8 0
275110 0 4194680 8 0
276210 0 4194688 8 0
277938 0 4194704 8 0
279245 0 4194712 8 0
281433 0 4194720 8 0
282500 0 4194728 8 0
283646 0 4194736 8 0
284631 0 4194744 8 0
285796 0 4194752 8 0
287239 0 4194760 8 0
288542 0 4194768 8 0
289510 0 4194776 8 0
290648 0 4194784 8 0
291781 0 4194792 8 0
293169 0 4194800 8 0
294554 0 4194808 8 0
295916 0 4194816 8 0
296286 0 4194696 8 0
11120490 0 68320 8 0
11192892 0 68384 8 0
11257830 0 2576 8 0
11264243 0 2584 8 0
11265719 0 2592 8 0
11266898 0 2600 8 0
11267981 0 2608 8 0
11269082 0 2616 8 0
11270228 0 2624 8 0
11271189 0 2632 8 0
11272142 0 2640 8 0
11273365 0 2648 8 0
11274436 0 2656 8 0
11276476 0 2664 8 0
11277455 0 2672 8 0
11278621 0 2680 8 0
11279586 0 2688 8 0
11280427 0 2696 8 0
11281447 0 2704 8 0
11282357 0 2712 8 0
11283343 0 2720 8 0
11284429 0 2728 8 0
11285507 0 2736 8 0
11286599 0 2744 8 0
11287613 0 2752 8 0
11288301 0 2760 8 0
11398121 0 67912 8 0
11841777 0 2192 8 0
11916034 0 2056 8 0
23422058 0 280056 8 0
25763458 0 280024 8 0
32637002 0 264608 8 0
33932820 0 4260104 8 0
35367894 0 4456448 32 0
38993032 0 4260296 8 0
42210912 0 4260120 8 0
43858482 0 4260280 8 0
45163892 0 4466360 32 0
55047963 0 4458216 144 0
72505206 0 4466392 64 0
72523465 0 4466480 152 0
78526862 0 4456480 224 0
85870931 0 4466456 24 0
85964833 0 264288 16 0
92152217 0 4479040 32 0
95906081 0 4479232 144 0
101639552 0 4470944 32 0
105898312 0 4467312 32 0
105956770 0 4470296 144 0
111662052 0 4467352 248 0
111701635 0 4467600 8 0
111760114 0 4467608 248 0
111803711 0 4467856 8 0
111825730 0 4467344 8 0
111885769 0 4468232 248 0
111918938 0 4468480 8 0
122049403 0 4479072 160 0
128707441 0 4456704 248 0
128751480 0 4456952 8 0
128883813 0 4469832 248 0
128977202 0 4470080 8 0
133440482 0 4469376 248 0
133475241 0 4469624 8 0
133501598 0 4468936 248 0
133534989 0 4469184 8 0
133650603 0 4457720 248 0
133691686 0 4457968 8 0
133744471 0 4468032 200 0
154938133 0 4457176 248 0
154982932 0 4457424 8 0
155019819 0 4457976 232 0
155077785 0 4469680 152 0
155118901 0 4469632 48 0
155156658 0 4457040 136 0
155528526 0 4470088 208 0
155804302 0 4468560 248 0
155846289 0 4468808 8 0
155864619 0 4456960 80 0
155902748 0 4457432 248 0
155943657 0 4457680 8 0
156055031 0 4467872 160 0
156255350 0 68280 8 0
189896620 0 4469192 136 0
189980742 0 265112 8 0
191806695 0 4473984 32 0
222531888 0 4260336 8 0
226825764 0 4194824 8 0
226834212 0 4194832 8 0
226839459 0 4194840 8 0
226844242 0 4194848 8 0
226848763 0 4194856 8 0
226855103 0 4194864 8 0
226859239 0 4194872 8 0
226863140 0 4194880 8 0
226867437 0 4194888 8 0
226871333 0 4194896 8 0
226875318 0 4194904 8 0
226879256 0 4194912 8 0
226884850 0 4194920 8 0
226889433 0 4194928 8 0
226893627 0 4194936 8 0
226897816 0 4194944 8 0
226901789 0 4194952 8 0
226905987 0 4194960 8 0
226927869 0 4194968 8 0
226933379 0 4194976 8 0
226938292 0 4194984 8 0
226942778 0 4194992 8 0
226946848 0 4195000 8 0
226950999 0 4195008 8 0
226954914 0 4195016 8 0
226958909 0 4195032 8 0
226963584 0 4195040 8 0
226967879 0 4195048 8 0
226971489 0 4195056 8 0
226975767 0 4195064 8 0
226979539 0 4195072 8 0
226982887 0 4195024 8 0
226994758 0 4260856 8 0
236495199 0 4260904 8 0
195104611 0 4474016 32 0
197809993 0 4473776 32 0
202309574 0 4473816 136 0
220686881 0 4473808 8 0
220809856 0 4474232 32 0
220858121 0 4474264 56 0
220917299 0 4474096 32 0
220965229 0 4474128 64 0
221417635 0 4467864 8 0
254540435 0 4260864 8 0
256799014 0 4260936 8 0
259285148 0 4198400 8 0
259325329 0 4198408 8 0
259327193 0 4198416 8 0
259328404 0 4198424 8 0
259330037 0 4198432 8 0
259331440 0 4198440 8 0
259332969 0 4198448 8 0
259334447 0 4198456 8 0
259337453 0 4198464 8 0
259338887 0 4198472 8 0
259340428 0 4198480 8 0
259341706 0 4198488 8 0
259342902 0 4198496 8 0
259344028 0 4198504 8 0
259345141 0 4198512 8 0
259346605 0 4198520 8 0
259348850 0 4198528 8 0
259350085 0 4198536 8 0
259351412 0 4198544 8 0
259352833 0 4198560 8 0
259353993 0 4198568 8 0
259355028 0 4198576 8 0
259356843 0 4198584 8 0
259357771 0 4198592 8 0
259358816 0 4198600 8 0
259362930 0 4198608 8 0
259364089 0 4198616 8 0
259365210 0 4198624 8 0
259366616 0 4198632 8 0
259368206 0 4198640 8 0
259370103 0 4198648 8 0
259371107 0 4198656 8 0
259371856 0 4198552 8 0
275494511 0 4260344 8 0
277690530 0 4265216 8 0
286252854 0 67920 8 0
275567283 0 376832 32 0
282571382 0 403360 144 0
293151354 0 401256 248 0
293152048 0 401504 8 0
296050502 0 4491736 32 0
312763435 0 4491832 136 0
333990076 0 4472104 32 0
334055874 0 4473008 136 0
334277310 0 4472136 248 0
334277843 0 4472384 8 0
334362899 0 4491768 64 0
334552799 0 4472512 248 0
334553532 0 4472760 8 0
306942460 0 377008 248 0
306943210 0 377256 8 0
322961601 0 378424 248 0
322962294 0 378672 8 0
333995715 0 4474592 32 0
334070334 0 4474648 208 0
334152879 0 4474624 24 0
334213899 0 4698880 16 0
342695795 0 4479488 32 0
342855682 0 4479536 136 0
342942520 0 4479520 16 0
342972167 0 4475584 32 0
343024803 0 4475616 32 0
343096807 0 4470848 32 0
343160535 0 4470880 40 0
343255916 0 4260368 8 0
348855260 0 4260816 8 0
353220503 0 4593568 32 0
357099813 0 4595368 144 0
362527784 0 4593600 224 0
368382764 0 4594008 248 0
368387193 0 4594256 8 0
368590940 0 4471576 32 0
368754895 0 4471616 136 0
368960046 0 380096 248 0
368964548 0 380344 8 0
380820801 0 377264 248 0
380830744 0 377512 8 0
381021046 0 4471608 8 0
381075523 0 4593824 136 0
381142614 0 4593960 48 0
381213030 0 4594264 248 0
381217798 0 4594512 8 0
381316249 0 377520 248 0
381316665 0 377768 8 0
381503260 0 4594520 248 0
381503877 0 4594768 8 0
381662165 0 378232 192 0
381809625 0 400040 248 0
381814016 0 400288 8 0
419905016 0 400296 248 0
420039218 0 400544 200 0
422890931 0 400744 248 0
422898312 0 400992 8 0
422948574 0 401000 216 0
423077961 0 401216 40 0
423308831 0 378944 248 0
423313252 0 379192 8 0
423413134 0 378040 192 0
423572075 0 377776 240 0
423740069 0 380352 248 0
423745353 0 380600 8 0
423811541 0 378016 24 0
423899382 0 378680 248 0
423902794 0 378928 8 0
423976077 0 379280 248 0
423976590 0 379528 8 0
424609667 0 378936 8 0
424642026 0 379920 176 0
424756319 0 379712 208 0
424886910 0 379200 80 0
425111538 0 379536 128 0
425273363 0 380608 248 0
425280496 0 380856 8 0
425358516 0 379664 48 0
426285200 0 401512 248 0
426293448 0 401760 8 0
426597001 0 4594888 248 0
426604468 0 4595136 8 0
426724146 0 392128 248 0
426731071 0 392376 8 0
479794123 0 382456 248 0
479805120 0 382704 8 0
479973377 0 386208 248 0
479978027 0 386456 8 0
480072093 0 386464 184 0
480152430 0 382120 248 0
480156129 0 382368 8 0
480264042 0 392384 144 0
480334272 0 401768 248 0
480338065 0 402016 8 0
480361737 0 393048 248 0
480362035 0 393296 8 0
480877033 0 380864 248 0
480880639 0 381112 8 0
480905668 0 383696 248 0
480905998 0 383944 8 0
481054576 0 383952 248 0
481058387 0 384200 8 0
481074903 0 392528 128 0
481273654 0 393496 248 0
481277709 0 393744 8 0
481398264 0 392656 248 0
481404570 0 392904 8 0
481430729 0 393304 184 0
481580463 0 391496 248 0
481587005 0 391744 8 0
481660351 0 402232 248 0
481663847 0 402480 8 0
481788111 0 391272 224 0
481875634 0 385816 248 0
481879609 0 386064 8 0
484110861 0 381872 248 0
484258176 0 388064 248 0
484264745 0 388312 8 0
484367911 0 388320 248 0
484371770 0 388568 8 0
484405827 0 4595144 136 0
484552863 0 4594776 112 0
484695081 0 393752 176 0
485007312 0 68640 8 0
493162538 0 264560 8 0
509387218 0 68672 8 0
511175476 0 68272 8 0
512517063 0 403040 248 0
512527116 0 403288 8 0
513117595 0 390624 248 0
513126143 0 390872 8 0
513209145 0 386648 128 0
513331573 0 383360 248 0
513339556 0 383608 8 0
513450383 0 265024 8 0
515000156 0 383216 144 0
515071473 0 4468488 72 0
515131637 0 382376 80 0
515279106 0 389920 248 0
515286802 0 390168 8 0
515381881 0 383616 80 0
515474859 0 382840 248 0
515481910 0 383088 8 0
515564216 0 4260944 8 0
517009449 0 4267248 8 0
518292604 0 4198672 8 0
518298903 0 4198680 8 0
518303099 0 4198688 8 0
518305310 0 4198696 8 0
518305766 0 4198664 8 0
518336067 0 4267304 8 0
519577478 0 4940032 32 0
522540362 0 4940064 64 0
522554430 0 4940128 24 0
525022647 0 397784 248 0
525028693 0 398032 8 0
533569427 0 393928 248 0
533615728 0 394176 8 0
533663183 0 381232 248 0
533704426 0 381480 8 0
533838353 0 381488 160 0
533926201 0 402024 176 0
533994266 0 402888 152 0
534087950 0 402200 32 0
534269055 0 4267264 8 0
538289716 0 4939048 40 0
542767977 0 396712 248 0
542803186 0 396960 8 0
559256676 0 4698912 32 0
561006299 0 4493568 24 0
561209768 0 4499848 32 0
564920071 0 4502784 144 0
570379466 0 4499920 248 0
570443698 0 4500168 8 0
575983525 0 4499880 40 0
576324658 0 4500176 248 0
576756353 0 4500424 8 0
576900164 0 4500432 248 0
576900662 0 4500680 8 0
578844272 0 4500688 248 0
579546865 0 4500936 8 0
579572961 0 4501304 248 0
579573370 0 4501552 8 0
584985303 0 4502496 248 0
584993833 0 4502744 8 0
587082282 0 4500944 208 0
587163169 0 4502168 248 0
587168165 0 4502416 8 0
594310142 0 4502424 72 0
594366499 0 4501560 240 0
594418578 0 4501152 152 0
557449519 0 4260096 8 0
552447192 0 382712 128 0
553086427 0 386072 136 0
553159287 0 381120 112 0
553767899 0 385568 248 0
553831814 0 383096 120 0
553929645 0 390304 248 0
553972607 0 390552 8 0
554003801 0 390920 248 0
554044348 0 391168 8 0
554472611 0 386776 248 0
554512303 0 387024 8 0
554569249 0 393488 8 0
554622778 0 384952 248 0
554660105 0 385200 8 0
556225004 0 390176 128 0
556484201 0 391752 248 0
556530620 0 392000 128 0
556595001 0 389312 248 0
556629277 0 389560 8 0
594905587 0 4260896 8 0
634846324 0 4501800 168 0
634980158 0 4698944 40 0
635339095 0 68648 8 0
636832311 0 4260912 8 0
638598860 0 4260688 8 0
640112299 0 4196608 8 0
640158081 0 4196616 8 0
640160571 0 4196624 8 0
640162333 0 4196632 8 0
640164081 0 4196640 8 0
640165716 0 4196648 8 0
640167605 0 4196656 8 0
640171394 0 4196664 8 0
640172803 0 4196672 8 0
640174046 0 4196680 8 0
640175523 0 4196688 8 0
640177844 0 4196696 8 0
640179123 0 4196704 8 0
640180306 0 4196712 8 0
640181581 0 4196720 8 0
640182782 0 4196728 8 0
640184089 0 4196736 8 0
640185087 0 4196744 8 0
640186206 0 4196752 8 0
640187318 0 4196760 8 0
640188329 0 4196768 8 0
640189171 0 4196776 8 0
640190555 0 4196784 8 0
640191989 0 4196800 8 0
640193045 0 4196808 8 0
640194767 0 4196816 8 0
640195688 0 4196824 8 0
640196948 0 4196832 8 0
640197856 0 4196840 8 0
640198783 0 4196848 8 0
640199650 0 4196856 8 0
640201189 0 4196864 8 0
640201856 0 4196792 8 0
655208185 0 4264464 8 0
657469402 0 4260504 8 0
658776207 0 4260512 8 0
660423107 0 4196096 8 0
660431413 0 4196104 8 0
660436243 0 4196112 8 0
660439985 0 4196120 8 0
660444315 0 4196128 8 0
660448141 0 4196136 8 0
660454524 0 4196144 8 0
660458567 0 4196152 8 0
660462552 0 4196160 8 0
660466453 0 4196168 8 0
660470696 0 4196176 8 0
660477535 0 4196184 8 0
660484759 0 4196192 8 0
660489513 0 4196200 8 0
660494020 0 4196208 8 0
660498242 0 4196216 8 0
660502212 0 4196224 8 0
660506539 0 4196232 8 0
660510565 0 4196240 8 0
660514302 0 4196248 8 0
660519184 0 4196256 8 0
660522932 0 4196264 8 0
660556863 0 4196272 8 0
660558866 0 4196280 8 0
660560246 0 4196288 8 0
660567866 0 4196304 8 0
660568882 0 4196312 8 0
660571734 0 4196320 8 0
660572909 0 4196328 8 0
660573869 0 4196336 8 0
660575578 0 4196344 8 0
660576528 0 4196352 8 0
660577048 0 4196296 8 0
664903088 0 4263736 8 0
666323390 0 4263744 8 0
667882805 0 4550976 8 0
669724760 0 4502000 168 0
669911914 0 4559968 32 0
674883074 0 4506384 8 0
675204332 0 4550664 8 0
677281215 0 4550864 8 0
680061057 0 4501968 32 0
680093565 0 4260576 8 0
681650395 0 4260592 8 0
683675402 0 4506656 32 0
683721364 0 4506688 8 0
684156303 0 4260520 8 0
684243510 0 4198144 8 0
684252976 0 4198152 8 0
684257377 0 4198160 8 0
684261482 0 4198168 8 0
684265254 0 4198176 8 0
684269114 0 4198184 8 0
684272850 0 4198192 8 0
684276651 0 4198200 8 0
684280171 0 4198208 8 0
684283753 0 4198216 8 0
684287544 0 4198224 8 0
684291047 0 4198232 8 0
684294820 0 4198240 8 0
684298793 0 4198256 8 0
684302433 0 4198264 8 0
684308691 0 4198272 8 0
684312638 0 4198280 8 0
684316155 0 4198288 8 0
684319627 0 4198296 8 0
684323202 0 4198304 8 0
684326673 0 4198312 8 0
684354695 0 4198320 8 0
684355937 0 4198328 8 0
684356883 0 4198336 8 0
684357808 0 4198344 8 0
684359801 0 4198352 8 0
684363209 0 4198360 8 0
684364167 0 4198368 8 0
684365157 0 4198376 8 0
684366152 0 4198384 8 0
684367212 0 4198392 8 0
684368582 0 4198248 8 0
687662929 0 4266496 8 0
689046641 0 4676544 24 0
693087822 0 4676608 32 0
694225408 0 4506416 8 0
694337430 0 4559952 8 0
695813712 0 4264456 8 0
697183074 0 4559960 8 0
698967126 0 4260528 8 0
699013625 0 4506400 16 0
700221945 0 4506192 8 0
701784346 0 4676640 8 0
702390808 0 4260568 8 0
702434216 0 4506568 8 0
702814182 0 4260560 8 0
702858643 0 4506552 8 0
703151853 0 4260640 8 0
703165958 0 4260648 8 0
703200378 0 4506808 32 0
703235924 0 4506840 24 0
703435450 0 4550960 16 0
707250986 0 4263768 8 0
707296107 0 4550696 32 0
711290882 0 4550912 16 0
715912504 0 4550728 48 0
721211459 0 4263760 8 0
721259732 0 4550672 16 0
726182193 0 4197888 8 0
726194092 0 4197904 8 0
726199244 0 4197912 8 0
726203843 0 4197920 8 0
726208295 0 4197928 8 0
726212371 0 4197936 8 0
726216535 0 4197944 8 0
726222119 0 4197952 8 0
726226159 0 4197960 8 0
726230200 0 4197968 8 0
726234187 0 4197976 8 0
726238173 0 4197984 8 0
726242194 0 4197992 8 0
726246142 0 4198000 8 0
726250449 0 4198008 8 0
726254433 0 4198016 8 0
726258293 0 4198024 8 0
726262757 0 4198032 8 0
726266575 0 4198040 8 0
726272371 0 4198048 8 0
726276540 0 4198056 8 0
726281185 0 4198064 8 0
726285750 0 4198072 8 0
726292229 0 4198080 8 0
726296318 0 4198088 8 0
726300182 0 4198096 8 0
726304134 0 4198104 8 0
726307951 0 4198112 8 0
726311710 0 4198120 8 0
726315803 0 4198128 8 0
726319703 0 4198136 8 0
726323518 0 4197896 8 0
726332807 0 4265424 8 0
728067888 0 4575040 8 0
729340338 0 4550640 24 0
736346299 0 4265888 8 0
737605005 0 4265896 8 0
739065416 0 4663720 24 0
742936710 0 4197632 8 0
742945347 0 4197640 8 0
742949841 0 4197648 8 0
742953854 0 4197656 8 0
742957766 0 4197664 8 0
742961796 0 4197672 8 0
742966551 0 4197680 8 0
742970916 0 4197688 8 0
742974744 0 4197696 8 0
742978774 0 4197704 8 0
742982864 0 4197712 8 0
742986682 0 4197720 8 0
742990424 0 4197728 8 0
742996119 0 4197736 8 0
743000262 0 4197744 8 0
743004214 0 4197752 8 0
743007900 0 4197760 8 0
743011767 0 4197768 8 0
743015491 0 4197776 8 0
743019443 0 4197784 8 0
743023951 0 4197792 8 0
743027932 0 4197800 8 0
743031730 0 4197808 8 0
743035450 0 4197816 8 0
743039644 0 4197824 8 0
743043392 0 4197832 8 0
743047482 0 4197840 8 0
743053020 0 4197848 8 0
743057676 0 4197864 8 0
743061964 0 4197872 8 0
743065916 0 4197880 8 0
743069725 0 4197856 8 0
743080262 0 4265256 8 0
744788020 0 4573200 32 0
749332351 0 4573232 48 0
751300545 0 4550872 8 0
751920321 0 4265544 8 0
755700664 0 4265552 8 0
760915975 0 4576264 32 0
764175708 0 4576296 40 0
771180273 0 4194440 8 0
772710955 0 4943248 8 0
775313856 0 4724896 32 0
780920758 0 4731040 144 0
786138016 0 4729416 248 0
786148243 0 4729664 8 0
774375569 0 4459264 32 0
774538485 0 4459336 144 0
774707003 0 4459296 40 0
796324683 0 4724928 224 0
803044319 0 4725152 248 0
803054429 0 4725400 8 0
804012820 0 4729912 248 0
804022677 0 4730160 8 0
806203307 0 4927568 32 0
812034526 0 4933712 144 0
829101910 0 4932088 248 0
829143009 0 4932336 8 0
839545851 0 4927600 224 0
851337937 0 280264 8 0
861917590 0 390560 64 0
864073825 0 387248 248 0
864074794 0 387496 8 0
866809780 0 387112 136 0
866970647 0 387504 232 0
867045850 0 387808 248 0
867049455 0 388056 8 0
867251358 0 389088 224 0
867323926 0 387032 80 0
867391800 0 389568 248 0
867649716 0 4260328 8 0
875892170 0 388760 248 0
875901479 0 389008 8 0
845758356 0 4927824 248 0
845794277 0 4928072 8 0
846832431 0 264568 8 0
854428198 0 4943872 32 0
861860386 0 4943904 64 0
861969229 0 4943968 88 0
941800578 0 389016 72 0
1386772635 0 388576 144 0
1425597854 0 389816 104 0
1425674022 0 387736 72 0
1489959712 0 391176 96 0
1490570003 0 385208 160 0
1490706160 0 384208 176 0
1490866620 0 392912 136 0
1490984446 0 384384 144 0
1491156457 0 381696 176 0
1491297541 0 384528 248 0
1491303870 0 384776 8 0
1491572560 0 384784 168 0
1495112591 0 381648 48 0
1542135158 0 385368 200 0
1600178170 0 4943640 8 0
1770139644 0 398152 248 0
1770211544 0 398400 8 0
1770231078 0 398040 112 0
1770303982 0 398704 248 0
1770369100 0 398952 8 0
1770432833 0 399296 248 0
1770437414 0 399544 8 0
1770512233 0 399552 160 0
3301678265 0 4470960 16 0
3308349190 0 4474032 16 0
3308409872 0 4473816 80 0
3308438062 0 4473904 48 0
3308560059 0 4474256 8 0
3308569963 0 4474288 8 0
3308576267 0 4474304 8 0
3285929334 0 4941264 32 0
3286025582 0 4466576 8 0
3286026933 0 4466600 32 0
3290435061 0 4941296 64 0
3290540814 0 4941360 128 0
3290640628 0 4470296 144 0
3293865590 0 4941488 248 0
3293866638 0 4941736 8 0
3334669360 0 399712 248 0
3334674975 0 399960 8 0
3393814144 0 4941744 248 0
3393851714 0 4941992 8 0
3403745812 0 4942000 248 0
3403756816 0 4942248 8 0
3412525157 0 4942256 248 0
3412543599 0 4942504 8 0
3420585083 0 4942512 216 0
5208998016 0 4458360 32 0
5209567397 0 4458392 72 0
5210521409 0 4458752 32 0
5210627322 0 4458784 96 0
5211376260 0 4467568 16 0
5211387144 0 4467592 16 0
5211392485 0 4467616 16 0
5211398081 0 4467664 24 0
5211404443 0 4467696 8 0
5211407813 0 4467768 24 0
5208623767 0 4457432 16 0
5208639287 0 4457464 8 0
5208644239 0 4457488 16 0
5208651780 0 4457512 48 0
5208662414 0 4457576 8 0
5208666311 0 4457616 40 0
5208846307 0 4456904 8 0
5208855763 0 4457032 8 0
5216506581 0 4472392 120 0
5206999923 0 68312 8 0
5196216466 0 3932160 8 1
5196260335 0 3932168 8 1
5196336026 0 3932176 8 1
5196346669 0 3932184 8 1
5196353541 0 3932192 8 1
5196360529 0 3932200 8 1
5196364862 0 3932208 8 1
5196368984 0 3932216 8 1
5196372694 0 3932224 8 1
5196376713 0 3932232 8 1
5196379689 0 3932240 8 1
5196382727 0 3932248 8 1
5196386060 0 3932256 8 1
5196389130 0 3932264 8 1
5196393617 0 3932272 8 1
5196399893 0 3932280 8 1
5196405731 0 3932288 8 1
5196411219 0 3932296 8 1
5196416692 0 3932304 8 1
5196422548 0 3932312 8 1
5196427951 0 3932320 8 1
5196433740 0 3932328 8 1
5196440069 0 3932336 8 1
5196445363 0 3932344 8 1
5196449471 0 3932352 8 1
5196452936 0 3932360 8 1
5196456415 0 3932368 8 1
5196459723 0 3932376 8 1
5196463001 0 3932384 8 1
5196466388 0 3932392 8 1
5196469389 0 3932400 8 1
5196473206 0 3932408 8 1
5196477915 0 3932416 8 1
5196485207 0 3932424 8 1
5196490470 0 3932432 8 1
5196495867 0 3932440 8 1
5196501360 0 3932448 8 1
5196507100 0 3932456 8 1
5196512763 0 3932464 8 1
5196518754 0 3932472 8 1
5196524683 0 3932480 8 1
5196529836 0 3932488 8 1
5196533508 0 3932496 8 1
5196536995 0 3932504 8 1
5196540549 0 3932512 8 1
5196543699 0 3932520 8 1
5196546590 0 3932528 8 1
5196549790 0 3932536 8 1
5196552684 0 3932544 8 1
5196556519 0 3932552 8 1
5196560216 0 3932560 8 1
5196566197 0 3932568 8 1
5196572944 0 3932576 8 1
5196578622 0 3932584 8 1
5196583694 0 3932592 8 1
5196589315 0 3932600 8 1
5196594598 0 3932608 8 1
5196600721 0 3932616 8 1
5196623720 0 3932624 8 1
5216674135 0 4468472 16 0
5216686044 0 4468584 64 0
5216686595 0 4468704 8 0
5477055174 0 4469416 32 0
5477065529 0 4469488 8 0
5477067097 0 4469536 32 0
5477070191 0 4469592 24 0
5477071108 0 4469648 8 0
5477139045 0 4468712 48 0
5477158522 0 4468768 152 0
5477383276 0 4469240 176 0
5477571071 0 4469080 16 0
5477581837 0 4469104 64 0
5477582716 0 4469176 16 0
5477775881 0 68280 8 0
5477862051 0 2576 8 0
5477873948 0 2584 8 0
5477876298 0 2592 8 0
5477877709 0 2600 8 0
5477879095 0 2608 8 0
5477880509 0 2616 8 0
5477883603 0 2624 8 0
5477885930 0 2632 8 0
5477887488 0 2640 8 0
5477889016 0 2648 8 0
5477890201 0 2656 8 0
5477891369 0 2664 8 0
5477892775 0 2672 8 0
5477894138 0 2680 8 0
5477895282 0 2688 8 0
5477896491 0 2696 8 0
5477898010 0 2704 8 0
5477900628 0 2728 8 0
5477902510 0 2752 8 0
5477903621 0 2744 8 0
5477936668 0 68680 8 0
5480628626 0 2184 8 0
5489840692 0 4468920 48 0
5489852625 0 4468984 24 0
5489853564 0 4469024 16 0
5547177482 0 4194320 8 0
5548776157 0 4944920 8 1
5548807627 0 4945272 8 1
5548822445 0 2064 8 0
5548840979 0 264576 8 1
5548927196 0 3932632 8 1
5548928801 0 3932640 8 1
5548929271 0 3932648 8 1
5548929712 0 3932656 8 1
5548930047 0 3932664 8 1
5548930460 0 3932672 8 1
5548930899 0 3932680 8 1
5548931340 0 3932688 8 1
5548931683 0 3932696 8 1
5548931997 0 3932704 8 1
5548932321 0 3932712 8 1
5548932763 0 3932720 8 1
5548933109 0 3932728 8 1
5548933433 0 3932736 8 1
5548999996 0 3932744 8 1
5549323494 0 2056 8 1
5549324516 0 2192 8 1
5549325212 0 2312 8 1
5549325851 0 2352 8 1
5549326496 0 2360 8 1
5549327139 0 2384 8 1
5549327785 0 2392 8 1
5549328570 0 2400 8 1
5549329298 0 2448 8 1
5549329949 0 2712 8 1
5549330665 0 2736 8 1
5549332220 0 6408 8 1
5549335342 0 67848 8 1
5549336749 0 4194576 8 1
5549337855 0 4194632 8 1
5549338620 0 4194640 8 1
5549339381 0 4194648 8 1
5549340125 0 4194656 8 1
5549341947 0 4194664 8 1
5549342789 0 4194672 8 1
5549344287 0 4194704 8 1
5549345073 0 4194752 8 1
5549345939 0 4194768 8 1
5549347141 0 4194832 8 1
5549350149 0 4194840 8 1
5549350937 0 4194848 8 1
5549351702 0 4194856 8 1
5549352517 0 4194864 8 1
5549353540 0 4195024 8 1
5549354580 0 4196296 8 1
5549355577 0 4196304 8 1
5549356764 0 4196312 8 1
5549357776 0 4196792 8 1
5549358602 0 4197856 8 1
5549359500 0 4197896 8 1
5549360260 0 4197920 8 1
5549360975 0 4198040 8 1
5549362001 0 4198248 8 1
5549364263 0 4198504 8 1
5549365034 0 4198512 8 1
5549365821 0 4198528 8 1
5549366468 0 4198552 8 1
5549367303 0 4198648 8 1
5549368338 0 4198664 8 1
5549369014 0 4198672 8 1
5549369751 0 4198680 8 1
5549371170 0 4260336 8 1
5569395901 0 0 8 1
5569402169 0 8 8 1
5569403180 0 2064 8 1
5569403870 0 2184 8 1
5569404602 0 2744 8 1
5569405232 0 2760 8 1
5569405992 0 68680 8 1
5569406655 0 4194320 8 1
5569407418 0 4194440 8 1
5569408049 0 4194560 8 1
5569408827 0 4194696 8 1
5569409735 0 4198696 8 1
5569410916 0 4260328 8 1
5573283918 0 3932160 8 1
5573931154 0 3932160 8 1
5574506926 0 3932160 8 1
5575186804 0 0 8 1
