0 0 67848 8 0
70636 0 6408 8 0
316011 0 4194816 8 0
324639 0 4194824 8 0
325833 0 4194832 8 0
326936 0 4194840 8 0
327937 0 4194848 8 0
329492 0 4194856 8 0
331043 0 4194864 8 0
332218 0 4194872 8 0
333411 0 4194880 8 0
334494 0 4194888 8 0
335817 0 4194896 8 0
337467 0 4194912 8 0
338656 0 4194920 8 0
339818 0 4194928 8 0
341556 0 4194936 8 0
342696 0 4194944 8 0
343772 0 4194952 8 0
344759 0 4194960 8 0
345621 0 4194968 8 0
346641 0 4194976 8 0
347728 0 4194984 8 0
348729 0 4194992 8 0
349668 0 4195000 8 0
350863 0 4195008 8 0
351993 0 4195016 8 0
353161 0 4195024 8 0
354209 0 4195032 8 0
356648 0 4195040 8 0
358446 0 4195048 8 0
359301 0 4195056 8 0
360158 0 4195064 8 0
361013 0 4195072 8 0
361370 0 4194904 8 0
411746 0 4260512 8 0
461176 0 4260528 8 0
494926 0 4195080 8 0
501387 0 4195088 8 0
502474 0 4195096 8 0
503431 0 4195104 8 0
504511 0 4195112 8 0
505745 0 4195120 8 0
506763 0 4195128 8 0
508541 0 4195136 8 0
509748 0 4195144 8 0
510963 0 4195152 8 0
512360 0 4195160 8 0
513533 0 4195168 8 0
514603 0 4195176 8 0
515730 0 4195184 8 0
516859 0 4195192 8 0
518243 0 4195208 8 0
519348 0 4195216 8 0
519744 0 4195200 8 0
600882 0 67912 8 0
723241 0 6144 8 0
731695 0 6152 8 0
733924 0 6160 8 0
734997 0 6168 8 0
735962 0 6176 8 0
736983 0 6184 8 0
738233 0 6192 8 0
739260 0 6200 8 0
740372 0 6208 8 0
740929 0 6216 8 0
8306627 0 4194432 8 0
11871713 0 4194568 8 0
11880719 0 4194576 8 0
11881871 0 4194584 8 0
11883044 0 4194592 8 0
11884221 0 4194600 8 0
11885163 0 4194608 8 0
11886278 0 4194616 8 0
11887492 0 4194624 8 0
11888813 0 4194632 8 0
11889817 0 4194640 8 0
11890913 0 4194648 8 0
11891990 0 4194656 8 0
11894171 0 4194664 8 0
11895043 0 4194672 8 0
11895962 0 4194680 8 0
11897032 0 4194688 8 0
11898248 0 4194696 8 0
11899207 0 4194704 8 0
11900330 0 4194712 8 0
11901268 0 4194720 8 0
11902393 0 4194728 8 0
11903268 0 4194736 8 0
11904201 0 4194744 8 0
11905218 0 4194752 8 0
11906636 0 4194760 8 0
11907885 0 4194768 8 0
11912556 0 4194776 8 0
11913850 0 4194784 8 0
11915098 0 4194792 8 0
11916135 0 4194800 8 0
11917300 0 4194808 8 0
11918180 0 4194560 8 0
19590630 0 4194304 8 0
35489032 0 513152 8 0
37654311 0 512992 8 0
39129534 0 68520 8 0
40495247 0 2816 8 0
40502546 0 2824 8 0
40504084 0 2832 8 0
40505491 0 2840 8 0
40506943 0 2848 8 0
40508594 0 2856 8 0
40510458 0 2864 8 0
40511672 0 2872 8 0
40514391 0 2888 8 0
40515740 0 2896 8 0
40520222 0 2904 8 0
40521574 0 2912 8 0
40523084 0 2920 8 0
40524194 0 2928 8 0
40525348 0 2936 8 0
40526432 0 2944 8 0
40527564 0 2952 8 0
40528631 0 2960 8 0
40529724 0 2968 8 0
40531214 0 2976 8 0
40532696 0 2984 8 0
40534003 0 2992 8 0
40536266 0 3000 8 0
40537551 0 3008 8 0
40538797 0 3016 8 0
40540080 0 3024 8 0
40541369 0 3032 8 0
40542515 0 3040 8 0
40543541 0 3048 8 0
40544694 0 3056 8 0
40545850 0 3064 8 0
40547121 0 3072 8 0
40547561 0 2880 8 0
40581783 0 69136 8 0
42533347 0 69184 8 0
44287653 0 69144 8 0
45615848 0 69216 8 0
46857068 0 5888 8 0
46863952 0 5896 8 0
46865297 0 5904 8 0
46866965 0 5912 8 0
46871268 0 5920 8 0
46872467 0 5928 8 0
46873376 0 5936 8 0
46874439 0 5944 8 0
46875374 0 5952 8 0
46876280 0 5960 8 0
46877280 0 5968 8 0
46895470 0 5976 8 0
46897323 0 5984 8 0
46899116 0 5992 8 0
46900177 0 6000 8 0
46901321 0 6008 8 0
46902509 0 6016 8 0
46903975 0 6024 8 0
46905099 0 6032 8 0
46915821 0 6040 8 0
46916861 0 6048 8 0
46918124 0 6056 8 0
46919704 0 6072 8 0
46920904 0 6080 8 0
46921892 0 6088 8 0
46922824 0 6096 8 0
46924096 0 6104 8 0
46925939 0 6112 8 0
46927101 0 6120 8 0
46928032 0 6128 8 0
46929029 0 6136 8 0
46929988 0 6064 8 0
52548654 0 520280 32 0
55804879 0 68424 8 0
57936673 0 4260120 8 0
62458486 0 4260496 8 0
63997229 0 4513344 32 0
67794209 0 521984 136 0
74563239 0 4513480 144 0
79617057 0 4513376 104 0
80188097 0 521784 200 0
93482246 0 513056 16 0
99639185 0 4593632 32 0
103317940 0 4593696 208 0
111370112 0 4593664 32 0
111683220 0 4518576 32 0
130623957 0 4518608 40 0
133074254 0 4592608 32 0
137552865 0 4593352 136 0
143045313 0 2576 8 0
143055654 0 2584 8 0
143061115 0 2592 8 0
143065628 0 2600 8 0
143069535 0 2608 8 0
143073523 0 2616 8 0
143077613 0 2624 8 0
143081554 0 2632 8 0
143085758 0 2648 8 0
143144049 0 2656 8 0
143149365 0 2664 8 0
143153319 0 2672 8 0
143157380 0 2680 8 0
143161346 0 2688 8 0
143165121 0 2696 8 0
143172623 0 2704 8 0
143176750 0 2712 8 0
143180537 0 2720 8 0
143184415 0 2728 8 0
143188388 0 2736 8 0
143192177 0 2744 8 0
143195977 0 2752 8 0
143199857 0 2760 8 0
143203615 0 2768 8 0
143207499 0 2776 8 0
143211212 0 2784 8 0
143214925 0 2792 8 0
143218547 0 2800 8 0
143222236 0 2808 8 0
143225971 0 2640 8 0
143236565 0 68552 8 0
144526047 0 68832 8 0
145855568 0 518944 32 0
148561054 0 519576 136 0
153061082 0 518976 224 0
160231086 0 514912 32 0
163675825 0 518808 136 0
168542036 0 515144 248 0
168571914 0 515392 8 0
176567843 0 4599424 32 0
183656223 0 4599504 136 0
193544025 0 4599456 48 0
194068268 0 4514816 32 0
194114680 0 4518048 152 0
215006395 0 4514864 248 0
215050765 0 4515112 8 0
215100710 0 4514272 32 0
215201269 0 4515120 248 0
215245316 0 4515368 8 0
215275726 0 514944 200 0
215408721 0 4514848 16 0
219658683 0 4515752 248 0
219698534 0 4516000 8 0
227134337 0 4516032 248 0
227170033 0 4516280 8 0
227192592 0 4517504 248 0
227223126 0 4517752 8 0
237965365 0 4516952 248 0
237998216 0 4517200 8 0
238057442 0 518456 248 0
238091079 0 518704 8 0
244941947 0 515400 248 0
244990523 0 515648 8 0
245021785 0 518712 96 0
245056042 0 515656 248 0
245270359 0 515904 8 0
245436352 0 515912 248 0
245478520 0 516160 8 0
245616450 0 519200 248 0
245685063 0 519448 8 0
245738534 0 4592640 248 0
245930364 0 4592888 8 0
245964605 0 4516632 248 0
245965197 0 4516880 8 0
256361008 0 520312 224 0
256665385 0 4516464 168 0
256949806 0 517656 248 0
257032641 0 517904 8 0
258440177 0 521440 248 0
258446683 0 521688 8 0
265838175 0 520536 152 0
265946923 0 4517328 176 0
266372590 0 4515376 128 0
266458687 0 4515536 216 0
266593155 0 265168 8 0
274634907 0 4516008 24 0
274752546 0 4516288 128 0
274798884 0 4260792 8 0
288150463 0 4260856 8 0
290476653 0 520688 248 0
291088578 0 520936 8 0
291148211 0 517424 232 0
291246895 0 517176 248 0
291321435 0 516792 248 0
291372500 0 517040 8 0
291409024 0 517920 248 0
291449029 0 518168 8 0
291499446 0 516552 240 0
291603589 0 75320 8 0
318165289 0 5632 8 0
318208458 0 5640 8 0
318210093 0 5648 8 0
318211522 0 5656 8 0
318213762 0 5664 8 0
318215134 0 5672 8 0
318216744 0 5680 8 0
318218627 0 5688 8 0
318220864 0 5696 8 0
318223168 0 5704 8 0
318225350 0 5712 8 0
318227442 0 5720 8 0
318231150 0 5728 8 0
318233145 0 5736 8 0
318235029 0 5744 8 0
318237045 0 5752 8 0
318238749 0 5760 8 0
318240271 0 5768 8 0
318246051 0 5776 8 0
318247992 0 5784 8 0
318249866 0 5800 8 0
318252128 0 5808 8 0
318254074 0 5816 8 0
318255987 0 5824 8 0
318258774 0 5832 8 0
318260442 0 5840 8 0
318263864 0 5848 8 0
318265594 0 5856 8 0
318266801 0 5864 8 0
318268207 0 5872 8 0
318269480 0 5880 8 0
318270981 0 5792 8 0
323920228 0 74024 8 0
325206685 0 513720 24 0
328554615 0 519456 120 0
328602506 0 517048 128 0
328813217 0 516224 248 0
328852767 0 516472 8 0
329363374 0 516480 72 0
330523160 0 4517760 248 0
330566901 0 4518008 8 0
330709570 0 4516416 48 0
330769821 0 74008 8 0
333946833 0 513120 8 0
335191196 0 68472 8 0
336521785 0 4516888 64 0
336567486 0 265272 8 0
337876190 0 4592000 32 0
340967143 0 4592032 32 0
343212425 0 4521784 32 0
343265067 0 4521824 136 0
343334022 0 4521816 8 0
343425892 0 4592256 32 0
345341407 0 4592288 56 0
345401147 0 4592112 32 0
345446020 0 4592144 64 0
345645564 0 520944 248 0
345688974 0 521192 8 0
345720556 0 521200 136 0
345760808 0 521336 104 0
345791731 0 521696 32 0
345889486 0 513112 8 0
349557168 0 74016 8 0
350736398 0 513080 8 0
351298973 0 2184 8 0
951371143 0 521728 56 0
951451039 0 69224 8 0
954655145 0 75480 8 0
957506419 0 75488 8 0
959642369 0 394432 8 0
1019018771 0 2064 8 0
1019097238 0 264616 8 1
1019127103 0 3932160 8 1
1019143955 0 3932168 8 1
1019169916 0 3932176 8 1
1019170417 0 3932184 8 1
1019170862 0 3932192 8 1
1019171344 0 3932200 8 1
1019171717 0 3932208 8 1
1019172189 0 3932216 8 1
1019172644 0 3932224 8 1
1019173084 0 3932232 8 1
1019173584 0 3932240 8 1
1019173955 0 3932248 8 1
1019174505 0 3932256 8 1
1019174942 0 3932264 8 1
1019175204 0 3932272 8 1
1019175681 0 3932280 8 1
1019176096 0 3932288 8 1
1019176633 0 3932296 8 1
1019177102 0 3932304 8 1
1019177481 0 3932312 8 1
1019177739 0 3932320 8 1
1019177979 0 3932328 8 1
1019178216 0 3932336 8 1
1019178463 0 3932344 8 1
1019179306 0 3932352 8 1
1019179813 0 3932360 8 1
1019180137 0 3932368 8 1
1019180495 0 3932376 8 1
1019180841 0 3932384 8 1
1019181174 0 3932392 8 1
1019181520 0 3932400 8 1
1019182119 0 3932408 8 1
1019182630 0 3932416 8 1
1019261602 0 3932424 8 1
1022686370 0 0 8 1
1022694744 0 8 8 1
1022699655 0 2064 8 1
1022703991 0 2184 8 1
1022708653 0 2312 8 1
1022713427 0 2352 8 1
1022717681 0 2384 8 1
1022722356 0 2392 8 1
1022726658 0 2408 8 1
1022730916 0 2472 8 1
1022735192 0 5784 8 1
1022739699 0 6048 8 1
1022744208 0 6056 8 1
1022748535 0 6064 8 1
1022755491 0 6216 8 1
1022760574 0 6408 8 1
1022765007 0 67848 8 1
1022769681 0 68472 8 1
1022774749 0 4194304 8 1
1022779512 0 4194432 8 1
1022783880 0 4194560 8 1
1022788119 0 4194832 8 1
1022792833 0 4194840 8 1
1022797887 0 4194848 8 1
1022802545 0 4194856 8 1
1022806695 0 4194864 8 1
1022811214 0 4194872 8 1
1022815175 0 4194888 8 1
1022820815 0 4195192 8 1
1022825365 0 4195216 8 1
1028698731 0 3932160 8 1
1029633280 0 3932160 8 1
1030416351 0 0 8 1
