0 0 67848 8 0
61727 0 6416 8 0
68974 0 6424 8 0
70630 0 6432 8 0
71692 0 6440 8 0
72898 0 6448 8 0
74117 0 6456 8 0
76966 0 6464 8 0
78302 0 6472 8 0
79463 0 6480 8 0
80590 0 6488 8 0
81872 0 6496 8 0
82729 0 6504 8 0
83697 0 6512 8 0
85120 0 6520 8 0
86202 0 6528 8 0
87148 0 6536 8 0
88144 0 6544 8 0
89213 0 6552 8 0
90387 0 6560 8 0
91506 0 6568 8 0
93274 0 6576 8 0
94472 0 6584 8 0
95516 0 6592 8 0
96372 0 6600 8 0
97279 0 6608 8 0
98212 0 6616 8 0
99596 0 6624 8 0
100658 0 6632 8 0
101855 0 6640 8 0
102868 0 6648 8 0
103982 0 6656 8 0
105134 0 6664 8 0
105687 0 6408 8 0
8876665 0 4194432 8 0
13917129 0 4194568 8 0
13925219 0 4194576 8 0
13926347 0 4194584 8 0
13927323 0 4194592 8 0
13928566 0 4194600 8 0
13929992 0 4194608 8 0
13931808 0 4194616 8 0
13934022 0 4194624 8 0
13935985 0 4194632 8 0
13938173 0 4194640 8 0
13940327 0 4194648 8 0
13941405 0 4194656 8 0
13942417 0 4194664 8 0
13944588 0 4194672 8 0
13945823 0 4194680 8 0
13946780 0 4194688 8 0
13947860 0 4194696 8 0
13948896 0 4194704 8 0
13950242 0 4194712 8 0
13951351 0 4194720 8 0
13952446 0 4194728 8 0
13953559 0 4194736 8 0
13954646 0 4194744 8 0
13955846 0 4194752 8 0
13957453 0 4194760 8 0
13959428 0 4194768 8 0
13960668 0 4194776 8 0
13962484 0 4194784 8 0
13963652 0 4194792 8 0
13964969 0 4194800 8 0
13966096 0 4194808 8 0
13967923 0 4194816 8 0
13968485 0 4194560 8 0
27430018 0 4194304 8 0
28913297 0 67912 8 0
29047631 0 15616 8 0
29057894 0 15624 8 0
29060730 0 15632 8 0
29062004 0 15640 8 0
29063216 0 15648 8 0
29064488 0 15656 8 0
29065515 0 15664 8 0
29066719 0 15672 8 0
29067464 0 15680 8 0
33909328 0 4194440 8 0
35770621 0 4198912 8 0
35799396 0 4198920 8 0
35801953 0 4198928 8 0
35803693 0 4198936 8 0
35806090 0 4198944 8 0
35807018 0 4198952 8 0
59597880 0 703416 8 0
61268754 0 703208 8 0
62992850 0 68520 8 0
64496159 0 2816 8 0
64506182 0 2824 8 0
64512764 0 2832 8 0
64518723 0 2840 8 0
64527492 0 2848 8 0
64534278 0 2856 8 0
64540176 0 2864 8 0
64545941 0 2872 8 0
64552635 0 2888 8 0
64558219 0 2896 8 0
64563951 0 2904 8 0
64569703 0 2912 8 0
64575199 0 2920 8 0
64580490 0 2928 8 0
64586352 0 2936 8 0
64592756 0 2944 8 0
64598449 0 2952 8 0
64604051 0 2960 8 0
64611146 0 2968 8 0
64617473 0 2976 8 0
64623322 0 2984 8 0
64628938 0 2992 8 0
64634742 0 3000 8 0
64640772 0 3008 8 0
64646255 0 3016 8 0
64651974 0 3024 8 0
64657771 0 3032 8 0
64663293 0 3040 8 0
64668795 0 3048 8 0
64674222 0 3056 8 0
64679966 0 3064 8 0
64685794 0 3072 8 0
64690333 0 2880 8 0
64703895 0 69136 8 0
65852219 0 69184 8 0
67013165 0 69144 8 0
68096509 0 14336 8 0
68130987 0 14344 8 0
68132884 0 14352 8 0
68134097 0 14360 8 0
68135925 0 14368 8 0
68137309 0 14376 8 0
68139867 0 14384 8 0
68141127 0 14392 8 0
68142596 0 14400 8 0
68143880 0 14408 8 0
68145248 0 14416 8 0
68146375 0 14424 8 0
68147529 0 14432 8 0
68148836 0 14440 8 0
68150052 0 14448 8 0
68151406 0 14456 8 0
68152516 0 14464 8 0
68153784 0 14472 8 0
68154994 0 14480 8 0
68156008 0 14488 8 0
68157851 0 14496 8 0
68159494 0 14504 8 0
68161028 0 14512 8 0
68162713 0 14520 8 0
68164002 0 14528 8 0
68165151 0 14536 8 0
68166382 0 14544 8 0
68167457 0 14552 8 0
68168437 0 14560 8 0
68169913 0 14576 8 0
68171025 0 14584 8 0
68172154 0 14592 8 0
68172534 0 14568 8 0
77471589 0 1425408 32 0
82136705 0 68424 8 0
83767453 0 4260120 8 0
85226015 0 4194832 8 0
85233013 0 4194840 8 0
85234292 0 4194848 8 0
85235530 0 4194856 8 0
85238655 0 4194864 8 0
85239738 0 4194872 8 0
85240829 0 4194880 8 0
85242006 0 4194888 8 0
85243213 0 4194896 8 0
85244386 0 4194904 8 0
85245584 0 4194912 8 0
85246837 0 4194920 8 0
85248155 0 4194928 8 0
85249242 0 4194936 8 0
85250304 0 4194944 8 0
85251594 0 4194952 8 0
85252997 0 4194960 8 0
85254562 0 4194968 8 0
85256837 0 4194976 8 0
85258167 0 4194984 8 0
85259733 0 4194992 8 0
85261248 0 4195000 8 0
85262684 0 4195008 8 0
85264013 0 4195016 8 0
85265563 0 4195024 8 0
85266850 0 4195032 8 0
85267833 0 4195040 8 0
85268865 0 4195048 8 0
85271397 0 4195056 8 0
85272508 0 4195064 8 0
85273783 0 4195072 8 0
85274441 0 4194824 8 0
85309309 0 4260496 8 0
86876302 0 4513344 32 0
90423117 0 1457800 248 0
90430128 0 1458048 8 0
98177613 0 4513480 144 0
106867287 0 4513376 104 0
107110485 0 1457608 192 0
117913007 0 1427176 248 0
117954551 0 1427424 8 0
125511805 0 703296 64 0
135071299 0 4594688 32 0
141563695 0 4594720 32 0
148119979 0 4514272 32 0
148176645 0 2576 8 0
148184777 0 2584 8 0
148189457 0 2592 8 0
148193689 0 2600 8 0
148197944 0 2608 8 0
148202505 0 2616 8 0
148207005 0 2624 8 0
148210825 0 2632 8 0
148214827 0 2648 8 0
148218686 0 2656 8 0
148222365 0 2664 8 0
148226869 0 2672 8 0
148230745 0 2680 8 0
148234834 0 2688 8 0
148238532 0 2696 8 0
148242094 0 2704 8 0
148245797 0 2712 8 0
148249666 0 2720 8 0
148253411 0 2728 8 0
148256990 0 2736 8 0
148260600 0 2744 8 0
148264312 0 2752 8 0
148267934 0 2760 8 0
148271391 0 2768 8 0
148274909 0 2776 8 0
148279541 0 2784 8 0
148283699 0 2792 8 0
148287207 0 2800 8 0
148290986 0 2808 8 0
148294905 0 2640 8 0
148303411 0 68552 8 0
151189667 0 68832 8 0
152503170 0 79480 8 0
153785490 0 327680 32 0
157248218 0 329512 144 0
163552013 0 328088 248 0
163581364 0 328336 8 0
172439708 0 4589472 32 0
177833664 0 4591392 136 0
183812317 0 4589504 224 0
191585626 0 4520176 32 0
195985815 0 4520216 136 0
201745415 0 4520208 8 0
201800551 0 4593632 32 0
209133565 0 4593696 208 0
219908101 0 4593664 32 0
220271886 0 4514816 32 0
220314219 0 4518048 152 0
243323349 0 4514864 248 0
243367003 0 4515112 8 0
243397053 0 1430728 248 0
243438378 0 1430976 8 0
255723425 0 4515120 248 0
255768934 0 4515368 8 0
255795308 0 1425440 224 0
262367817 0 1425664 232 0
262435533 0 1426728 248 0
262441474 0 1426976 8 0
264636836 0 1428336 248 0
264679390 0 1428584 8 0
264709876 0 327712 248 0
264795026 0 327960 8 0
264804378 0 4514848 16 0
264826335 0 4589728 248 0
264827050 0 4589976 8 0
269413868 0 1426472 248 0
269462771 0 1426720 8 0
269509065 0 1427712 248 0
269808433 0 1427960 8 0
269852297 0 1425896 152 0
269903297 0 1426248 224 0
269956274 0 1426984 192 0
269999918 0 1430016 248 0
270004479 0 1430264 8 0
281406292 0 4515752 248 0
281457815 0 4516000 8 0
289948790 0 4516032 248 0
289984757 0 4516280 8 0
290009546 0 4517504 248 0
290043524 0 4517752 8 0
305588613 0 4516952 248 0
305621853 0 4517200 8 0
305739173 0 327968 120 0
305781533 0 1426048 168 0
306564037 0 328344 248 0
306606548 0 328592 8 0
306887150 0 328600 248 0
307189896 0 328848 8 0
307348126 0 1427496 216 0
307457700 0 4516464 248 0
307568342 0 4516712 8 0
307591885 0 4516720 160 0
307783230 0 329000 248 0
307825756 0 329248 8 0
307860618 0 329256 144 0
307914553 0 1447176 248 0
307945713 0 1447424 8 0
365466450 0 1431848 248 0
365509257 0 1432096 8 0
365543984 0 1447432 224 0
365592415 0 1433368 248 0
365633850 0 1433616 8 0
365801539 0 1443512 248 0
365845791 0 1443760 8 0
377486836 0 1442832 248 0
377520868 0 1443080 8 0
388780905 0 1443320 192 0
388824993 0 1443176 144 0
388861759 0 1443088 88 0
388911414 0 1448848 248 0
388948949 0 1449096 8 0
397645490 0 1445944 248 0
397679973 0 1446192 8 0
412278207 0 4517208 144 0
412375642 0 1427968 144 0
412435963 0 1429192 248 0
412478769 0 1429440 8 0
412499953 0 1433624 136 0
412543968 0 1435928 248 0
412583427 0 1436176 8 0
412621258 0 1446288 248 0
412654020 0 1446536 8 0
412671199 0 1446544 144 0
417202696 0 1451624 248 0
417234902 0 1451872 8 0
428100830 0 1446712 248 0
428134391 0 1446960 8 0
428153278 0 1446968 184 0
428215507 0 1438632 248 0
428257719 0 1438880 8 0
428280819 0 1436336 248 0
428321839 0 1436584 8 0
428347014 0 1437424 248 0
428389644 0 1437672 8 0
428424114 0 1448440 248 0
428465728 0 1448688 8 0
428490717 0 1436784 248 0
428530980 0 1437032 8 0
428553679 0 1428784 248 0
428606704 0 1429032 8 0
428628112 0 1436592 192 0
428683267 0 1435664 248 0
428722164 0 1435912 8 0
428744764 0 1441432 248 0
428775507 0 1441680 8 0
439526155 0 1434072 248 0
439568495 0 1434320 8 0
439602138 0 1439048 248 0
439643160 0 1439296 8 0
439673177 0 1435184 248 0
439712852 0 1435432 8 0
439774527 0 1454952 248 0
439815054 0 1455200 8 0
450269182 0 1440896 248 0
450299801 0 1441144 8 0
460892766 0 1434328 208 0
460949149 0 1441752 248 0
460985270 0 1442000 8 0
461008286 0 4516288 136 0
461053682 0 1432648 248 0
461095569 0 1432896 8 0
461118929 0 1432160 248 0
461159766 0 1432408 8 0
461194453 0 1447712 248 0
461518330 0 1447960 8 0
461582384 0 1430512 216 0
461652351 0 1432416 152 0
461931555 0 1442400 248 0
462006525 0 1442648 8 0
462033363 0 1433816 248 0
462125564 0 1434064 8 0
462165370 0 1435488 176 0
462226322 0 1434728 248 0
462268624 0 1434976 8 0
462288036 0 1434560 168 0
462338525 0 1454200 248 0
462343040 0 1454448 8 0
500144339 0 1428152 184 0
482438247 0 1447968 144 0
482487203 0 1429448 176 0
482538420 0 4515600 152 0
482579223 0 4515376 128 0
482623555 0 1448112 208 0
482706091 0 1436184 128 0
482760563 0 1441152 248 0
482799112 0 1441400 8 0
482837029 0 1440152 248 0
482877241 0 1440400 8 0
482899855 0 1436312 24 0
482928855 0 1439824 248 0
482968725 0 1440072 8 0
483172930 0 1437680 248 0
483263909 0 1437928 8 0
483288773 0 1448320 120 0
483457240 0 1439304 152 0
483507966 0 1450952 248 0
483512870 0 1451200 8 0
484476510 0 1435920 8 0
484501325 0 1450336 248 0
485071115 0 1450584 8 0
485113532 0 1447656 56 0
485143897 0 1451472 152 0
485192923 0 1448696 152 0
485247774 0 1439456 248 0
485290528 0 1439704 8 0
485309485 0 1441688 64 0
485359551 0 1442656 176 0
485441879 0 1438472 160 0
485532287 0 1437992 248 0
485574350 0 1438240 8 0
485589992 0 1437936 56 0
485639741 0 1438280 192 0
485690684 0 1438248 32 0
485809484 0 1438888 160 0
485861347 0 1442248 152 0
485960921 0 1442040 208 0
486817393 0 1435440 48 0
489185486 0 1435032 152 0
498280146 0 1440408 144 0
499482649 0 4517760 248 0
499527868 0 4518008 8 0
499589349 0 4517352 152 0
499999709 0 4516880 72 0
500183497 0 1433760 56 0
500197133 0 1439712 112 0
500271743 0 1440080 24 0
500283464 0 1441408 24 0
500503294 0 1454456 200 0
500657975 0 1440104 48 0
501541735 0 1442008 32 0
501668404 0 1440632 248 0
501673736 0 1440880 8 0
501822121 0 1440552 80 0
505369944 0 1454656 248 0
505379221 0 1454904 8 0
510351836 0 1454912 40 0
528117584 0 1455208 216 0
538336041 0 1451208 248 0
538346298 0 1451456 8 0
539556651 0 1449104 248 0
539568355 0 1449352 8 0
540578909 0 1429040 152 0
540941257 0 1449360 248 0
540950664 0 1449608 8 0
541074695 0 1449616 248 0
541083342 0 1449864 8 0
541806966 0 1449872 248 0
541815978 0 1450120 8 0
541918276 0 1450128 208 0
542593213 0 1450592 48 0
575150930 0 1445752 192 0
575365907 0 265272 8 0
588854364 0 1429680 248 0
588866543 0 1429928 8 0
955070489 0 265168 8 0
1042893633 0 3932160 8 1
1042924256 0 3932168 8 1
1042946964 0 3932176 8 1
1042947404 0 3932184 8 1
1042947864 0 3932192 8 1
1042948417 0 3932200 8 1
1042948878 0 3932208 8 1
1042949356 0 3932216 8 1
1042949697 0 3932224 8 1
1042950118 0 3932232 8 1
1042950469 0 3932240 8 1
1042951049 0 3932248 8 1
1042951381 0 3932256 8 1
1042951844 0 3932264 8 1
1042952396 0 3932272 8 1
1042952845 0 3932280 8 1
1042953231 0 3932288 8 1
1042953818 0 3932296 8 1
1042954168 0 3932304 8 1
1042955197 0 3932312 8 1
1042955652 0 3932320 8 1
1042956012 0 3932328 8 1
1042956373 0 3932336 8 1
1042956750 0 3932344 8 1
1042957098 0 3932352 8 1
1043018282 0 3932360 8 1
1046042192 0 0 8 1
1046051931 0 8 8 1
1046056774 0 2312 8 1
1046061500 0 2352 8 1
1046065921 0 2384 8 1
1046070102 0 2392 8 1
1046074648 0 2408 8 1
1046078982 0 2472 8 1
1046083504 0 2840 8 1
1046088817 0 14568 8 1
1046093664 0 67848 8 1
1046098534 0 4194304 8 1
1046103349 0 4194432 8 1
1046108016 0 4194440 8 1
1046115793 0 4194560 8 1
1046120677 0 4194832 8 1
1046125379 0 4194840 8 1
1046129884 0 4194848 8 1
1046133935 0 4194856 8 1
1046138273 0 4194872 8 1
1046143416 0 4198952 8 1
1046148291 0 4260096 8 1
1049936812 0 3932160 8 1
1051545886 0 3932160 8 1
1053248497 0 0 8 1
