0 0 4194560 8 0
255175 0 4194568 8 0
257224 0 4194576 8 0
258660 0 4194584 8 0
260060 0 4194592 8 0
261530 0 4194600 8 0
263043 0 4194608 8 0
264363 0 4194616 8 0
265490 0 4194624 8 0
268298 0 4194632 8 0
269443 0 4194640 8 0
270506 0 4194648 8 0
271522 0 4194656 8 0
272653 0 4194664 8 0
273786 0 4194672 8 0
274876 0 4194680 8 0
275878 0 4194688 8 0
276883 0 4194696 8 0
278342 0 4194704 8 0
279383 0 4194712 8 0
280330 0 4194720 8 0
281323 0 4194728 8 0
282722 0 4194736 8 0
284529 0 4194744 8 0
285983 0 4194760 8 0
290357 0 4194768 8 0
291654 0 4194776 8 0
292760 0 4194784 8 0
294062 0 4194792 8 0
295161 0 4194800 8 0
296255 0 4194808 8 0
297691 0 4194816 8 0
298025 0 4194752 8 0
7827818 0 67936 8 0
8241414 0 4864 8 0
8359461 0 4872 8 0
8361135 0 4880 8 0
8362652 0 4888 8 0
8363898 0 4896 8 0
8365091 0 4904 8 0
8368511 0 4912 8 0
8369140 0 4920 8 0
1266874889709240064 0 67848 8 0
1266874889709292288 0 6408 8 0
16973087 0 4194432 8 0
18529637 0 4194304 8 0
43102103 0 265360 8 0
44532073 0 264648 8 0
45719058 0 4260336 8 0
46779173 0 4197120 8 0
46817511 0 4197136 8 0
46818212 0 4197128 8 0
50559906 0 4268912 8 0
51731517 0 2576 8 0
51738623 0 2584 8 0
51743579 0 2592 8 0
51747904 0 2600 8 0
51752081 0 2608 8 0
51756249 0 2616 8 0
51760221 0 2624 8 0
51764306 0 2632 8 0
51768486 0 2640 8 0
51772521 0 2648 8 0
51778418 0 2656 8 0
51782729 0 2664 8 0
51786775 0 2672 8 0
51790732 0 2680 8 0
51794717 0 2688 8 0
51798773 0 2696 8 0
51802849 0 2704 8 0
51807296 0 2712 8 0
51811650 0 2720 8 0
51816016 0 2728 8 0
51820615 0 2736 8 0
51824676 0 2744 8 0
51829478 0 2752 8 0
51833766 0 2760 8 0
51839485 0 2776 8 0
51843557 0 2784 8 0
51847985 0 2792 8 0
51852591 0 2800 8 0
51856653 0 2808 8 0
51862044 0 2816 8 0
51865487 0 2768 8 0
51876491 0 69256 8 0
52913822 0 4268920 8 0
53970156 0 69280 8 0
55189097 0 4260376 8 0
56319371 0 4260400 8 0
57455145 0 4488128 32 0
60288500 0 4260240 8 0
61396900 0 4460864 32 0
64506612 0 4488160 32 0
64614356 0 4460992 176 0
72457902 0 4460896 96 0
72758867 0 264856 24 0
80056174 0 4461368 32 0
80132119 0 4464640 248 0
80162451 0 4464888 8 0
89194209 0 4461416 248 0
89228939 0 4461664 8 0
89282072 0 4461672 248 0
89504761 0 4461920 8 0
89527260 0 4461400 16 0
89573383 0 4462304 248 0
89605925 0 4462552 8 0
89662195 0 4462584 248 0
89697123 0 4462832 8 0
89721242 0 4464088 248 0
89724596 0 4464336 8 0
100686171 0 4463520 248 0
100687762 0 4463768 8 0
100775449 0 4463080 248 0
101429246 0 4463328 8 0
101551750 0 4463912 176 0
101641862 0 4464344 248 0
101675822 0 4464592 8 0
101698923 0 4462160 144 0
154683157 0 3932160 8 1
154729478 0 3932168 8 1
154748820 0 3932176 8 1
154752173 0 3932184 8 1
154752688 0 3932192 8 1
154753079 0 3932200 8 1
154753400 0 3932208 8 1
154753811 0 3932216 8 1
154754205 0 3932224 8 1
154754633 0 3932232 8 1
154754985 0 3932240 8 1
154755435 0 3932248 8 1
154756025 0 3932256 8 1
154756792 0 3932264 8 1
154757134 0 3932272 8 1
154757499 0 3932280 8 1
154811951 0 3932288 8 1
156820583 0 0 8 1
156835512 0 8 8 1
156841193 0 2312 8 1
156846316 0 2360 8 1
156850775 0 2384 8 1
156871044 0 2416 8 1
156876308 0 67848 8 1
156881642 0 4194304 8 1
156887069 0 4194432 8 1
156891766 0 4194560 8 1
156896498 0 4194680 8 1
156901193 0 4194688 8 1
156906217 0 4194792 8 1
158840483 0 3932160 8 1
159256336 0 3932160 8 1
160212687 0 0 8 1
