0 0 4262464 8 0
2280603 0 4260344 8 0
3709021 0 4260352 8 0
5325441 0 4473464 32 0
1266874889675392512 0 6408 8 0
1266874889675444736 0 67896 8 0
1266874889675482880 0 3328 8 0
1266874889675490304 0 3336 8 0
1266874889675491584 0 3344 8 0
1266874889675492864 0 3352 8 0
1266874889675493888 0 3360 8 0
1266874889675494656 0 3368 8 0
1266874889675810816 0 2184 8 0
1266874889675865344 0 2056 8 0
1266874889690779648 0 265104 8 0
1266874889692657664 0 264472 8 0
1266874889693985024 0 4260336 8 0
1266874889695210240 0 4196608 8 0
1266874889695215616 0 4196616 8 0
1266874889695216896 0 4196624 8 0
1266874889695218432 0 4196632 8 0
1266874889695219712 0 4196640 8 0
1266874889695223552 0 4196648 8 0
1266874889695225088 0 4196656 8 0
1266874889695226880 0 4196664 8 0
1266874889695228416 0 4196680 8 0
1266874889695230208 0 4196688 8 0
1266874889695231488 0 4196696 8 0
1266874889695232768 0 4196704 8 0
1266874889695235328 0 4196712 8 0
1266874889695236608 0 4196720 8 0
1266874889695238144 0 4196728 8 0
1266874889695239424 0 4196736 8 0
1266874889695240704 0 4196744 8 0
1266874889695241984 0 4196752 8 0
1266874889695243008 0 4196760 8 0
1266874889695245056 0 4196768 8 0
1266874889695246592 0 4196776 8 0
1266874889695248128 0 4196784 8 0
1266874889695250176 0 4196792 8 0
1266874889695251456 0 4196800 8 0
1266874889695252992 0 4196808 8 0
1266874889695254784 0 4196816 8 0
1266874889695256064 0 4196824 8 0
1266874889695257088 0 4196832 8 0
1266874889695258624 0 4196840 8 0
1266874889695260160 0 4196848 8 0
1266874889695261184 0 4196856 8 0
1266874889695262720 0 4196864 8 0
1266874889695263744 0 4196672 8 0
1266874889703777536 0 4262200 8 0
1266874889704969472 0 4262264 8 0
1266874889706487296 0 4262208 8 0
8316476 0 4195072 8 0
8325331 0 4195080 8 0
8326705 0 4195088 8 0
8327911 0 4195096 8 0
8329032 0 4195104 8 0
8330034 0 4195112 8 0
8331181 0 4195120 8 0
8332564 0 4195136 8 0
8334775 0 4195144 8 0
8335886 0 4195152 8 0
8336934 0 4195160 8 0
8337924 0 4195168 8 0
8339404 0 4195176 8 0
8340492 0 4195184 8 0
8342130 0 4195192 8 0
8343153 0 4195200 8 0
8344318 0 4195208 8 0
8345310 0 4195216 8 0
8346447 0 4195224 8 0
8347448 0 4195232 8 0
8348395 0 4195240 8 0
8349304 0 4195248 8 0
8351066 0 4195256 8 0
8352147 0 4195264 8 0
8353447 0 4195272 8 0
8354464 0 4195280 8 0
8355480 0 4195288 8 0
8356420 0 4195296 8 0
8357445 0 4195304 8 0
8358826 0 4195312 8 0
8360752 0 4195320 8 0
8364890 0 4195328 8 0
8365404 0 4195128 8 0
8556889 0 4261280 8 0
12264703 0 4261520 8 0
13369439 0 4625128 32 0
16786428 0 4473496 40 0
16916353 0 4625272 184 0
27847327 0 4625160 112 0
28166980 0 4261424 8 0
46653831 0 4196352 8 0
46661342 0 4196360 8 0
46662927 0 4196368 8 0
46664438 0 4196376 8 0
46665945 0 4196384 8 0
46667143 0 4196392 8 0
46668802 0 4196400 8 0
46671478 0 4196408 8 0
46672631 0 4196416 8 0
46673823 0 4196424 8 0
46674996 0 4196432 8 0
46676411 0 4196440 8 0
46677592 0 4196448 8 0
46678928 0 4196456 8 0
46680217 0 4196464 8 0
46681913 0 4196472 8 0
46683403 0 4196480 8 0
46684906 0 4196488 8 0
46686932 0 4196496 8 0
46688399 0 4196504 8 0
46694613 0 4196512 8 0
46696557 0 4196520 8 0
46698037 0 4196528 8 0
46702484 0 4196536 8 0
46703925 0 4196544 8 0
46705231 0 4196552 8 0
46706343 0 4196560 8 0
46707832 0 4196568 8 0
46709027 0 4196576 8 0
46710322 0 4196584 8 0
46711422 0 4196592 8 0
46713585 0 4196600 8 0
46752169 0 4262112 8 0
71475215 0 4629088 32 0
75453062 0 4632488 248 0
75504675 0 4632736 8 0
83365380 0 4629136 248 0
83487421 0 4629384 8 0
90348318 0 4629392 248 0
90499927 0 4629640 8 0
90517269 0 4629120 16 0
93156760 0 4630072 248 0
93163735 0 4630320 8 0
97251154 0 4630352 248 0
97269246 0 4630600 8 0
99358383 0 4631400 248 0
99362813 0 4631648 8 0
103786307 0 4631984 248 0
103791263 0 4632232 8 0
106380092 0 4630928 248 0
107877471 0 4631176 8 0
108052558 0 4631792 192 0
108156053 0 4629904 168 0
171245882 0 0 8 1
171258346 0 8 8 1
171259801 0 2056 8 1
171260798 0 2184 8 1
171261794 0 2312 8 1
171262898 0 2344 8 1
171263890 0 2376 8 1
171265533 0 2520 8 1
171267203 0 3368 8 1
171268456 0 67848 8 1
171269446 0 4194624 8 1
171270637 0 4195144 8 1
171271566 0 4195160 8 1
175300569 0 3932160 8 1
176016499 0 3932160 8 1
176643254 0 0 8 1
168797671 0 3932160 8 1
168830568 0 3932168 8 1
168851597 0 3932176 8 1
168856590 0 3932184 8 1
168862927 0 3932192 8 1
168869281 0 3932200 8 1
168875100 0 3932208 8 1
168881402 0 3932216 8 1
168886809 0 3932224 8 1
168890983 0 3932232 8 1
168894296 0 3932240 8 1
168897537 0 3932248 8 1
168900744 0 3932256 8 1
168904403 0 3932264 8 1
168907633 0 3932272 8 1
168911094 0 3932280 8 1
168921392 0 3932288 8 1
