0 0 280024 8 0
1445295 0 264608 8 0
2548064 0 4260104 8 0
3706944 0 4456448 32 0
6579031 0 4260296 8 0
8137297 0 4260120 8 0
9366721 0 4260280 8 0
10494752 0 4466360 32 0
13967657 0 4458216 144 0
19363669 0 4466392 64 0
19486233 0 4466480 152 0
25053548 0 4456480 224 0
35010644 0 4466456 24 0
35068011 0 280304 16 0
39671532 0 4479040 32 0
42642688 0 4479232 144 0
47867735 0 4470944 32 0
52002078 0 4467312 32 0
52071473 0 4470296 144 0
57100373 0 4467352 248 0
57252461 0 4467600 8 0
57374580 0 4467608 248 0
57575186 0 4467856 8 0
57595030 0 4467344 8 0
57654011 0 4468232 248 0
57740219 0 4468480 8 0
68131853 0 4479072 160 0
72088195 0 4456704 248 0
72186856 0 4456952 8 0
72369646 0 4469832 248 0
72424651 0 4470080 8 0
79063882 0 4469376 248 0
79097410 0 4469624 8 0
79178297 0 4468936 248 0
79213206 0 4469184 8 0
79396708 0 4457720 248 0
79440748 0 4457968 8 0
79485625 0 4468032 200 0
82720916 0 4457176 248 0
82761736 0 4457424 8 0
82789309 0 4457976 232 0
82846183 0 4469680 152 0
82953480 0 4469632 48 0
82991246 0 4457040 136 0
83434103 0 4470088 208 0
83751462 0 4468560 248 0
83786224 0 4468808 8 0
83800608 0 4456960 80 0
83842551 0 4457432 248 0
83880957 0 4457680 8 0
83986557 0 4467872 160 0
84157216 0 68280 8 0
107767991 0 4469192 136 0
107914095 0 265112 8 0
112188099 0 4473984 32 0
115502436 0 4474016 32 0
118313238 0 4473776 32 0
154656548 0 294912 32 0
126761507 0 4260336 8 0
141317847 0 4194824 8 0
141328384 0 4194832 8 0
141329795 0 4194840 8 0
141331142 0 4194848 8 0
141332652 0 4194856 8 0
141334045 0 4194864 8 0
141335525 0 4194872 8 0
141337237 0 4194880 8 0
141338747 0 4194888 8 0
141339818 0 4194896 8 0
141341283 0 4194904 8 0
141342378 0 4194912 8 0
141344871 0 4194920 8 0
141345999 0 4194928 8 0
141347681 0 4194936 8 0
141348884 0 4194944 8 0
141350986 0 4194952 8 0
141352547 0 4194960 8 0
141353970 0 4194968 8 0
141355001 0 4194976 8 0
141356253 0 4194984 8 0
141357275 0 4194992 8 0
141358559 0 4195000 8 0
141359711 0 4195008 8 0
141360854 0 4195016 8 0
141362569 0 4195032 8 0
141364599 0 4195040 8 0
141365838 0 4195048 8 0
141366893 0 4195056 8 0
141368023 0 4195064 8 0
141369397 0 4195072 8 0
141369691 0 4195024 8 0
141464676 0 4260856 8 0
143548941 0 4260904 8 0
144846267 0 4260864 8 0
146043756 0 4260936 8 0
147209131 0 4198144 8 0
147215753 0 4198152 8 0
147217077 0 4198160 8 0
147218110 0 4198168 8 0
147220514 0 4198176 8 0
147221911 0 4198184 8 0
147223130 0 4198192 8 0
147224435 0 4198200 8 0
147225814 0 4198216 8 0
147226843 0 4198224 8 0
147227889 0 4198232 8 0
147228931 0 4198240 8 0
147230474 0 4198248 8 0
147231952 0 4198256 8 0
147233438 0 4198264 8 0
147234721 0 4198272 8 0
147236392 0 4198280 8 0
147237975 0 4198288 8 0
147239948 0 4198296 8 0
147240981 0 4198304 8 0
147242334 0 4198312 8 0
147243437 0 4198320 8 0
147245063 0 4198328 8 0
147246800 0 4198336 8 0
147248073 0 4198344 8 0
147249300 0 4198352 8 0
147250803 0 4198360 8 0
147252056 0 4198368 8 0
147253306 0 4198376 8 0
147254258 0 4198384 8 0
147255695 0 4198392 8 0
147257038 0 4198400 8 0
147257803 0 4198208 8 0
122440536 0 4473816 136 0
125103656 0 4473808 8 0
125179391 0 4474232 32 0
125218479 0 4474264 56 0
125260448 0 4474096 32 0
125289512 0 4474128 64 0
125732122 0 4467864 8 0
154556403 0 4260344 8 0
157720074 0 4265216 8 0
168027451 0 290344 144 0
174577430 0 288208 248 0
174578140 0 288456 8 0
185105137 0 295072 248 0
185105902 0 295320 8 0
198864922 0 296376 248 0
198865585 0 296624 8 0
206058195 0 4474592 32 0
206168560 0 4474648 208 0
206248574 0 4474624 24 0
206358592 0 4197632 8 0
206363514 0 4197640 8 0
206365088 0 4197648 8 0
206366404 0 4197656 8 0
206367659 0 4197664 8 0
206368933 0 4197672 8 0
206370040 0 4197680 8 0
206371328 0 4197688 8 0
206372266 0 4197696 8 0
206377711 0 4197704 8 0
206379300 0 4197712 8 0
206380549 0 4197720 8 0
206381517 0 4197728 8 0
206382958 0 4197736 8 0
206384917 0 4197744 8 0
206386294 0 4197752 8 0
206387415 0 4197760 8 0
206388656 0 4197768 8 0
206389648 0 4197776 8 0
206391067 0 4197784 8 0
206392787 0 4197800 8 0
206394278 0 4197808 8 0
206395665 0 4197816 8 0
206397451 0 4197824 8 0
206400356 0 4197832 8 0
206401647 0 4197840 8 0
206402934 0 4197848 8 0
206404062 0 4197856 8 0
206405171 0 4197864 8 0
206406381 0 4197872 8 0
206407550 0 4197880 8 0
206408780 0 4197888 8 0
206409149 0 4197792 8 0
214008355 0 4567520 16 0
169728655 0 67920 8 0
177939811 0 4491736 32 0
191357338 0 4491832 136 0
206227850 0 4472104 32 0
206453885 0 4473008 136 0
214164284 0 4472136 248 0
214164943 0 4472384 8 0
214246812 0 4491768 64 0
214432417 0 4472512 248 0
214433410 0 4472760 8 0
216846790 0 4479488 32 0
217042020 0 4479536 136 0
217218906 0 4479520 16 0
217253528 0 4475584 32 0
217304063 0 4475616 32 0
217369058 0 4567536 32 0
224835191 0 4567568 48 0
224915297 0 4470848 32 0
224999634 0 4470880 40 0
225074782 0 4260368 8 0
229670772 0 4260816 8 0
230942144 0 4814360 32 0
233636114 0 4814992 136 0
239620023 0 4814392 248 0
239627683 0 4814640 8 0
246915687 0 4796792 32 0
249626323 0 4800656 144 0
255865401 0 4796824 224 0
260466731 0 4797064 248 0
260472142 0 4797312 8 0
260702269 0 4593568 32 0
266831812 0 4595368 144 0
272270133 0 4593600 224 0
280274892 0 4594008 248 0
280282494 0 4594256 8 0
280478168 0 4471576 32 0
280609208 0 4471616 136 0
280771458 0 297936 248 0
280778812 0 298184 8 0
289153819 0 295328 248 0
289163725 0 295576 8 0
289363503 0 4471608 8 0
289389972 0 295584 248 0
289394367 0 295832 8 0
289429590 0 4593824 136 0
289667108 0 4593960 48 0
289729789 0 4594264 248 0
289730512 0 4594512 8 0
290004989 0 4594520 248 0
290005730 0 4594768 8 0
290338487 0 4800328 248 0
290342966 0 4800576 8 0
317396148 0 4797320 248 0
317403543 0 4797568 8 0
317429901 0 4800584 72 0
317447798 0 4797576 248 0
317448268 0 4797824 8 0
317671717 0 4797048 16 0
317772448 0 4797832 248 0
317775692 0 4798080 8 0
317973114 0 4814648 248 0
317981573 0 4814896 8 0
318030292 0 295840 208 0
318143650 0 288464 248 0
318150377 0 288712 8 0
318171629 0 296200 176 0
318257514 0 296048 152 0
318335055 0 296632 216 0
318820754 0 296848 232 0
319117411 0 297736 200 0
319228701 0 297080 216 0
319382133 0 297464 248 0
319385516 0 297712 8 0
319876117 0 298192 248 0
319884370 0 298440 8 0
319925896 0 297296 168 0
320142888 0 297720 16 0
320436109 0 298448 248 0
320443118 0 298696 8 0
320867461 0 4594888 248 0
320868105 0 4595136 8 0
321433349 0 4799600 248 0
321438207 0 4799848 8 0
332407108 0 309776 248 0
332412684 0 310024 8 0
377553396 0 286976 248 0
377638943 0 287224 8 0
396004941 0 300320 248 0
396045907 0 300568 8 0
396071525 0 288720 128 0
396183546 0 304184 248 0
396224091 0 304432 8 0
396243115 0 304440 184 0
396296094 0 299960 248 0
396337147 0 300208 8 0
396367552 0 310032 128 0
396406930 0 310680 248 0
396441091 0 310928 8 0
396480584 0 301624 248 0
396521135 0 301872 8 0
396554780 0 301880 248 0
396595241 0 302128 8 0
396658853 0 298704 248 0
396701666 0 298952 8 0
396720871 0 310160 128 0
396768015 0 311160 136 0
396795881 0 280960 120 0
397012249 0 310936 200 0
404553713 0 289208 248 0
404597039 0 289456 8 0
404626127 0 309448 248 0
404662364 0 309696 8 0
404719176 0 303776 248 0
404760661 0 304024 8 0
404783183 0 299704 248 0
404823935 0 299952 8 0
404896044 0 4595144 136 0
404991776 0 4594776 112 0
405072224 0 281080 192 0
407092911 0 68680 8 0
410413302 0 280224 8 0
412666748 0 68688 8 0
413968699 0 68272 8 0
415171083 0 290024 248 0
415207118 0 290272 8 0
422711959 0 308920 248 0
422753468 0 309168 8 0
422789904 0 304624 136 0
422872429 0 301280 248 0
422914431 0 301528 8 0
422939638 0 287992 216 0
423013026 0 265024 8 0
427320318 0 301120 160 0
427364257 0 4468488 72 0
427396924 0 300216 104 0
427501378 0 310288 248 0
427543939 0 310536 8 0
427613692 0 308248 248 0
427654400 0 308496 8 0
427695366 0 301536 88 0
427752511 0 300720 248 0
427792683 0 300968 8 0
427821043 0 4260944 8 0
429734180 0 4198416 8 0
429742677 0 4198424 8 0
429747294 0 4198432 8 0
429751794 0 4198440 8 0
429755895 0 4198448 8 0
429772690 0 4198456 8 0
429778844 0 4198464 8 0
429783561 0 4198472 8 0
429788161 0 4198480 8 0
429792232 0 4198488 8 0
429796277 0 4198496 8 0
429800357 0 4198504 8 0
429804220 0 4198512 8 0
429808020 0 4198520 8 0
429811963 0 4198528 8 0
429816257 0 4198536 8 0
429820066 0 4198544 8 0
429823891 0 4198552 8 0
429827658 0 4198560 8 0
429832360 0 4198568 8 0
429836457 0 4198576 8 0
429840199 0 4198584 8 0
429844291 0 4198592 8 0
429848297 0 4198600 8 0
429852446 0 4198608 8 0
429856464 0 4198616 8 0
429861713 0 4198624 8 0
429865948 0 4198632 8 0
429870771 0 4198640 8 0
429874733 0 4198648 8 0
429878932 0 4198656 8 0
429882108 0 4198408 8 0
429892964 0 4266488 8 0
431191420 0 4266536 8 0
432348697 0 4823424 32 0
435163614 0 4823456 64 0
435234591 0 4823520 24 0
437360696 0 285112 248 0
437393811 0 285360 8 0
447227720 0 299048 248 0
447270684 0 299296 8 0
447405681 0 299304 168 0
447471902 0 288848 160 0
447625246 0 289008 176 0
447692718 0 289872 152 0
452124628 0 289464 248 0
452171666 0 289712 8 0
452194006 0 289184 24 0
452234135 0 309704 72 0
452401883 0 4266504 8 0
455762919 0 4822448 40 0
468640841 0 284040 248 0
468706308 0 284288 8 0
478319210 0 300576 144 0
478857796 0 304760 248 0
478917428 0 305008 8 0
479110247 0 304032 144 0
480422440 0 303536 240 0
480484226 0 300976 144 0
480700437 0 308632 248 0
480742981 0 308880 8 0
481307418 0 311136 24 0
481368623 0 302912 248 0
481410081 0 303160 8 0
485226731 0 308504 128 0
485489662 0 4798752 248 0
485525415 0 4799000 8 0
485590765 0 4814904 88 0
485619080 0 4799432 168 0
485706067 0 307584 248 0
485740044 0 307832 8 0
485786549 0 306328 248 0
485821262 0 306576 8 0
485843593 0 305592 248 0
485875132 0 305840 8 0
485892929 0 298960 88 0
488388154 0 4587352 32 0
491090412 0 4493568 24 0
491334507 0 4499848 32 0
494750873 0 4502784 144 0
500943577 0 4499920 248 0
500953395 0 4500168 8 0
505907444 0 4499880 40 0
506174407 0 4500176 248 0
506182543 0 4500424 8 0
506291187 0 4500432 248 0
506291794 0 4500680 8 0
509249356 0 4500688 248 0
509257988 0 4500936 8 0
509274576 0 4501304 248 0
509275061 0 4501552 8 0
486760963 0 4260096 8 0
519603538 0 4502496 248 0
519613626 0 4502744 8 0
521511622 0 4500944 208 0
521674973 0 4502168 248 0
521681264 0 4502416 8 0
521825652 0 4502424 72 0
521890983 0 4501560 240 0
522031058 0 4501152 152 0
522336221 0 4260896 8 0
562253712 0 4501800 168 0
562400323 0 4587384 40 0
562519401 0 68696 8 0
566731326 0 4260912 8 0
569095529 0 4260688 8 0
570376786 0 4196608 8 0
570383636 0 4196616 8 0
570385099 0 4196624 8 0
570386435 0 4196632 8 0
570387632 0 4196640 8 0
570388767 0 4196648 8 0
570389675 0 4196656 8 0
570392987 0 4196664 8 0
570393993 0 4196672 8 0
570395224 0 4196680 8 0
570396797 0 4196688 8 0
570399115 0 4196696 8 0
570400550 0 4196704 8 0
570401891 0 4196712 8 0
570403198 0 4196720 8 0
570404949 0 4196728 8 0
570406352 0 4196736 8 0
570407618 0 4196744 8 0
570408895 0 4196752 8 0
570410416 0 4196760 8 0
570411513 0 4196768 8 0
570412841 0 4196776 8 0
570413985 0 4196784 8 0
570415604 0 4196800 8 0
570416858 0 4196808 8 0
570419115 0 4196816 8 0
570420204 0 4196824 8 0
570421338 0 4196832 8 0
570422289 0 4196840 8 0
570423963 0 4196848 8 0
570425376 0 4196856 8 0
570426609 0 4196864 8 0
570427031 0 4196792 8 0
579061220 0 4264464 8 0
581233604 0 4260504 8 0
582585745 0 4260512 8 0
584361642 0 4196096 8 0
584369430 0 4196104 8 0
584372530 0 4196112 8 0
584374865 0 4196120 8 0
584375875 0 4196128 8 0
584377129 0 4196136 8 0
584378379 0 4196144 8 0
584379444 0 4196152 8 0
584380717 0 4196160 8 0
584382093 0 4196168 8 0
584383200 0 4196176 8 0
584384468 0 4196184 8 0
584385419 0 4196192 8 0
584386704 0 4196200 8 0
584387785 0 4196208 8 0
584389051 0 4196216 8 0
584390331 0 4196224 8 0
584392229 0 4196232 8 0
584393684 0 4196240 8 0
584395101 0 4196248 8 0
584396070 0 4196256 8 0
584397190 0 4196264 8 0
584398984 0 4196272 8 0
584400145 0 4196280 8 0
584401764 0 4196288 8 0
584403295 0 4196304 8 0
584404775 0 4196312 8 0
584406459 0 4196320 8 0
584407626 0 4196328 8 0
584408671 0 4196336 8 0
584409822 0 4196344 8 0
584411734 0 4196352 8 0
584412149 0 4196296 8 0
588171305 0 4263736 8 0
590745450 0 4263744 8 0
594852466 0 4550976 8 0
596838289 0 4502000 168 0
597067747 0 4559968 32 0
602075454 0 4506384 8 0
602391453 0 4550664 8 0
604628695 0 4550864 8 0
606486073 0 4501968 32 0
606551325 0 4260576 8 0
607913635 0 4260592 8 0
609487811 0 4506656 32 0
609565238 0 4506688 8 0
610056342 0 4260520 8 0
610135471 0 4267088 8 0
612781223 0 4835728 24 0
617039613 0 4835792 32 0
618485816 0 4506416 8 0
618625424 0 4559952 8 0
619978164 0 4264456 8 0
621314705 0 4559960 8 0
623206779 0 4260528 8 0
623287034 0 4506400 16 0
624537166 0 4506192 8 0
626136097 0 4835824 8 0
626742494 0 4260568 8 0
626813440 0 4506568 8 0
627228046 0 4260560 8 0
627298627 0 4506552 8 0
627595014 0 4260640 8 0
627635080 0 4260648 8 0
627697116 0 4506808 32 0
627758300 0 4506840 24 0
627982195 0 4550960 16 0
631564850 0 4263768 8 0
631674482 0 4550696 32 0
635451017 0 4550912 16 0
639846322 0 4550728 48 0
644976258 0 4263760 8 0
645058635 0 4550672 16 0
649028040 0 4197896 8 0
649049848 0 4197904 8 0
649053706 0 4197912 8 0
649055342 0 4197920 8 0
649057683 0 4197928 8 0
649058896 0 4197936 8 0
649060379 0 4197944 8 0
649062528 0 4197960 8 0
649064757 0 4197968 8 0
649066142 0 4197976 8 0
649067800 0 4197984 8 0
649069360 0 4197992 8 0
649070432 0 4198000 8 0
649071709 0 4198008 8 0
649072989 0 4198016 8 0
649074155 0 4198024 8 0
649075411 0 4198032 8 0
649077186 0 4198040 8 0
649078953 0 4198048 8 0
649080173 0 4198056 8 0
649081137 0 4198064 8 0
649082430 0 4198072 8 0
649083508 0 4198080 8 0
649084613 0 4198088 8 0
649086024 0 4198096 8 0
649087288 0 4198104 8 0
649088347 0 4198112 8 0
649089468 0 4198120 8 0
649090647 0 4198128 8 0
649091777 0 4198136 8 0
649092930 0 4197952 8 0
649132601 0 4265448 8 0
650468822 0 4896168 8 0
651755593 0 4550640 24 0
655956136 0 4265912 8 0
657097838 0 4265920 8 0
658585533 0 4788392 24 0
662037101 0 4265280 8 0
663655362 0 4894464 32 0
667666191 0 4894496 48 0
670061710 0 4550872 8 0
670687212 0 4265568 8 0
672762580 0 4265576 8 0
678351506 0 4897392 32 0
681396913 0 4897424 40 0
688274938 0 4574784 32 0
691219616 0 4580904 136 0
697867327 0 4579272 248 0
697872802 0 4579520 8 0
707081309 0 4574816 224 0
713448308 0 4575040 248 0
713458213 0 4575288 8 0
715001746 0 4579776 248 0
715012503 0 4580024 8 0
715619592 0 4575296 248 0
715625464 0 4575544 8 0
687374506 0 4459264 32 0
687549775 0 4459336 144 0
687708667 0 4459296 40 0
717629253 0 4863136 32 0
727862408 0 4869256 136 0
746449406 0 4867624 248 0
746460555 0 4867872 8 0
757193001 0 4863168 224 0
788926513 0 4827264 32 0
798045053 0 4827296 64 0
798151407 0 4827360 88 0
780485984 0 4863392 248 0
780520655 0 4863640 8 0
782190535 0 264568 8 0
786653170 0 280264 8 0
798528734 0 309216 232 0
805901447 0 306584 144 0
807106462 0 305424 168 0
807146339 0 305280 144 0
808107030 0 305848 248 0
808152097 0 306096 8 0
808169836 0 306104 152 0
808216347 0 307360 224 0
808273852 0 305064 216 0
808342588 0 307840 248 0
808383968 0 308088 8 0
808586126 0 4260328 8 0
858074830 0 4194440 8 0
862446348 0 4198664 8 0
862454464 0 4198672 8 0
862459555 0 4198680 8 0
862463685 0 4198688 8 0
862467737 0 4198696 8 0
862471736 0 4198704 8 0
862475785 0 4198712 8 0
862479778 0 4198720 8 0
862484286 0 4198728 8 0
862488337 0 4198736 8 0
862492393 0 4198744 8 0
862499851 0 4198752 8 0
862503942 0 4198760 8 0
862508162 0 4198768 8 0
862512097 0 4198776 8 0
862516186 0 4198784 8 0
862520187 0 4198792 8 0
862524300 0 4198800 8 0
862528154 0 4198808 8 0
862531954 0 4198816 8 0
862535765 0 4198824 8 0
862715156 0 4198832 8 0
862721520 0 4198840 8 0
863783875 0 306992 248 0
863979730 0 307240 8 0
869781257 0 306728 128 0
869968908 0 307248 112 0
1306319729 0 306856 136 0
1350662364 0 308096 152 0
1350900862 0 306256 72 0
1416046291 0 305016 48 0
1416360724 0 4799008 144 0
1416437297 0 4799152 248 0
1416443576 0 4799400 8 0
1416490370 0 4799856 240 0
1416628848 0 4798616 136 0
1416933909 0 4798152 248 0
1416949580 0 4798400 8 0
1418020581 0 4798408 128 0
1419830639 0 303168 160 0
1419950609 0 310544 128 0
1420023350 0 302176 248 0
1420028904 0 302424 8 0
1420172722 0 302136 40 0
1420234559 0 287232 136 0
1420297913 0 302432 248 0
1420303228 0 302680 8 0
1420317005 0 299472 232 0
1421115555 0 302688 192 0
1425656489 0 287472 248 0
1425665068 0 287720 8 0
1438104592 0 287832 160 0
1473101866 0 287368 104 0
1473134343 0 303328 208 0
1527397562 0 4826632 8 0
1701576900 0 287728 104 0
1702311954 0 310672 8 0
1704961450 0 285424 248 0
1704969617 0 285672 8 0
1705052060 0 285368 56 0
1705112221 0 285976 248 0
1705115728 0 286224 8 0
1705242088 0 286584 248 0
1705247075 0 286832 8 0
1708408130 0 286840 136 0
3620653650 0 4824656 32 0
3629243720 0 4824688 64 0
3629346511 0 4824752 128 0
3635480114 0 4824880 248 0
3635480985 0 4825128 8 0
3715277988 0 4825136 248 0
3715503412 0 4825384 8 0
3724124413 0 4825392 248 0
3724166876 0 4825640 8 0
3732193289 0 4825648 248 0
3732235213 0 4825896 8 0
3740648372 0 4825904 120 0
5665824116 0 3932160 8 1
5665867323 0 3932168 8 1
5665933917 0 3932176 8 1
5665939087 0 3932184 8 1
5665942946 0 3932192 8 1
5665946904 0 3932200 8 1
5665950345 0 3932208 8 1
5665953662 0 3932216 8 1
5665956978 0 3932224 8 1
5665960249 0 3932232 8 1
5665963528 0 3932240 8 1
5665966863 0 3932248 8 1
5665970289 0 3932256 8 1
5665973359 0 3932264 8 1
5665976668 0 3932272 8 1
5665980337 0 3932280 8 1
5665983795 0 3932288 8 1
5665987086 0 3932296 8 1
5665990464 0 3932304 8 1
5665993886 0 3932312 8 1
5665997236 0 3932320 8 1
5666000504 0 3932328 8 1
5666003886 0 3932336 8 1
5666007104 0 3932344 8 1
5666010796 0 3932352 8 1
5666014078 0 3932360 8 1
5666017353 0 3932368 8 1
5666020536 0 3932376 8 1
5666023854 0 3932384 8 1
5666027587 0 3932392 8 1
5666030669 0 3932400 8 1
5666033774 0 3932408 8 1
5666037092 0 3932416 8 1
5666040965 0 3932424 8 1
5666044288 0 3932432 8 1
5666047544 0 3932440 8 1
5666050942 0 3932448 8 1
5666054291 0 3932456 8 1
5666057724 0 3932464 8 1
5666061067 0 3932472 8 1
5666065703 0 3932480 8 1
5666069182 0 3932488 8 1
5666072684 0 3932496 8 1
5666076076 0 3932504 8 1
5666079597 0 3932512 8 1
5666082886 0 3932520 8 1
5666086121 0 3932528 8 1
5666089585 0 3932536 8 1
5666092827 0 3932544 8 1
5666096247 0 3932552 8 1
5666099259 0 3932560 8 1
5666102288 0 3932568 8 1
5666105690 0 3932576 8 1
5666108590 0 3932584 8 1
5666111874 0 3932592 8 1
5666114933 0 3932600 8 1
5666118365 0 3932608 8 1
5666121526 0 3932616 8 1
5666124814 0 3932624 8 1
5666128115 0 3932632 8 1
5666131431 0 3932640 8 1
5666149945 0 3932648 8 1
5919539635 0 4458360 32 0
5920376646 0 4458392 72 0
5921422847 0 4458752 32 0
5921540536 0 4458784 96 0
5917245537 0 68312 8 0
5927850491 0 4472392 120 0
6194545689 0 4798088 64 0
6194612128 0 308888 32 0
6184704403 0 4469328 48 0
6184917991 0 68720 8 0
6262329346 0 4194320 8 0
6263995296 0 4923608 8 1
6264053606 0 2064 8 0
6264084719 0 264576 8 1
6264146741 0 3932656 8 1
6264158176 0 3932664 8 1
6264164936 0 3932672 8 1
6264171204 0 3932680 8 1
6264176889 0 3932688 8 1
6264202923 0 3932696 8 1
6264211434 0 3932704 8 1
6264217611 0 3932712 8 1
6264223482 0 3932720 8 1
6264229217 0 3932728 8 1
6264234517 0 3932736 8 1
6264239984 0 3932744 8 1
6264245729 0 3932752 8 1
6264250916 0 3932760 8 1
6264266606 0 3932768 8 1
6264466297 0 2056 8 1
6264469085 0 2312 8 1
6264470170 0 2352 8 1
6264471471 0 2360 8 1
6264472641 0 2384 8 1
6264473687 0 2392 8 1
6264475004 0 2400 8 1
6264476183 0 2448 8 1
6264477343 0 2712 8 1
6264478240 0 2728 8 1
6264479296 0 2776 8 1
6264483777 0 67848 8 1
6264487298 0 4194576 8 1
6264488437 0 4194632 8 1
6264489775 0 4194640 8 1
6264490846 0 4194648 8 1
6264491929 0 4194656 8 1
6264492860 0 4194664 8 1
6264493842 0 4194672 8 1
6264495634 0 4194704 8 1
6264496639 0 4194752 8 1
6264500479 0 4194768 8 1
6264501686 0 4194832 8 1
6264502774 0 4194840 8 1
6264503945 0 4194848 8 1
6264505265 0 4194856 8 1
6264506376 0 4194864 8 1
6264507286 0 4195024 8 1
6264508330 0 4196296 8 1
6264509287 0 4196304 8 1
6264510192 0 4196312 8 1
6264511432 0 4196792 8 1
6264512651 0 4197792 8 1
6264513840 0 4197800 8 1
6264515095 0 4197808 8 1
6264518781 0 4197816 8 1
6264520209 0 4197840 8 1
6264521594 0 4197904 8 1
6264522902 0 4197952 8 1
6264524253 0 4197976 8 1
6264526025 0 4198096 8 1
6264527571 0 4198192 8 1
6264529138 0 4198200 8 1
6264530578 0 4198208 8 1
6264532440 0 4198416 8 1
6264533813 0 4198432 8 1
6264535162 0 4198440 8 1
6264536505 0 4198576 8 1
6264537711 0 4198584 8 1
6272301774 0 0 8 1
6272310667 0 8 8 1
6272315887 0 2064 8 1
6272320333 0 2184 8 1
6272324983 0 2736 8 1
6272329346 0 2784 8 1
6272333932 0 68720 8 1
6272338531 0 4194320 8 1
6272342623 0 4194440 8 1
6272347063 0 4194560 8 1
6272351491 0 4194696 8 1
6272355734 0 4198840 8 1
6272360500 0 4260328 8 1
6277165731 0 3932160 8 1
6277610510 0 3932160 8 1
6278132025 0 3932160 8 1
6278665393 0 0 8 1
1266874889688958208 0 67848 8 0
1266874889689096448 0 6408 8 0
1266874889689724928 0 4194560 8 0
1266874889689846528 0 4194568 8 0
1266874889689849344 0 4194576 8 0
1266874889689851648 0 4194584 8 0
1266874889689853952 0 4194592 8 0
1266874889689856256 0 4194600 8 0
1266874889689860096 0 4194608 8 0
1266874889689867008 0 4194616 8 0
1266874889689869312 0 4194624 8 0
1266874889689871616 0 4194632 8 0
1266874889689872896 0 4194640 8 0
1266874889689874688 0 4194648 8 0
1266874889689876480 0 4194656 8 0
1266874889689878016 0 4194664 8 0
1266874889689879296 0 4194672 8 0
1266874889689880320 0 4194680 8 0
1266874889689881600 0 4194688 8 0
1266874889689883136 0 4194704 8 0
1266874889689884416 0 4194712 8 0
1266874889689886208 0 4194720 8 0
1266874889689888000 0 4194728 8 0
1266874889689889280 0 4194736 8 0
1266874889689890304 0 4194744 8 0
1266874889689891328 0 4194752 8 0
1266874889689892608 0 4194760 8 0
1266874889689893376 0 4194768 8 0
1266874889689894400 0 4194776 8 0
1266874889689895680 0 4194784 8 0
1266874889689896704 0 4194792 8 0
1266874889689897728 0 4194800 8 0
1266874889689898752 0 4194808 8 0
1266874889689900288 0 4194816 8 0
1266874889689900800 0 4194696 8 0
1266874889698036480 0 68320 8 0
1266874889698085120 0 68384 8 0
1266874889698102016 0 2576 8 0
1266874889698110464 0 2584 8 0
1266874889698123264 0 2592 8 0
1266874889698131712 0 2600 8 0
1266874889698136832 0 2608 8 0
1266874889698153728 0 2616 8 0
1266874889698159104 0 2624 8 0
1266874889698165504 0 2632 8 0
1266874889698173440 0 2640 8 0
1266874889698180352 0 2648 8 0
1266874889698187520 0 2656 8 0
1266874889698194944 0 2664 8 0
1266874889698202368 0 2672 8 0
1266874889698211072 0 2680 8 0
1266874889698216448 0 2688 8 0
1266874889698238976 0 2696 8 0
1266874889698245120 0 2704 8 0
1266874889698254592 0 2712 8 0
1266874889698262016 0 2720 8 0
1266874889698268416 0 2728 8 0
1266874889698275072 0 2736 8 0
1266874889698282496 0 2744 8 0
1266874889698289408 0 2752 8 0
1266874889698297856 0 2760 8 0
1266874889698309120 0 2768 8 0
1266874889698319872 0 2784 8 0
1266874889698323712 0 2776 8 0
1266874889698442752 0 67912 8 0
1266874889698913024 0 2184 8 0
1266874889698967552 0 2056 8 0
1266874889707954432 0 280056 8 0
