0 0 67848 8 0
64319 0 6416 8 0
71111 0 6424 8 0
72210 0 6432 8 0
73461 0 6440 8 0
74586 0 6448 8 0
75607 0 6456 8 0
76564 0 6464 8 0
77612 0 6472 8 0
78605 0 6480 8 0
79762 0 6488 8 0
81947 0 6496 8 0
83039 0 6504 8 0
84147 0 6512 8 0
85194 0 6520 8 0
86194 0 6528 8 0
87156 0 6536 8 0
88168 0 6544 8 0
89057 0 6552 8 0
90015 0 6560 8 0
90896 0 6568 8 0
91851 0 6576 8 0
93112 0 6584 8 0
93995 0 6592 8 0
94862 0 6600 8 0
99528 0 6608 8 0
100382 0 6616 8 0
101351 0 6624 8 0
102202 0 6632 8 0
103118 0 6640 8 0
104689 0 6648 8 0
106182 0 6656 8 0
107477 0 6664 8 0
107853 0 6408 8 0
58820883 0 67912 8 0
58926411 0 15360 8 0
58932086 0 15368 8 0
58933386 0 15376 8 0
58934468 0 15384 8 0
58935454 0 15392 8 0
58936528 0 15400 8 0
58937535 0 15408 8 0
58938613 0 15416 8 0
58940002 0 15424 8 0
58941131 0 15432 8 0
58943319 0 15440 8 0
58944374 0 15448 8 0
58945395 0 15456 8 0
58946008 0 15464 8 0
64039683 0 4194432 8 0
65472314 0 4194568 8 0
65483237 0 4194576 8 0
65484694 0 4194584 8 0
65486022 0 4194592 8 0
65487082 0 4194600 8 0
65488325 0 4194608 8 0
65489555 0 4194616 8 0
65490663 0 4194624 8 0
65491522 0 4194632 8 0
65493803 0 4194640 8 0
65494843 0 4194648 8 0
65495923 0 4194656 8 0
65496977 0 4194664 8 0
65498393 0 4194672 8 0
65499512 0 4194680 8 0
65500509 0 4194688 8 0
65501445 0 4194696 8 0
65502657 0 4194704 8 0
65503610 0 4194712 8 0
65504787 0 4194720 8 0
65505990 0 4194728 8 0
65507412 0 4194736 8 0
65508736 0 4194744 8 0
65510622 0 4194752 8 0
65511667 0 4194760 8 0
65512743 0 4194768 8 0
65513639 0 4194776 8 0
65514725 0 4194784 8 0
65515658 0 4194792 8 0
65516680 0 4194800 8 0
65517914 0 4194808 8 0
65519131 0 4194816 8 0
65519517 0 4194560 8 0
79484388 0 4194304 8 0
97951242 0 703416 8 0
100038048 0 703208 8 0
114426748 0 1419136 32 0
118817688 0 68424 8 0
120431486 0 4260120 8 0
121962390 0 4194832 8 0
121972748 0 4194840 8 0
121974169 0 4194848 8 0
121975164 0 4194856 8 0
121976260 0 4194864 8 0
121977389 0 4194872 8 0
121980252 0 4194880 8 0
121981645 0 4194888 8 0
121982959 0 4194896 8 0
121984105 0 4194904 8 0
121985491 0 4194912 8 0
121987263 0 4194920 8 0
121988437 0 4194928 8 0
121989860 0 4194936 8 0
121991396 0 4194944 8 0
121992613 0 4194952 8 0
121993870 0 4194960 8 0
121995271 0 4194968 8 0
121996357 0 4194976 8 0
121997476 0 4194984 8 0
121999588 0 4194992 8 0
122000855 0 4195000 8 0
122002196 0 4195008 8 0
122003641 0 4195016 8 0
122005410 0 4195024 8 0
122006790 0 4195032 8 0
122008313 0 4195040 8 0
122009638 0 4195048 8 0
122010836 0 4195056 8 0
122012023 0 4195064 8 0
122013498 0 4195072 8 0
122014127 0 4194824 8 0
122045894 0 4260496 8 0
123411618 0 4513344 32 0
127033011 0 1422136 248 0
127034445 0 1422384 8 0
101702907 0 68520 8 0
102920069 0 2816 8 0
102924350 0 2824 8 0
102925445 0 2832 8 0
102926625 0 2840 8 0
102927783 0 2848 8 0
102928799 0 2856 8 0
102930053 0 2864 8 0
102938499 0 2872 8 0
102940255 0 2888 8 0
102941631 0 2896 8 0
102942803 0 2904 8 0
102943930 0 2912 8 0
102945037 0 2920 8 0
102947409 0 2928 8 0
102948762 0 2936 8 0
102949949 0 2944 8 0
102951827 0 2952 8 0
102953116 0 2960 8 0
102954303 0 2968 8 0
102955538 0 2976 8 0
102956612 0 2984 8 0
102957762 0 2992 8 0
102959000 0 3000 8 0
102960316 0 3008 8 0
102961732 0 3016 8 0
102962894 0 3024 8 0
102964006 0 3032 8 0
102965970 0 3040 8 0
102967412 0 3048 8 0
102968667 0 3056 8 0
102970008 0 3064 8 0
102971513 0 3072 8 0
102972069 0 2880 8 0
102998072 0 69136 8 0
104171236 0 69184 8 0
105565418 0 69144 8 0
106755013 0 14336 8 0
106759380 0 14344 8 0
106760485 0 14352 8 0
106761594 0 14360 8 0
106763227 0 14368 8 0
106765293 0 14376 8 0
106766735 0 14384 8 0
106768008 0 14392 8 0
106769344 0 14400 8 0
106770627 0 14408 8 0
106771723 0 14416 8 0
106772830 0 14424 8 0
106774327 0 14432 8 0
106775281 0 14440 8 0
106776353 0 14448 8 0
106777361 0 14456 8 0
106778526 0 14464 8 0
106779476 0 14472 8 0
106780492 0 14480 8 0
106782374 0 14488 8 0
106783837 0 14496 8 0
106784841 0 14504 8 0
106786177 0 14512 8 0
106796251 0 14520 8 0
106797683 0 14528 8 0
106798785 0 14536 8 0
106800296 0 14544 8 0
106801342 0 14552 8 0
106802466 0 14560 8 0
106803714 0 14576 8 0
106804854 0 14584 8 0
106805995 0 14592 8 0
106806384 0 14568 8 0
136326348 0 4513480 144 0
144261163 0 4513376 104 0
144535173 0 1419168 224 0
163683238 0 703296 64 0
169105917 0 4521784 32 0
173887808 0 4521824 136 0
178663586 0 4514272 32 0
178734946 0 4589472 32 0
185601843 0 4591392 136 0
191414875 0 4589504 224 0
202680602 0 4518576 32 0
206778243 0 4518608 40 0
209883544 0 4599304 24 0
213681166 0 4514816 32 0
213726106 0 4518048 152 0
223406906 0 4514864 248 0
223449823 0 4515112 8 0
223577619 0 4515120 248 0
223621414 0 4515368 8 0
223655810 0 1419392 248 0
223754833 0 1419640 8 0
223771309 0 4514848 16 0
223796134 0 4589728 248 0
223904824 0 4589976 8 0
223966392 0 4515752 248 0
224021596 0 4516000 8 0
231996051 0 4516032 248 0
232031075 0 4516280 8 0
232055112 0 4517504 248 0
232095808 0 4517752 8 0
244419853 0 4516952 248 0
244453072 0 4517200 8 0
244520377 0 4521816 8 0
244592452 0 4516520 248 0
244626055 0 4516768 8 0
244759106 0 1421360 248 0
244803592 0 1421608 8 0
254174909 0 1420352 248 0
254220383 0 1420600 8 0
254244207 0 1421728 248 0
254360727 0 1421976 8 0
254384374 0 1420064 248 0
254425978 0 1420312 8 0
254465751 0 1420608 248 0
254508579 0 1420856 8 0
254528823 0 4517208 144 0
254581499 0 4516288 128 0
254633292 0 4517352 152 0
256211868 0 1421200 160 0
261974130 0 1420320 32 0
262020827 0 1419824 240 0
262143094 0 1421616 112 0
262243295 0 1419648 144 0
262294670 0 1421984 136 0
262923477 0 1420864 248 0
263672803 0 1421112 8 0
272561471 0 1419792 32 0
272863511 0 4590240 248 0
272911261 0 4590488 8 0
329586778 0 3932160 8 1
329624414 0 3932168 8 1
329650676 0 3932176 8 1
329651418 0 3932184 8 1
329651949 0 3932192 8 1
329652703 0 3932200 8 1
329653188 0 3932208 8 1
329653782 0 3932216 8 1
329654281 0 3932224 8 1
329654823 0 3932232 8 1
329655319 0 3932240 8 1
329655851 0 3932248 8 1
329656277 0 3932256 8 1
329656818 0 3932264 8 1
329657283 0 3932272 8 1
329657883 0 3932280 8 1
329659082 0 3932288 8 1
329659798 0 3932296 8 1
329660412 0 3932304 8 1
329660962 0 3932312 8 1
329739511 0 3932320 8 1
333197128 0 0 8 1
333205808 0 8 8 1
333210813 0 2312 8 1
333215758 0 2352 8 1
333220112 0 2384 8 1
333224280 0 2408 8 1
333228307 0 2472 8 1
333232806 0 14568 8 1
333237628 0 67848 8 1
333242270 0 4194304 8 1
333247384 0 4194432 8 1
333251836 0 4194560 8 1
333256541 0 4194832 8 1
333261343 0 4194840 8 1
333267498 0 4194848 8 1
333272044 0 4194856 8 1
333276219 0 4194880 8 1
336326742 0 3932160 8 1
337758808 0 3932160 8 1
338228013 0 0 8 1
