0 0 67848 8 0
26799 0 6416 8 0
91972 0 6424 8 0
93901 0 6432 8 0
95106 0 6440 8 0
96162 0 6448 8 0
99168 0 6456 8 0
100404 0 6464 8 0
101577 0 6472 8 0
102762 0 6480 8 0
103774 0 6488 8 0
104963 0 6496 8 0
106081 0 6504 8 0
107155 0 6512 8 0
108238 0 6520 8 0
109303 0 6528 8 0
110294 0 6536 8 0
111346 0 6544 8 0
112290 0 6552 8 0
113315 0 6560 8 0
114862 0 6568 8 0
116211 0 6576 8 0
117348 0 6584 8 0
118482 0 6592 8 0
119475 0 6600 8 0
120466 0 6608 8 0
121629 0 6616 8 0
123186 0 6624 8 0
124138 0 6632 8 0
125241 0 6640 8 0
126184 0 6648 8 0
127534 0 6656 8 0
128639 0 6664 8 0
129016 0 6408 8 0
9861450 0 67912 8 0
9928842 0 9984 8 0
9964161 0 9992 8 0
9965881 0 10000 8 0
9967059 0 10008 8 0
9969231 0 10016 8 0
9970259 0 10024 8 0
9971213 0 10032 8 0
9975095 0 10040 8 0
9976070 0 10048 8 0
9976913 0 10056 8 0
9977575 0 10064 8 0
19888238 0 2200 8 0
19923122 0 2056 8 0
76958772 0 4459304 32 0
80175487 0 68424 8 0
39477058 0 265424 8 0
41038124 0 264616 8 0
42776487 0 68520 8 0
43965937 0 2816 8 0
43973851 0 2824 8 0
43978431 0 2832 8 0
43982651 0 2840 8 0
43986792 0 2848 8 0
43990676 0 2856 8 0
43995681 0 2864 8 0
43999640 0 2872 8 0
44003967 0 2888 8 0
44007881 0 2896 8 0
44011746 0 2904 8 0
44015504 0 2912 8 0
44019364 0 2920 8 0
44023113 0 2928 8 0
44026972 0 2936 8 0
44030765 0 2944 8 0
44035027 0 2952 8 0
44039203 0 2960 8 0
44043211 0 2968 8 0
44047058 0 2976 8 0
44051790 0 2984 8 0
44055911 0 2992 8 0
44059737 0 3000 8 0
44272702 0 3008 8 0
44283352 0 3016 8 0
44287797 0 3024 8 0
44292240 0 3032 8 0
44296576 0 3040 8 0
44301073 0 3048 8 0
44306120 0 3056 8 0
44310268 0 3064 8 0
44314743 0 3072 8 0
44318433 0 2880 8 0
44328466 0 69136 8 0
55088601 0 69184 8 0
57310653 0 69144 8 0
58511395 0 69216 8 0
59726013 0 68528 8 0
60920789 0 75744 8 0
62217004 0 68488 8 0
63445453 0 4194568 8 0
63480450 0 4194576 8 0
63481992 0 4194584 8 0
63483291 0 4194592 8 0
63484536 0 4194600 8 0
63485901 0 4194608 8 0
63488664 0 4194616 8 0
63493322 0 4194624 8 0
63494667 0 4194632 8 0
63496888 0 4194640 8 0
63498115 0 4194648 8 0
63499483 0 4194656 8 0
63500617 0 4194664 8 0
63501739 0 4194672 8 0
63503032 0 4194680 8 0
63504081 0 4194688 8 0
63505482 0 4194696 8 0
63506620 0 4194704 8 0
63507755 0 4194712 8 0
63509262 0 4194720 8 0
63510386 0 4194728 8 0
63511609 0 4194736 8 0
63512984 0 4194744 8 0
63515092 0 4194752 8 0
63516175 0 4194760 8 0
63517125 0 4194768 8 0
63518265 0 4194776 8 0
63519280 0 4194784 8 0
63520195 0 4194792 8 0
63521112 0 4194800 8 0
63522280 0 4194808 8 0
63523423 0 4194816 8 0
63523836 0 4194560 8 0
75495927 0 4260104 8 0
81526609 0 4260120 8 0
82940666 0 4194832 8 0
82945480 0 4194840 8 0
82947265 0 4194848 8 0
82949050 0 4194856 8 0
82950367 0 4194864 8 0
82951737 0 4194872 8 0
82953417 0 4194880 8 0
82954641 0 4194888 8 0
82955824 0 4194896 8 0
82956808 0 4194904 8 0
82958036 0 4194912 8 0
82959071 0 4194920 8 0
82961209 0 4194928 8 0
82962498 0 4194936 8 0
82963847 0 4194944 8 0
82965267 0 4194952 8 0
82966419 0 4194960 8 0
82967602 0 4194968 8 0
82968884 0 4194976 8 0
82970171 0 4194984 8 0
82971561 0 4194992 8 0
82973399 0 4195000 8 0
82974706 0 4195008 8 0
82975853 0 4195016 8 0
82978237 0 4195024 8 0
82979491 0 4195032 8 0
82981429 0 4195040 8 0
82982740 0 4195048 8 0
82984472 0 4195056 8 0
82985890 0 4195064 8 0
82987399 0 4195072 8 0
82987922 0 4194824 8 0
83024470 0 4260496 8 0
84463521 0 4513344 32 0
87968987 0 4459416 136 0
92456056 0 4513480 144 0
102826850 0 4513376 104 0
103144480 0 669984 32 0
116593996 0 4514816 32 0
116682008 0 4518048 152 0
122816369 0 4514864 248 0
122826343 0 4515112 8 0
122917822 0 4459336 80 0
122978137 0 4515120 248 0
122978697 0 4515368 8 0
122990360 0 4514848 16 0
123167242 0 4515752 248 0
123171093 0 4516000 8 0
136139689 0 4516032 248 0
136149230 0 4516280 8 0
136226851 0 4517504 248 0
136232944 0 4517752 8 0
148091734 0 4516952 248 0
148099609 0 4517200 8 0
148275081 0 4516520 248 0
148279660 0 4516768 8 0
148445683 0 4516288 128 0
148570388 0 4515376 128 0
148652739 0 4517344 160 0
151463159 0 4517208 136 0
151582291 0 7680 8 0
151591460 0 7688 8 0
151592732 0 7696 8 0
151593994 0 7704 8 0
151595187 0 7712 8 0
151596309 0 7720 8 0
151601012 0 7728 8 0
151602184 0 7736 8 0
151603518 0 7744 8 0
151604774 0 7752 8 0
151606047 0 7760 8 0
151607421 0 7768 8 0
151608716 0 7776 8 0
151610094 0 7784 8 0
151611540 0 7792 8 0
151612921 0 7800 8 0
151614424 0 7808 8 0
151616058 0 7816 8 0
151617232 0 7824 8 0
151618562 0 7832 8 0
151620529 0 7840 8 0
151621601 0 7848 8 0
151623030 0 7856 8 0
151624753 0 7864 8 0
151626458 0 7880 8 0
151627598 0 7888 8 0
151629511 0 7896 8 0
151630775 0 7904 8 0
151631795 0 7912 8 0
151633139 0 7920 8 0
151634424 0 7928 8 0
151635881 0 7936 8 0
151636397 0 7872 8 0
151840538 0 671744 32 0
154955839 0 689944 136 0
160233582 0 671792 248 0
160293302 0 672040 8 0
164747845 0 2576 8 0
164756736 0 2584 8 0
164761698 0 2592 8 0
164766083 0 2600 8 0
164770899 0 2608 8 0
164777707 0 2616 8 0
164783805 0 2624 8 0
164788400 0 2632 8 0
164793168 0 2648 8 0
164797380 0 2656 8 0
164801628 0 2664 8 0
164805430 0 2672 8 0
164810418 0 2680 8 0
164814285 0 2688 8 0
164818594 0 2696 8 0
164823226 0 2704 8 0
164827413 0 2712 8 0
164831238 0 2720 8 0
164835240 0 2728 8 0
164839049 0 2736 8 0
164843164 0 2744 8 0
164846829 0 2752 8 0
164850791 0 2760 8 0
164854785 0 2768 8 0
164858537 0 2776 8 0
164862531 0 2784 8 0
164866438 0 2792 8 0
164870214 0 2800 8 0
164874092 0 2808 8 0
164877413 0 2640 8 0
164889150 0 68552 8 0
167652505 0 68832 8 0
169052810 0 4518576 32 0
169089907 0 4518608 40 0
169140873 0 4594488 32 0
172425748 0 4594520 136 0
175279641 0 5888 8 0
175289215 0 5896 8 0
175297235 0 5904 8 0
175301833 0 5912 8 0
175305923 0 5920 8 0
175310288 0 5928 8 0
175314116 0 5936 8 0
175318236 0 5944 8 0
175321786 0 5952 8 0
175325445 0 5960 8 0
175329174 0 5968 8 0
175333244 0 5976 8 0
175338009 0 5984 8 0
175341779 0 5992 8 0
175345471 0 6000 8 0
175349504 0 6008 8 0
175353339 0 6016 8 0
175357389 0 6024 8 0
175361923 0 6032 8 0
175365856 0 6040 8 0
175369665 0 6048 8 0
175373641 0 6056 8 0
175377650 0 6072 8 0
175381275 0 6080 8 0
175385423 0 6088 8 0
175430232 0 6096 8 0
175431838 0 6104 8 0
175433061 0 6112 8 0
175434426 0 6120 8 0
175438686 0 6128 8 0
175439877 0 6136 8 0
175440941 0 6144 8 0
175441869 0 6064 8 0
179967602 0 397784 32 0
183136221 0 401272 136 0
188654471 0 4593904 32 0
193345093 0 4594352 136 0
199085349 0 4593936 224 0
203191902 0 4598848 32 0
206994953 0 4599048 136 0
212556674 0 4594688 32 0
212599428 0 4594720 32 0
212648699 0 4599424 32 0
214809865 0 4599504 136 0
214887836 0 4599456 48 0
214943993 0 4589472 32 0
218886948 0 4591392 136 0
224605005 0 4589504 224 0
232694091 0 4514272 32 0
232776191 0 4521784 32 0
243893543 0 404728 32 0
250959641 0 407456 136 0
257232628 0 404784 248 0
257257228 0 405032 8 0
262453326 0 403800 32 0
267201030 0 404432 136 0
272486173 0 403832 224 0
277526380 0 515072 32 0
280560896 0 518968 136 0
239032152 0 4521824 136 0
285979016 0 515304 248 0
285988832 0 515552 8 0
294900089 0 519104 32 0
294956918 0 519896 136 0
304269171 0 519136 224 0
304448442 0 4598880 168 0
304682316 0 4593632 32 0
314317260 0 4593696 208 0
318971501 0 4593664 32 0
319261276 0 4520608 32 0
336921425 0 4520752 136 0
346369534 0 4520640 112 0
347080028 0 393592 32 0
378832612 0 393872 136 0
384699952 0 393624 248 0
384825065 0 401408 32 0
389403445 0 401512 136 0
389533602 0 403472 32 0
394676721 0 403664 136 0
399899495 0 523480 32 0
402983141 0 523936 136 0
408442104 0 523512 224 0
412649985 0 394392 32 0
412740155 0 395952 136 0
422269234 0 394424 224 0
422418759 0 394008 32 0
422476324 0 394256 136 0
422595489 0 394040 216 0
422949361 0 4514240 32 0
423016450 0 524072 32 0
423051868 0 524104 88 0
423396556 0 396184 32 0
424514252 0 396688 136 0
440228940 0 396216 224 0
440327905 0 521184 32 0
451001855 0 523336 144 0
456585672 0 521216 240 0
462161325 0 393216 32 0
468988024 0 393456 136 0
476893730 0 393248 208 0
480410553 0 396824 32 0
480455834 0 397088 136 0
480518555 0 520128 32 0
480558332 0 521040 144 0
488727114 0 520160 224 0
488821312 0 4587520 32 0
492057545 0 4589192 136 0
498060804 0 396088 32 0
498174776 0 396120 64 0
498543033 0 4195080 8 0
498552049 0 4195088 8 0
498557264 0 4195096 8 0
498561512 0 4195104 8 0
498565661 0 4195112 8 0
498570213 0 4195120 8 0
498574352 0 4195128 8 0
498578740 0 4195136 8 0
498591141 0 4195144 8 0
498596022 0 4195152 8 0
498600553 0 4195160 8 0
498604715 0 4195168 8 0
498608814 0 4195176 8 0
498612552 0 4195184 8 0
498616591 0 4195192 8 0
498620925 0 4195208 8 0
498625151 0 4195216 8 0
498629029 0 4195224 8 0
498633189 0 4195232 8 0
498637092 0 4195240 8 0
498641113 0 4195248 8 0
498791615 0 4195256 8 0
498796818 0 4195264 8 0
498800824 0 4195272 8 0
498805032 0 4195280 8 0
498808923 0 4195288 8 0
498813351 0 4195296 8 0
498817071 0 4195304 8 0
498820835 0 4195312 8 0
498824682 0 4195320 8 0
498829902 0 4195328 8 0
498833460 0 4195200 8 0
498879995 0 4530016 32 0
526127943 0 401648 32 0
526170558 0 401736 136 0
526216818 0 401680 56 0
526254200 0 397224 32 0
526291915 0 397648 136 0
526351483 0 404568 32 0
526389946 0 404600 128 0
526614071 0 4589328 32 0
526657238 0 4589360 112 0
526870018 0 520064 32 0
526946115 0 520096 32 0
527122969 0 515104 200 0
527184424 0 4589728 248 0
527184895 0 4589976 8 0
527208659 0 671776 16 0
527227153 0 672048 248 0
527227570 0 672296 8 0
527255602 0 404760 24 0
527420258 0 397256 224 0
543954015 0 397480 168 0
544083312 0 520384 248 0
544179428 0 520632 8 0
544204431 0 4594160 192 0
544452014 0 515560 56 0
544562018 0 4587552 224 0
607945814 0 4587776 248 0
608040190 0 4588024 8 0
608099726 0 394648 248 0
608141400 0 394896 8 0
608263277 0 396856 224 0
608309893 0 397080 8 0
608514808 0 521456 248 0
608614889 0 521704 8 0
608787578 0 521712 248 0
608861628 0 521960 8 0
609028759 0 396440 248 0
609822685 0 394904 248 0
609866549 0 395152 8 0
609969420 0 523736 200 0
610162055 0 403504 160 0
612930909 0 401440 72 0
613173961 0 518616 248 0
613183781 0 518864 8 0
625575743 0 515616 248 0
625618152 0 515864 8 0
625649446 0 518872 96 0
625703602 0 515872 248 0
625843913 0 516120 8 0
626123814 0 516128 248 0
626165179 0 516376 8 0
626233147 0 404056 248 0
626274462 0 404304 8 0
626333332 0 519360 248 0
626373056 0 519608 8 0
626714815 0 405040 248 0
626782073 0 405288 8 0
626831278 0 405296 248 0
626927683 0 405544 8 0
627114173 0 4521816 8 0
627297370 0 400584 248 0
627337863 0 400832 8 0
627360357 0 397816 224 0
627448845 0 400840 248 0
627489671 0 401088 8 0
627527727 0 398040 248 0
627578331 0 398288 8 0
627606827 0 401096 176 0
627660310 0 398296 248 0
627702367 0 398544 8 0
627789934 0 398552 248 0
627831872 0 398800 8 0
627907790 0 398808 248 0
627948031 0 399056 8 0
628028912 0 399064 248 0
628068075 0 399312 8 0
628230454 0 672304 248 0
628273023 0 672552 8 0
628611069 0 522904 248 0
629172134 0 523152 8 0
630768576 0 522520 248 0
630916277 0 522768 8 0
631043083 0 517816 248 0
631047592 0 518064 8 0
639902294 0 679416 248 0
639907351 0 679664 8 0
681747870 0 688576 248 0
681756957 0 688824 8 0
693395674 0 677376 248 0
693406730 0 677624 8 0
693495014 0 689768 176 0
696114665 0 687440 248 0
696121539 0 687688 8 0
704137623 0 678064 248 0
704144241 0 678312 8 0
704260104 0 677672 248 0
704267176 0 677920 8 0
704425935 0 687240 200 0
710319898 0 677200 176 0
710394561 0 677928 136 0
710521520 0 678320 184 0
712048273 0 686864 248 0
712055077 0 687112 8 0
719228455 0 678504 248 0
719238206 0 678752 8 0
719257250 0 687120 120 0
725301848 0 681160 248 0
725312844 0 681408 8 0
733648314 0 4515536 216 0
733835560 0 265168 8 0
738142398 0 4516008 24 0
738289308 0 69152 8 0
739654481 0 78088 8 0
741069536 0 78096 8 0
742650114 0 686688 176 0
747349780 0 676128 248 0
747356683 0 676376 8 0
747467224 0 680848 248 0
747474213 0 681096 8 0
747596396 0 688832 128 0
747746008 0 688960 248 0
747753096 0 689208 8 0
747822391 0 689216 248 0
747828915 0 689464 8 0
748117493 0 689624 144 0
748387039 0 405936 248 0
748395365 0 406184 8 0
748488558 0 406600 248 0
748494668 0 406848 8 0
748579116 0 406856 208 0
748669836 0 405552 240 0
748772431 0 407064 248 0
748777731 0 407312 8 0
748823376 0 404312 120 0
748884472 0 517016 248 0
748890395 0 517264 8 0
749065107 0 518072 248 0
749187991 0 517656 160 0
749278432 0 517272 248 0
749284675 0 517520 8 0
749360615 0 516864 152 0
749728520 0 516384 248 0
749736729 0 516632 8 0
749858338 0 516728 136 0
750180569 0 517528 128 0
750444288 0 516640 88 0
751268866 0 672560 128 0
751372269 0 673112 248 0
751378990 0 673360 8 0
751513962 0 672800 248 0
751519767 0 673048 8 0
751600329 0 673368 248 0
751603703 0 673616 8 0
751650347 0 674264 248 0
751650826 0 674512 8 0
751882678 0 674520 248 0
751890525 0 674768 8 0
751915212 0 519680 216 0
752208513 0 75336 8 0
761471101 0 5632 8 0
761481586 0 5640 8 0
761482990 0 5648 8 0
761485030 0 5656 8 0
761486419 0 5664 8 0
761487478 0 5672 8 0
761488885 0 5680 8 0
761490074 0 5688 8 0
761491765 0 5696 8 0
761492950 0 5704 8 0
761495735 0 5712 8 0
761496893 0 5720 8 0
761498438 0 5728 8 0
761499616 0 5736 8 0
761501093 0 5744 8 0
761502183 0 5752 8 0
761503324 0 5760 8 0
761504412 0 5768 8 0
761509303 0 5784 8 0
761510467 0 5792 8 0
761511640 0 5800 8 0
761512577 0 5808 8 0
761514002 0 5816 8 0
761515766 0 5824 8 0
761518836 0 5832 8 0
761520205 0 5840 8 0
761521375 0 5848 8 0
761522547 0 5856 8 0
761523582 0 5864 8 0
761524734 0 5872 8 0
761525895 0 5880 8 0
761527012 0 5776 8 0
761624357 0 74032 8 0
763474790 0 513552 24 0
766669130 0 674776 248 0
766676548 0 675024 8 0
767029158 0 675648 248 0
767038132 0 675896 8 0
767114962 0 675904 208 0
767678287 0 675032 152 0
767879336 0 675376 248 0
767886869 0 675624 8 0
768010163 0 399384 248 0
768017227 0 399632 8 0
768102867 0 400424 160 0
768281422 0 399320 64 0
770823533 0 675632 16 0
771035556 0 676592 248 0
771044358 0 676840 8 0
771140946 0 676384 192 0
771266499 0 676848 160 0
771494314 0 675216 160 0
771715963 0 677008 192 0
771856817 0 677632 40 0
772534946 0 406360 240 0
772935371 0 4590240 248 0
772944381 0 4590488 8 0
773049753 0 395248 248 0
773056159 0 395496 8 0
773228415 0 520848 192 0
773306570 0 4588744 248 0
773312405 0 4588992 8 0
803039525 0 3932160 8 1
803069499 0 3932168 8 1
803095446 0 3932176 8 1
803096039 0 3932184 8 1
803096371 0 3932192 8 1
803096835 0 3932200 8 1
803097204 0 3932208 8 1
803097555 0 3932216 8 1
803097966 0 3932224 8 1
803098329 0 3932232 8 1
803098768 0 3932240 8 1
803099382 0 3932248 8 1
803099870 0 3932256 8 1
803100556 0 3932264 8 1
803101061 0 3932272 8 1
803101566 0 3932280 8 1
803101899 0 3932288 8 1
803102140 0 3932296 8 1
803102389 0 3932304 8 1
803102956 0 3932312 8 1
803103375 0 3932320 8 1
803104008 0 3932328 8 1
803104583 0 3932336 8 1
803105738 0 3932344 8 1
803106164 0 3932352 8 1
803106515 0 3932360 8 1
803107060 0 3932368 8 1
803107569 0 3932376 8 1
803107907 0 3932384 8 1
803108332 0 3932392 8 1
803108650 0 3932400 8 1
803183808 0 3932408 8 1
806399335 0 0 8 1
806407416 0 8 8 1
806412609 0 2056 8 1
806417143 0 2200 8 1
806421573 0 2312 8 1
806425833 0 2352 8 1
806430384 0 2384 8 1
806434659 0 2408 8 1
806438614 0 2472 8 1
806442789 0 6040 8 1
806447257 0 6048 8 1
806451259 0 6056 8 1
806455592 0 6064 8 1
806459895 0 6072 8 1
806466337 0 7864 8 1
806471575 0 7872 8 1
806476190 0 10504 8 1
806480750 0 67848 8 1
806485742 0 4194560 8 1
806490716 0 4194584 8 1
806495127 0 4194832 8 1
806499673 0 4194840 8 1
806503891 0 4194848 8 1
806507974 0 4194856 8 1
806512192 0 4194872 8 1
806516204 0 4194880 8 1
806520315 0 4194888 8 1
806524483 0 4195200 8 1
819136542 0 3932160 8 1
820504134 0 3932160 8 1
821100026 0 0 8 1
