0 0 67848 8 0
104466 0 4194560 8 0
131858 0 4194568 8 0
133779 0 4194576 8 0
135353 0 4194584 8 0
136994 0 4194592 8 0
138612 0 4194600 8 0
142756 0 4194608 8 0
144470 0 4194616 8 0
146073 0 4194624 8 0
147727 0 4194632 8 0
149538 0 4194640 8 0
151261 0 4194648 8 0
153416 0 4194656 8 0
159959 0 4194664 8 0
162260 0 4194672 8 0
163894 0 4194680 8 0
165352 0 4194688 8 0
166822 0 4194696 8 0
168299 0 4194704 8 0
169683 0 4194712 8 0
172184 0 4194720 8 0
173535 0 4194728 8 0
175013 0 4194736 8 0
177076 0 4194744 8 0
178637 0 4194752 8 0
180858 0 4194760 8 0
182380 0 4194768 8 0
183832 0 4194776 8 0
186105 0 4194792 8 0
188004 0 4194800 8 0
189770 0 4194808 8 0
191835 0 4194816 8 0
192791 0 4194784 8 0
10632642 0 6416 8 0
10641923 0 6424 8 0
10643201 0 6432 8 0
10644657 0 6440 8 0
10646366 0 6448 8 0
10647668 0 6456 8 0
10648694 0 6464 8 0
10649829 0 6472 8 0
10651101 0 6480 8 0
10652872 0 6488 8 0
10654390 0 6496 8 0
10656165 0 6504 8 0
10657474 0 6512 8 0
10660531 0 6520 8 0
10662178 0 6528 8 0
10663658 0 6536 8 0
10665372 0 6544 8 0
10666996 0 6552 8 0
10668313 0 6560 8 0
10669737 0 6568 8 0
10671146 0 6576 8 0
10672391 0 6584 8 0
10673545 0 6592 8 0
10675003 0 6600 8 0
10676931 0 6608 8 0
10677980 0 6616 8 0
10679116 0 6624 8 0
10680840 0 6632 8 0
10682135 0 6640 8 0
10683579 0 6648 8 0
10685024 0 6656 8 0
10686478 0 6664 8 0
10686922 0 6408 8 0
22213585 0 67920 8 0
22492060 0 2576 8 0
22500246 0 2584 8 0
22501637 0 2600 8 0
22502940 0 2608 8 0
22504096 0 2616 8 0
22505333 0 2624 8 0
22506650 0 2632 8 0
22508080 0 2640 8 0
22509208 0 2648 8 0
22510893 0 2656 8 0
22512188 0 2664 8 0
22514312 0 2672 8 0
22515381 0 2680 8 0
22516539 0 2688 8 0
22517585 0 2696 8 0
22518740 0 2704 8 0
22519660 0 2712 8 0
22521039 0 2720 8 0
22521959 0 2728 8 0
22523171 0 2736 8 0
22524263 0 2744 8 0
22525464 0 2752 8 0
22527150 0 2760 8 0
22529044 0 2768 8 0
22530141 0 2776 8 0
22531939 0 2784 8 0
22533043 0 2792 8 0
22534329 0 2800 8 0
22535393 0 2808 8 0
22536425 0 2816 8 0
22536702 0 2592 8 0
23077311 0 2208 8 0
23211114 0 2056 8 0
64102719 0 264296 8 0
68340208 0 4260104 8 0
69623832 0 4456448 32 0
72604586 0 4260400 8 0
74610940 0 4260120 8 0
75992081 0 4260368 8 0
77972606 0 4479448 32 0
81636367 0 4458304 144 0
39408047 0 540624 8 0
41093223 0 540520 8 0
42854240 0 68824 8 0
56272480 0 3584 8 0
56286804 0 3592 8 0
56294587 0 3600 8 0
56300204 0 3608 8 0
56305073 0 3616 8 0
56309873 0 3624 8 0
56314253 0 3632 8 0
56318585 0 3640 8 0
56322935 0 3648 8 0
56327462 0 3656 8 0
56331835 0 3664 8 0
56338170 0 3672 8 0
56342726 0 3680 8 0
56347201 0 3688 8 0
56351235 0 3696 8 0
56355910 0 3704 8 0
56360192 0 3712 8 0
56364735 0 3720 8 0
56369187 0 3728 8 0
56374244 0 3744 8 0
56478148 0 3752 8 0
56488093 0 3760 8 0
56492913 0 3768 8 0
56497863 0 3776 8 0
56502724 0 3784 8 0
56508612 0 3792 8 0
56514025 0 3800 8 0
56518987 0 3808 8 0
56523172 0 3816 8 0
56527558 0 3824 8 0
56532950 0 3832 8 0
56537611 0 3840 8 0
56541742 0 3736 8 0
56555585 0 70992 8 0
62141296 0 71000 8 0
63873350 0 6672 8 0
63882037 0 6688 8 0
63887271 0 6696 8 0
63892303 0 6704 8 0
63897063 0 6712 8 0
63901281 0 6720 8 0
63905554 0 6728 8 0
63912042 0 6736 8 0
63919100 0 6744 8 0
63924042 0 6752 8 0
63929283 0 6760 8 0
63934092 0 6768 8 0
63938734 0 6776 8 0
63943209 0 6784 8 0
63947496 0 6792 8 0
63951918 0 6800 8 0
63956518 0 6808 8 0
63961040 0 6816 8 0
63965839 0 6824 8 0
63970449 0 6832 8 0
63974943 0 6840 8 0
63980218 0 6848 8 0
63984678 0 6856 8 0
63989501 0 6864 8 0
63994098 0 6872 8 0
63999392 0 6880 8 0
64004042 0 6888 8 0
64009189 0 6896 8 0
64013535 0 6904 8 0
64017963 0 6912 8 0
64021597 0 6680 8 0
88143896 0 4479600 144 0
97605679 0 4479480 120 0
98871489 0 4456480 240 0
108124801 0 540576 32 0
119109441 0 4503800 32 0
122239893 0 4503992 136 0
129657723 0 4489856 32 0
133807683 0 4480704 32 0
133858501 0 4484152 152 0
141183136 0 4503832 160 0
141381623 0 4480752 248 0
141382328 0 4481000 8 0
143851357 0 4456720 248 0
143896843 0 4456968 8 0
143959304 0 4481008 248 0
144003903 0 4481256 8 0
144035803 0 4480736 16 0
144139240 0 4481696 248 0
144221306 0 4481944 8 0
150830937 0 4481992 248 0
150963512 0 4482240 8 0
153364672 0 4483616 248 0
153397641 0 4483864 8 0
165083408 0 4483056 248 0
165126441 0 4483304 8 0
165282588 0 4482576 248 0
165416798 0 4482824 8 0
165628541 0 4457768 248 0
165674358 0 4458016 8 0
165732490 0 4481480 216 0
165813235 0 4457184 248 0
165859072 0 4457432 8 0
165888564 0 4458024 232 0
170639372 0 4483440 176 0
171197911 0 4457040 144 0
171453868 0 4482248 128 0
171505011 0 4457456 248 0
171548255 0 4457704 8 0
171583337 0 4456976 64 0
171697704 0 4481320 160 0
171792329 0 4457440 16 0
171939480 0 4481264 56 0
171996929 0 4196104 8 0
172005533 0 4196112 8 0
172010778 0 4196120 8 0
172014803 0 4196128 8 0
172018941 0 4196136 8 0
172023089 0 4196144 8 0
172027444 0 4196152 8 0
172031296 0 4196160 8 0
172035226 0 4196168 8 0
172039057 0 4196176 8 0
172042814 0 4196184 8 0
172047697 0 4196192 8 0
172051993 0 4196200 8 0
172055950 0 4196208 8 0
172060176 0 4196216 8 0
172064114 0 4196224 8 0
172070551 0 4196232 8 0
172074738 0 4196240 8 0
172078748 0 4196248 8 0
172083469 0 4196256 8 0
172087397 0 4196264 8 0
172123142 0 4196272 8 0
172124617 0 4196280 8 0
172125989 0 4196288 8 0
172127127 0 4196296 8 0
172128663 0 4196304 8 0
172129793 0 4196312 8 0
172131124 0 4196320 8 0
172132119 0 4196328 8 0
172133151 0 4196336 8 0
172134239 0 4196344 8 0
172136570 0 4196352 8 0
172137103 0 4196096 8 0
227169993 0 71056 8 0
204738344 0 4261488 8 0
206989686 0 4196616 8 0
206996697 0 4196624 8 0
207001083 0 4196632 8 0
207005168 0 4196640 8 0
207009071 0 4196648 8 0
207013166 0 4196656 8 0
207017149 0 4196664 8 0
207020907 0 4196672 8 0
207024819 0 4196680 8 0
207028585 0 4196688 8 0
207032328 0 4196696 8 0
207036052 0 4196704 8 0
207039825 0 4196712 8 0
207043637 0 4196720 8 0
207048313 0 4196728 8 0
207052431 0 4196736 8 0
207056085 0 4196744 8 0
207059713 0 4196752 8 0
207063328 0 4196760 8 0
207069297 0 4196768 8 0
207073052 0 4196776 8 0
207076839 0 4196784 8 0
207080491 0 4196792 8 0
207084070 0 4196800 8 0
207088046 0 4196808 8 0
207092037 0 4196816 8 0
207095685 0 4196824 8 0
207099169 0 4196832 8 0
207103690 0 4196840 8 0
207107627 0 4196848 8 0
207112119 0 4196856 8 0
207116371 0 4196864 8 0
207119415 0 4196608 8 0
207146912 0 4260448 8 0
208464816 0 4482864 192 0
208547587 0 266424 8 0
210336259 0 4496488 32 0
213633022 0 4496520 48 0
216453439 0 4496296 32 0
220670201 0 4496352 136 0
225025084 0 4496328 24 0
225492872 0 4496760 32 0
225535941 0 4496792 64 0
225584051 0 4496616 32 0
225616815 0 4496648 64 0
226613437 0 4482832 32 0
276104895 0 303584 32 0
276175181 0 286000 32 0
277797720 0 4459064 32 0
281481315 0 303616 64 0
264338835 0 71088 8 0
272569395 0 68832 8 0
274147644 0 68840 8 0
275890506 0 4260504 8 0
276191498 0 268800 32 0
287957079 0 286032 48 0
292053880 0 4459096 88 0
292655745 0 4482376 200 0
304302859 0 266096 8 0
316808450 0 4511808 32 0
320985898 0 4511840 104 0
329492105 0 288264 32 0
324920767 0 278528 32 0
311453206 0 4462112 32 0
317050596 0 68848 8 0
324758206 0 67952 8 0
292041574 0 268832 40 0
307863077 0 4260440 8 0
309348073 0 4194432 8 0
317037533 0 4461552 32 0
324813892 0 4461792 136 0
345521971 0 288360 136 0
357476194 0 4492704 32 0
362324807 0 4494664 136 0
371943693 0 4492736 224 0
386955858 0 4492960 248 0
386994198 0 4493208 8 0
387204784 0 288296 64 0
342495375 0 278560 56 0
338523785 0 4461584 208 0
338582688 0 4497120 32 0
348594472 0 4497480 136 0
357543092 0 4497152 248 0
357544321 0 4497400 8 0
358154469 0 4497408 72 0
388154965 0 4493504 248 0
388202404 0 4493752 8 0
388974074 0 350704 16 0
399736392 0 4459792 32 0
399906472 0 4459896 136 0
400062903 0 4459824 72 0
400619469 0 4483312 128 0
402671617 0 68200 8 0
404625147 0 68208 8 0
406482289 0 7168 8 0
406491940 0 7176 8 0
406493411 0 7184 8 0
406497389 0 7192 8 0
406498934 0 7200 8 0
406507080 0 7208 8 0
406509848 0 7216 8 0
406511745 0 7224 8 0
406514190 0 7240 8 0
406515950 0 7248 8 0
406518010 0 7256 8 0
406519822 0 7264 8 0
406521745 0 7272 8 0
406523616 0 7280 8 0
406525751 0 7288 8 0
406527433 0 7296 8 0
406537770 0 7304 8 0
406541265 0 7312 8 0
406543203 0 7320 8 0
406544934 0 7328 8 0
406546916 0 7336 8 0
406548803 0 7344 8 0
406550532 0 7352 8 0
406552528 0 7360 8 0
406554424 0 7368 8 0
406555906 0 7376 8 0
406557292 0 7384 8 0
406558787 0 7392 8 0
406560535 0 7400 8 0
406561774 0 7408 8 0
406563288 0 7416 8 0
406565150 0 7424 8 0
406565677 0 7232 8 0
406626024 0 78280 8 0
408319891 0 78288 8 0
410478832 0 281288 32 0
413670293 0 281320 24 0
401005403 0 268872 32 0
401106048 0 268904 24 0
416820252 0 662240 24 0
422074881 0 6920 8 0
422087325 0 6928 8 0
422092685 0 6936 8 0
422097437 0 6944 8 0
422102118 0 6952 8 0
422107730 0 6960 8 0
422115216 0 6968 8 0
422122763 0 6976 8 0
422129919 0 6984 8 0
422139315 0 6992 8 0
422147246 0 7000 8 0
422152327 0 7008 8 0
422157044 0 7016 8 0
422161280 0 7024 8 0
422165463 0 7032 8 0
422169413 0 7040 8 0
422173309 0 7048 8 0
422177624 0 7064 8 0
422182576 0 7072 8 0
422189699 0 7080 8 0
422197115 0 7088 8 0
422203919 0 7096 8 0
422561165 0 7104 8 0
422572842 0 7112 8 0
422580542 0 7120 8 0
422588224 0 7128 8 0
422596713 0 7136 8 0
422602012 0 7144 8 0
422606340 0 7152 8 0
422610958 0 7160 8 0
422615186 0 7056 8 0
422671112 0 541280 8 0
428220606 0 662208 16 0
438127891 0 4468736 32 0
441668530 0 4468768 32 0
446153892 0 286256 32 0
446389974 0 286288 40 0
446696318 0 4499712 32 0
446899784 0 4499840 136 0
446954438 0 4499744 96 0
456916753 0 78312 8 0
457022973 0 78328 8 0
459617882 0 4466440 32 0
463183507 0 4466472 112 0
480286494 0 589784 8 0
493650255 0 704512 32 0
497339540 0 708400 144 0
504468767 0 4499648 32 0
504537647 0 4499680 32 0
504701103 0 4498616 32 0
504869036 0 4498688 208 0
504958990 0 4498648 40 0
505088310 0 68872 8 0
505243466 0 3328 8 0
505248508 0 3336 8 0
505249652 0 3344 8 0
505250816 0 3352 8 0
505252126 0 3360 8 0
505253340 0 3368 8 0
505255354 0 3376 8 0
505256716 0 3384 8 0
505258157 0 3392 8 0
505259627 0 3400 8 0
505260705 0 3408 8 0
505264677 0 3416 8 0
505266238 0 3424 8 0
505268107 0 3432 8 0
505270138 0 3440 8 0
505272155 0 3448 8 0
505275445 0 3456 8 0
505278083 0 3464 8 0
505280077 0 3472 8 0
505281977 0 3480 8 0
505284914 0 3488 8 0
505287183 0 3496 8 0
505294035 0 3504 8 0
505295693 0 3512 8 0
505297523 0 3520 8 0
505299061 0 3528 8 0
505301362 0 3536 8 0
505303308 0 3544 8 0
505305146 0 3552 8 0
505307309 0 3560 8 0
505309565 0 3568 8 0
505312408 0 3576 8 0
505338914 0 70936 8 0
508919856 0 345824 32 0
513713922 0 347600 144 0
521139205 0 346232 248 0
521149548 0 346480 8 0
530946977 0 4490848 32 0
536369204 0 4490888 136 0
542690423 0 4490880 8 0
542831737 0 345856 248 0
542840281 0 346104 8 0
542879629 0 346112 120 0
548787609 0 704544 248 0
548795798 0 704792 8 0
549064183 0 346488 248 0
549064663 0 346736 8 0
549312077 0 346744 248 0
549312544 0 346992 8 0
562376894 0 704800 248 0
562378505 0 705048 8 0
562757563 0 347104 248 0
562765458 0 347352 8 0
562872596 0 347360 144 0
562997523 0 706920 248 0
563005027 0 707168 8 0
589692277 0 706632 248 0
589700623 0 706880 8 0
598193412 0 706136 248 0
598204996 0 706384 8 0
610085810 0 347000 104 0
610332221 0 705440 248 0
610341286 0 705688 8 0
610429298 0 705832 248 0
610433135 0 706080 8 0
610581060 0 705240 200 0
614549645 0 707264 248 0
614558080 0 707512 8 0
614673675 0 705056 184 0
615474288 0 707688 248 0
615478156 0 707936 8 0
615583265 0 707520 144 0
615690460 0 705696 136 0
615803299 0 706392 136 0
615960111 0 70952 8 0
672025380 0 70968 8 0
678755558 0 331376 56 0
690313391 0 70960 8 0
699238730 0 331136 32 0
706637927 0 663520 8 0
708251935 0 707944 160 0
708353508 0 9216 8 0
708365004 0 9224 8 0
708366521 0 9232 8 0
708367811 0 9240 8 0
708369347 0 9248 8 0
708371074 0 9256 8 0
708372748 0 9264 8 0
708374242 0 9272 8 0
708375653 0 9280 8 0
708378038 0 9288 8 0
708380321 0 9296 8 0
708382195 0 9312 8 0
708383633 0 9320 8 0
708384932 0 9328 8 0
708386313 0 9336 8 0
708387608 0 9344 8 0
708389226 0 9352 8 0
708390613 0 9360 8 0
708391926 0 9368 8 0
708393119 0 9376 8 0
708394515 0 9384 8 0
708395702 0 9392 8 0
708396918 0 9400 8 0
708399184 0 9408 8 0
708406406 0 9416 8 0
708408849 0 9424 8 0
708418595 0 9432 8 0
708420462 0 9440 8 0
708422693 0 9448 8 0
708424703 0 9456 8 0
708426729 0 9464 8 0
708428678 0 9472 8 0
708429419 0 9304 8 0
708707164 0 83280 8 0
710037956 0 708104 248 0
710045008 0 708352 8 0
710081111 0 706088 48 0
717618559 0 2200 8 0
717645842 0 11520 8 0
717689557 0 11528 8 0
717691334 0 11536 8 0
717692526 0 11544 8 0
717693928 0 11552 8 0
717695123 0 11560 8 0
717696048 0 11568 8 0
717700189 0 11576 8 0
717701357 0 11584 8 0
717702293 0 11592 8 0
717703376 0 11600 8 0
717704564 0 11608 8 0
717706776 0 11616 8 0
717707836 0 11624 8 0
717708819 0 11632 8 0
717709956 0 11640 8 0
717711001 0 11648 8 0
717712084 0 11656 8 0
717713323 0 11664 8 0
717714423 0 11672 8 0
717715883 0 11680 8 0
717716942 0 11688 8 0
717718377 0 11704 8 0
717718828 0 11696 8 0
718370724 0 4466688 32 0
748421296 0 4466720 32 0
749470802 0 663552 32 0
754867588 0 810792 144 0
775108656 0 663584 248 0
775400283 0 663832 8 0
798880768 0 663840 248 0
798920084 0 664088 8 0
799792160 0 670616 248 0
799850473 0 670864 8 0
808864339 0 810632 160 0
824931249 0 669840 248 0
824973335 0 670088 8 0
833372468 0 668432 248 0
833399201 0 668680 8 0
849636191 0 667336 248 0
849674478 0 667584 8 0
874525350 0 669056 248 0
875440556 0 669304 8 0
875485116 0 665496 248 0
875510628 0 665744 8 0
977664674 0 665280 216 0
1005010409 0 669312 192 0
1005060538 0 670096 128 0
1005103260 0 668688 200 0
1005185454 0 665144 136 0
1005242750 0 665000 144 0
1005301626 0 664840 160 0
1005348756 0 664664 176 0
1005397018 0 664520 144 0
1005461548 0 664376 144 0
1005527679 0 664128 248 0
1005689212 0 670872 248 0
1005737023 0 671120 8 0
1005783649 0 664096 32 0
1005871374 0 670224 200 0
1005951381 0 809408 248 0
1005986177 0 809656 8 0
1036855738 0 671128 136 0
1036915625 0 669696 144 0
1036971334 0 670464 152 0
1037025083 0 669504 184 0
1037090745 0 671360 248 0
1037135380 0 671608 8 0
1037164739 0 809224 184 0
1053105827 0 668920 136 0
1053234677 0 671616 128 0
1053329256 0 670424 40 0
1053762872 0 666640 248 0
1053811324 0 666888 8 0
1053841653 0 666896 248 0
1053900383 0 667144 8 0
1053924413 0 668888 32 0
1053957757 0 667152 184 0
1054728348 0 663256 8 0
1056152129 0 665752 240 0
1056303045 0 78320 8 0
1057635888 0 662744 8 0
1073963266 0 83344 8 0
1078926577 0 4204288 8 0
1078961479 0 4204296 8 0
1078963453 0 4204312 8 0
1078964694 0 4204320 8 0
1078966120 0 4204328 8 0
1078968656 0 4204336 8 0
1078969861 0 4204344 8 0
1078970966 0 4204352 8 0
1078972132 0 4204360 8 0
1078973438 0 4204368 8 0
1078974645 0 4204376 8 0
1078975796 0 4204384 8 0
1078977060 0 4204392 8 0
1078978979 0 4204400 8 0
1078980838 0 4204408 8 0
1078983690 0 4204416 8 0
1078985483 0 4204424 8 0
1078986752 0 4204432 8 0
1078987974 0 4204440 8 0
1078990386 0 4204448 8 0
1078995290 0 4204456 8 0
1078996825 0 4204464 8 0
1078998368 0 4204472 8 0
1078999869 0 4204480 8 0
1079001381 0 4204488 8 0
1079002715 0 4204496 8 0
1079003917 0 4204504 8 0
1079005271 0 4204512 8 0
1079006467 0 4204520 8 0
1079007366 0 4204528 8 0
1079008353 0 4204536 8 0
1079009421 0 4204544 8 0
1079009848 0 4204304 8 0
1093708121 0 4283248 8 0
1111332102 0 708616 8 0
1111481495 0 4819864 8 0
1114317686 0 663120 8 0
1119745031 0 4197632 8 0
1119786664 0 4197640 8 0
1119791483 0 4197648 8 0
1119793399 0 4197656 8 0
1119795435 0 4197664 8 0
1119798178 0 4197672 8 0
1119800610 0 4197680 8 0
1119802831 0 4197688 8 0
1119805037 0 4197696 8 0
1119807401 0 4197704 8 0
1119809554 0 4197712 8 0
1119813027 0 4197720 8 0
1119815240 0 4197728 8 0
1119817145 0 4197736 8 0
1119819028 0 4197744 8 0
1119820775 0 4197752 8 0
1119822877 0 4197760 8 0
1119825213 0 4197768 8 0
1119827999 0 4197776 8 0
1119830311 0 4197784 8 0
1119832449 0 4197792 8 0
1119834940 0 4197800 8 0
1119837156 0 4197808 8 0
1119838997 0 4197816 8 0
1119841240 0 4197832 8 0
1119844555 0 4197840 8 0
1119846385 0 4197848 8 0
1119848029 0 4197856 8 0
1119849474 0 4197864 8 0
1119851067 0 4197872 8 0
1119852213 0 4197880 8 0
1119853671 0 4197888 8 0
1119855379 0 4197824 8 0
1131924356 0 4266584 8 0
1133384226 0 666272 248 0
1133428499 0 666520 8 0
1133450794 0 665992 176 0
1133496242 0 666168 104 0
1133569780 0 666528 112 0
1133644079 0 4578384 32 0
1149974954 0 4578416 64 0
1152634533 0 4567072 16 0
1158678958 0 2192 8 0
1785115448 0 4466400 32 0
1788267516 0 4466432 8 0
1788737482 0 4260152 8 0
1790581569 0 4469368 8 0
1790660940 0 4469376 8 0
1772985464 0 540552 24 0
1776640390 0 68128 8 0
1777930003 0 540504 8 0
1779347373 0 76640 8 0
1780532162 0 539312 8 0
1781873358 0 264912 8 0
1783134710 0 4260144 8 0
1784526498 0 4469344 24 0
1791371214 0 11008 8 0
1791422000 0 11016 8 0
1791423826 0 11024 8 0
1791425023 0 11032 8 0
1791426116 0 11040 8 0
1791427221 0 11048 8 0
1791428472 0 11056 8 0
1791429670 0 11064 8 0
1791430962 0 11072 8 0
1791432040 0 11080 8 0
1791433118 0 11088 8 0
1791434169 0 11096 8 0
1791436353 0 11104 8 0
1791437443 0 11112 8 0
1791438344 0 11120 8 0
1791439393 0 11128 8 0
1791440348 0 11136 8 0
1791441671 0 11144 8 0
1791442588 0 11152 8 0
1791443518 0 11160 8 0
1791444599 0 11168 8 0
1791445649 0 11176 8 0
1791446551 0 11184 8 0
1791447598 0 11192 8 0
1791448729 0 11200 8 0
1791449946 0 11208 8 0
1791451792 0 11216 8 0
1791453477 0 11224 8 0
1791455250 0 11232 8 0
1791457337 0 11240 8 0
1791459386 0 11256 8 0
1791461377 0 11264 8 0
1791462126 0 11248 8 0
1829794272 0 1276888 32 0
1835851334 0 1278000 136 0
1806151533 0 4464416 32 0
1809681630 0 4464448 48 0
1813121189 0 68816 8 0
1802886105 0 76672 8 0
1804641668 0 4262040 8 0
1818358079 0 1278144 16 0
1825123321 0 4196360 8 0
1825138235 0 4196368 8 0
1825146235 0 4196376 8 0
1825153114 0 4196384 8 0
1825159682 0 4196392 8 0
1825166483 0 4196400 8 0
1825174251 0 4196408 8 0
1825181619 0 4196416 8 0
1825188564 0 4196424 8 0
1825338646 0 4196432 8 0
1825348443 0 4196440 8 0
1825355286 0 4196448 8 0
1825361785 0 4196456 8 0
1825368386 0 4196464 8 0
1825374950 0 4196472 8 0
1825385515 0 4196480 8 0
1825392478 0 4196488 8 0
1825400070 0 4196496 8 0
1825406375 0 4196504 8 0
1825413473 0 4196512 8 0
1825421243 0 4196520 8 0
1825427951 0 4196528 8 0
1825434705 0 4196536 8 0
1825441059 0 4196544 8 0
1825448023 0 4196552 8 0
1825454661 0 4196560 8 0
1825461221 0 4196568 8 0
1825467705 0 4196576 8 0
1825474629 0 4196584 8 0
1825481238 0 4196592 8 0
1825487528 0 4196600 8 0
1825514553 0 4260456 8 0
1841969909 0 1276936 248 0
1842021315 0 1277184 8 0
1847016004 0 575816 32 0
1851446138 0 575992 136 0
1856692788 0 575848 144 0
1859462602 0 575416 32 0
1869060761 0 575672 144 0
1873866161 0 575448 224 0
1875943250 0 4484992 32 0
1875993139 0 4485024 56 0
1876060044 0 4489984 32 0
1876111293 0 4490184 136 0
1881593402 0 4490016 168 0
1881669306 0 4504384 32 0
1887296286 0 4504416 8 0
1887445364 0 1276920 16 0
1887680925 0 1277192 240 0
1888908513 0 1277704 248 0
1889710352 0 1277952 8 0
1895687079 0 1277480 224 0
1912263753 0 1277432 48 0
1912346695 0 1277960 40 0
1912640048 0 265040 8 0
1948450318 0 264336 16 0
1952122172 0 76664 8 0
1953302851 0 539320 8 0
1954817783 0 78064 8 0
1956128977 0 78072 8 0
1957618668 0 542528 24 0
1960765250 0 539416 8 0
1962064628 0 542720 32 0
1965390711 0 539440 8 0
1966622825 0 542816 32 0
1967771021 0 539472 8 0
1969008433 0 543008 32 0
1971920700 0 539496 8 0
1974111452 0 543096 24 0
1974215337 0 539520 8 0
1975598019 0 543264 32 0
1978597057 0 543296 16 0
1980904765 0 539552 8 0
1983274793 0 543408 24 0
1983390940 0 539568 8 0
1984609278 0 542576 16 0
1984705904 0 539584 8 0
1985951088 0 543456 32 0
1985987253 0 543488 48 0
1986114007 0 539720 8 0
1987326504 0 544432 32 0
1990205351 0 544464 40 0
1992436940 0 4504424 32 0
1992478427 0 4504488 136 0
1992520129 0 4504456 32 0
1992635411 0 539744 8 0
1994957668 0 544528 24 0
1995083894 0 539768 8 0
1996973696 0 544600 24 0
1997184421 0 539800 8 0
2002769272 0 544768 32 0
2002880536 0 544800 8 0
2002979186 0 539952 8 0
2004991265 0 545448 32 0
2005029245 0 545480 8 0
2005113497 0 540000 8 0
2006405624 0 545664 32 0
2006439737 0 545696 32 0
2006549797 0 540032 8 0
2007711794 0 545824 32 0
2007747212 0 545856 40 0
2007842430 0 540048 8 0
2009389747 0 8960 8 0
2009399138 0 8976 8 0
2009405009 0 8984 8 0
2009409496 0 8992 8 0
2009414519 0 9000 8 0
2009419110 0 9008 8 0
2009423265 0 9016 8 0
2009427702 0 9024 8 0
2009431633 0 9032 8 0
2009436353 0 9040 8 0
2009440360 0 9048 8 0
2009444211 0 9056 8 0
2009448229 0 9064 8 0
2009452160 0 9072 8 0
2009458544 0 9080 8 0
2009462575 0 9088 8 0
2009468068 0 9096 8 0
2009472406 0 9104 8 0
2009476764 0 9112 8 0
2009480915 0 9120 8 0
2009484908 0 9128 8 0
2009488808 0 9136 8 0
2009493316 0 9144 8 0
2009497804 0 9152 8 0
2009501845 0 9160 8 0
2009506028 0 9168 8 0
2009509899 0 9176 8 0
2009513838 0 9184 8 0
2009517893 0 9192 8 0
2009521785 0 9200 8 0
2009526996 0 9208 8 0
2009531440 0 8968 8 0
2009540678 0 82560 8 0
2010829977 0 82736 8 0
2011996749 0 1071880 32 0
2015050461 0 1083752 144 0
2020052648 0 1071984 248 0
2020094396 0 1072232 8 0
2027747336 0 4499448 32 0
2027865558 0 4499512 136 0
2027917977 0 4499480 32 0
2027954560 0 4498896 32 0
2028092668 0 4499312 136 0
2028154306 0 4498928 224 0
2028325556 0 655360 32 0
2034166816 0 658080 136 0
2039726594 0 655416 248 0
2039771591 0 655664 8 0
2044996708 0 4502976 32 0
2045043170 0 4503592 136 0
2045100295 0 4503008 224 0
2045166165 0 4485080 32 0
2045206108 0 4488712 144 0
2045269290 0 4485312 248 0
2045314278 0 4485560 8 0
2045385522 0 4492432 32 0
2045421054 0 4492568 136 0
2051571946 0 4492464 104 0
2051710544 0 1071912 72 0
2051725878 0 4485112 200 0
2053512758 0 4499152 160 0
2053617989 0 4488416 248 0
2053662344 0 4488664 8 0
2053701667 0 4485568 248 0
2053933010 0 4485816 8 0
2053972406 0 4488672 40 0
2054002617 0 4485824 248 0
2054045347 0 4486072 8 0
2054170898 0 655392 24 0
2054472997 0 4486080 248 0
2054517526 0 4486328 8 0
2054666092 0 4503232 248 0
2054709539 0 4503480 8 0
2055199144 0 655672 248 0
2055617619 0 655920 8 0
2055659694 0 655928 248 0
2055694684 0 656176 8 0
2056055639 0 1082488 248 0
2056088540 0 1082736 8 0
2106962701 0 1072240 248 0
2107068049 0 1072488 8 0
2107106876 0 1082744 248 0
2107137926 0 1082992 8 0
2107162687 0 1072496 248 0
2108049143 0 1072744 8 0
2108102214 0 1083000 248 0
2108737090 0 1083248 8 0
2108817058 0 1072752 248 0
2108817728 0 1073000 8 0
2108852433 0 1083256 248 0
2108853045 0 1083504 8 0
2109517162 0 1073008 248 0
2109560350 0 1073256 8 0
2109616689 0 1083512 240 0
2109755429 0 1073264 248 0
2109797005 0 1073512 8 0
2109869217 0 1073520 248 0
2109921007 0 1073768 8 0
2110007828 0 1073776 248 0
2110049246 0 1074024 8 0
2111015959 0 4487624 248 0
2111060932 0 4487872 8 0
2111325115 0 1081536 248 0
2111329995 0 1081784 8 0
2129264929 0 1080040 248 0
2129313710 0 1080288 8 0
2129353397 0 1078712 248 0
2129452090 0 1078960 8 0
2129570005 0 540224 8 0
2153266211 0 546912 32 0
2156505859 0 546944 104 0
2159148520 0 540280 8 0
2161712939 0 547296 32 0
2161875132 0 540360 8 0
2163228135 0 547968 32 0
2166356787 0 548000 16 0
2168808695 0 539408 8 0
2171683664 0 539576 8 0
2173040820 0 539712 8 0
2174338066 0 539736 8 0
2175531472 0 539936 16 0
2178136324 0 539992 8 0
2179418258 0 540024 8 0
2180611056 0 540040 8 0
2181958004 0 540272 8 0
2183487792 0 540352 8 0
2184957146 0 540432 8 0
2186420364 0 76656 8 0
2187716889 0 76648 8 0
2188959955 0 264328 8 0
2190208568 0 539216 8 0
2191514960 0 539224 8 0
2193183561 0 539296 8 0
2226015039 0 4466192 32 0
2229509285 0 4466224 88 0
2194614642 0 539304 8 0
2195959178 0 76688 8 0
2197321855 0 76680 8 0
2198541030 0 540440 8 0
2200004444 0 78336 8 0
2200075710 0 663480 8 0
2201253972 0 78344 8 0
2201267203 0 78352 8 0
2201285042 0 78360 8 0
2201490257 0 540464 8 0
2206936350 0 4204552 8 0
2206948723 0 4204560 8 0
2206956121 0 4204568 8 0
2206964832 0 4204584 8 0
2206970495 0 4204576 8 0
2206985605 0 4283432 8 0
2208543715 0 1081344 192 0
2208598229 0 1080824 248 0
2208636615 0 1081072 8 0
2208662604 0 1078320 248 0
2208700407 0 1078568 8 0
2208730321 0 82808 8 0
2210796775 0 265064 8 0
2212635721 0 4261944 8 0
2224292762 0 657432 248 0
2224344063 0 657680 8 0
2224368289 0 4503488 104 0
2225566976 0 2088 8 0
2225615948 0 1290240 8 1
2256244289 0 4283424 8 0
2258038407 0 266224 32 0
2262374913 0 266256 16 0
2266753488 0 4262048 8 0
2267967162 0 4194448 8 0
2278416576 0 1077912 248 0
2278426614 0 1078160 8 0
2278530103 0 1078576 136 0
2278623865 0 1078968 168 0
2278703526 0 1079136 248 0
2278709529 0 1079384 8 0
2278753318 0 1081080 192 0
2278881973 0 1080616 208 0
2279016856 0 1081272 72 0
2279124358 0 663336 136 0
2285352712 0 662752 8 0
2286673931 0 662760 8 0
2288342222 0 662768 8 0
2288423040 0 662776 8 0
2288521193 0 662784 8 0
2288586481 0 662792 8 0
2290632836 0 662800 8 0
2290711794 0 662808 8 0
2290819709 0 662816 8 0
2290892444 0 662824 8 0
2290985631 0 662832 8 0
2291053035 0 662840 8 0
2291169092 0 662848 8 0
2291232649 0 662856 8 0
2291302740 0 662864 8 0
2291383682 0 662872 8 0
2291449119 0 662880 8 0
2291554391 0 662888 8 0
2291622023 0 662896 8 0
2291739743 0 662904 8 0
2291802202 0 662912 8 0
2291874392 0 662920 8 0
2291954578 0 662928 8 0
2292019987 0 662936 8 0
2292132947 0 662944 8 0
2292220456 0 662952 8 0
2292298519 0 662960 8 0
2292365387 0 662968 8 0
2292429667 0 662976 8 0
2292491230 0 662984 8 0
2292547768 0 662992 8 0
2292606477 0 663000 8 0
2292673206 0 663008 8 0
2292729324 0 663016 8 0
2292786167 0 663024 8 0
2292843877 0 663032 8 0
2292900897 0 663040 8 0
2292958005 0 663048 8 0
2293017787 0 663056 8 0
2293075938 0 663064 8 0
2293138170 0 663072 8 0
2293198364 0 663080 8 0
2293269895 0 663088 8 0
2293329206 0 663096 8 0
2293388661 0 663104 8 0
2293446244 0 663112 8 0
2293527721 0 663128 8 0
2293588854 0 663136 8 0
2293645658 0 663144 8 0
2293701381 0 663152 8 0
2293757202 0 663160 8 0
2293814875 0 663168 8 0
2293873461 0 663176 8 0
2293967635 0 663184 8 0
2294028178 0 663192 8 0
2294088233 0 663200 8 0
2294223670 0 663208 8 0
2294293581 0 663216 8 0
2294353817 0 663224 8 0
2294407438 0 663232 8 0
2294624343 0 1076784 248 0
2294631508 0 1077032 8 0
2294733047 0 1078168 136 0
2295299092 0 82752 8 0
2296745037 0 1019152 32 0
2300043311 0 1019296 144 0
2307708954 0 1019184 112 0
2308368352 0 759112 32 0
2331612329 0 763104 144 0
2343741270 0 802816 32 0
2349424495 0 809080 144 0
2357163462 0 802848 224 0
2365273610 0 803072 248 0
2365278570 0 803320 8 0
2365310354 0 803328 248 0
2365310847 0 803576 8 0
2365440218 0 759144 224 0
2385304021 0 759368 248 0
2385309941 0 759616 8 0
2385461555 0 807176 248 0
2385469984 0 807424 8 0
2407371148 0 804992 248 0
2407380283 0 805240 8 0
2407461150 0 803584 200 0
2407662795 0 805776 248 0
2407670165 0 806024 8 0
2407751231 0 806472 248 0
2407757047 0 806720 8 0
2407827577 0 805248 200 0
2407959755 0 806264 208 0
2408065148 0 761640 248 0
2408072528 0 761888 8 0
2423384288 0 761360 248 0
2423389845 0 761608 8 0
2434165902 0 760896 248 0
2434173811 0 761144 8 0
2440120668 0 792880 32 0
2443426984 0 792912 40 0
2446148659 0 982280 32 0
2450463372 0 982312 144 0
2455855367 0 982456 32 0
2455947376 0 982488 40 0
2456091401 0 778208 32 0
2462097625 0 982528 32 0
2462197894 0 982560 144 0
2462359044 0 577416 32 0
2462429142 0 578104 144 0
2468526979 0 580784 32 0
2473522927 0 581056 136 0
2479838596 0 580816 240 0
2480027310 0 586824 32 0
2487975294 0 586896 136 0
2501578886 0 579056 32 0
2504956522 0 579480 136 0
2510934518 0 579088 224 0
2515607339 0 584360 32 0
2519715905 0 584392 88 0
2522654338 0 584480 32 0
2522701542 0 584976 136 0
2532153728 0 584512 224 0
2532952573 0 340960 32 0
2585744341 0 342336 144 0
2595119925 0 340992 224 0
2601107579 0 4491024 32 0
2601170453 0 4491912 144 0
2601275925 0 582640 32 0
2605879803 0 584128 144 0
2612732499 0 582672 224 0
2618148606 0 581192 32 0
2618205622 0 581424 136 0
2618269305 0 581224 200 0
2618378268 0 4484960 32 0
2618451256 0 584272 32 0
2618495767 0 584304 56 0
2618552947 0 587032 32 0
2618595656 0 587112 136 0
2618640946 0 587064 48 0
2618680239 0 578560 32 0
2618734273 0 578912 144 0
2625457774 0 578592 224 0
2627229678 0 347744 32 0
2627860275 0 347776 128 0
2627932593 0 343336 32 0
2659948999 0 343728 136 0
2666582023 0 4492056 32 0
2666635871 0 4492088 8 0
2666710801 0 4512672 32 0
2671110962 0 580128 32 0
2671158177 0 580160 40 0
2671228714 0 581560 32 0
2671282578 0 582504 136 0
2671382614 0 581592 224 0
2671463009 0 576128 32 0
2671508169 0 577280 136 0
2671597510 0 576176 248 0
2671649495 0 576424 8 0
2671693044 0 579616 32 0
2671747386 0 579880 136 0
2671811066 0 579648 224 0
2671888428 0 586656 32 0
2671927474 0 586688 136 0
2671997721 0 340224 32 0
2675227510 0 340256 32 0
2677640956 0 588400 32 0
2677682562 0 588592 136 0
2677747952 0 580016 32 0
2677781935 0 580048 80 0
2677837839 0 580200 32 0
2677882661 0 580640 144 0
2677943874 0 580232 224 0
2678007181 0 344344 32 0
2678045693 0 345680 144 0
2684178446 0 577448 224 0
2688156795 0 344376 224 0
2696007028 0 344600 248 0
2696040549 0 344848 8 0
2696068440 0 581816 248 0
2696109719 0 582064 8 0
2696134048 0 576160 16 0
2696266249 0 579872 8 0
2696325886 0 576432 240 0
2696389166 0 580456 184 0
2696444631 0 582896 248 0
2696486570 0 583144 8 0
2696600050 0 341216 248 0
2696640464 0 341464 8 0
2696849381 0 343368 224 0
2700195645 0 343592 136 0
2700295717 0 578816 96 0
2700532962 0 4491056 224 0
2700681046 0 584736 240 0
2700888136 0 4491280 248 0
2700926425 0 4491528 8 0
2700993847 0 579312 168 0
2701058193 0 586856 40 0
2701140434 0 577672 248 0
2701185615 0 577920 8 0
2701287971 0 583152 248 0
2701333343 0 583400 8 0
2701463756 0 792960 32 0
2701512121 0 792992 96 0
2701732315 0 1009104 32 0
2709196983 0 1014272 144 0
2717399952 0 1009136 248 0
2717599646 0 1009384 8 0
2717637509 0 1009392 248 0
2717641726 0 1009640 8 0
2726916817 0 1014416 32 0
2727099963 0 1014448 80 0
2727195751 0 846696 32 0
2740317903 0 849296 136 0
2749726384 0 846728 224 0
2762175574 0 71032 8 0
2764603737 0 4498072 32 0
2764657049 0 4498240 136 0
2764736990 0 4498104 136 0
2764816044 0 846952 248 0
2764849655 0 847200 8 0
2764947538 0 847208 248 0
2765149390 0 847456 8 0
2765193609 0 848504 248 0
2765198006 0 848752 8 0
2772585381 0 849440 32 0
2772930996 0 849472 32 0
2772977337 0 851448 136 0
2785011229 0 849504 224 0
2785144823 0 4541448 32 0
2791004327 0 4542008 136 0
2797975706 0 4541480 224 0
2805839072 0 4538240 32 0
2811931424 0 4541312 136 0
2821544909 0 4541112 200 0
2829912620 0 4538440 248 0
2829946868 0 4538688 8 0
2844536219 0 4538696 248 0
2844570102 0 4538944 8 0
2844613425 0 4538952 248 0
2844783737 0 4539200 8 0
2844864417 0 4539208 248 0
2844864979 0 4539456 8 0
2847112854 0 4538304 136 0
2853634716 0 4538272 32 0
2854511750 0 4541704 248 0
2854557018 0 4541952 8 0
2854648085 0 849728 248 0
2854688957 0 849976 8 0
2854737946 0 850456 248 0
2855274605 0 850704 8 0
2855340675 0 851256 192 0
2855478933 0 793088 32 0
2855530989 0 793856 136 0
2855582454 0 793120 248 0
2855625285 0 793368 8 0
2855691762 0 548992 32 0
2912882226 0 552600 136 0
2918699420 0 549024 224 0
2924245095 0 549416 248 0
2924278814 0 549664 8 0
2924352448 0 553800 32 0
2930436222 0 556320 144 0
2936880556 0 553832 224 0
2946906281 0 554056 168 0
2947117551 0 557056 32 0
2950676646 0 864608 136 0
2960456571 0 552736 32 0
2960507103 0 552768 64 0
2960715692 0 554224 248 0
2960752886 0 554472 8 0
2960791943 0 554480 248 0
2960983398 0 554728 8 0
2961072070 0 549672 248 0
2961285242 0 549920 8 0
2961324277 0 549928 248 0
2961359571 0 550176 8 0
2961385463 0 549248 128 0
2961554114 0 793376 248 0
2961798305 0 793624 8 0
2961869263 0 549376 40 0
2961942701 0 555560 248 0
2962354423 0 555808 8 0
2970070896 0 551920 248 0
2970076235 0 552168 8 0
2980571010 0 793632 224 0
2980805261 0 851584 32 0
2980858609 0 851616 96 0
2981145675 0 1015336 32 0
2981186520 0 1018064 136 0
3014295512 0 1015368 224 0
3014393106 0 1015592 248 0
3014435027 0 1015840 8 0
3014552567 0 1015848 248 0
3014625960 0 1016096 8 0
3014686525 0 1016104 208 0
3024049467 0 1017768 248 0
3024092637 0 1018016 8 0
3033277689 0 793992 32 0
3033338018 0 794024 64 0
3033430003 0 556464 32 0
3034184501 0 556696 136 0
3034243102 0 556496 200 0
3034397646 0 1019040 32 0
3040387978 0 1019072 80 0
3040520577 0 794088 32 0
3040563006 0 794224 144 0
3040607356 0 794120 104 0
3040776984 0 867792 32 0
3074212490 0 868000 136 0
3079858280 0 867824 176 0
3083869681 0 868352 32 0
3083926492 0 950704 248 0
3083975434 0 950952 8 0
3094101603 0 947088 248 0
3094131199 0 947336 8 0
3111487098 0 870016 248 0
3111530601 0 870264 8 0
3120350420 0 870520 248 0
3120605744 0 870768 8 0
3124722271 0 966656 32 0
3135586163 0 972240 248 0
3135616372 0 972488 8 0
3151268027 0 971720 248 0
3151331724 0 971968 8 0
3174301622 0 4512656 16 0
3178262788 0 966688 224 0
3183665656 0 971976 248 0
3183700788 0 972224 8 0
3183734271 0 966912 248 0
3183766495 0 967160 8 0
3183784690 0 972232 8 0
3183823923 0 967168 248 0
3184056243 0 967416 8 0
3184140503 0 967424 248 0
3184140964 0 967672 8 0
3188463743 0 868384 224 0
3188522670 0 869200 248 0
3188564745 0 869448 8 0
3188588760 0 870272 248 0
3188648705 0 868936 248 0
3188688738 0 869184 8 0
3188711955 0 868608 248 0
3188752178 0 868856 8 0
3188779411 0 869472 248 0
3188864672 0 869720 8 0
3203918237 0 869728 224 0
3203968594 0 869456 16 0
3203983554 0 869952 64 0
3204000011 0 868864 72 0
3204083026 0 947360 248 0
3204124479 0 947608 8 0
3204151940 0 947616 136 0
3204186365 0 870776 128 0
3204246193 0 870904 248 0
3204288473 0 871152 8 0
3204318002 0 947752 248 0
3204546787 0 948000 8 0
3204583134 0 871160 248 0
3204619020 0 871408 8 0
3204652041 0 948008 248 0
3204688435 0 948256 8 0
3204757654 0 871416 248 0
3204794380 0 871664 8 0
3204866217 0 871672 248 0
3205276920 0 871920 8 0
3205318150 0 948264 248 0
3205355749 0 948512 8 0
3205417954 0 871928 248 0
3205456004 0 872176 8 0
3205529552 0 872184 248 0
3205565838 0 872432 8 0
3205604971 0 948520 248 0
3205641546 0 948768 8 0
3205697462 0 872440 248 0
3205734243 0 872688 8 0
3205810275 0 948776 248 0
3206435306 0 949024 8 0
3206484671 0 872696 248 0
3206485049 0 872944 8 0
3206538969 0 949032 248 0
3206539403 0 949280 8 0
3214008895 0 872952 248 0
3214052312 0 873200 8 0
3214108416 0 949288 248 0
3214141154 0 949536 8 0
3214198541 0 873208 248 0
3214239643 0 873456 8 0
3214296252 0 949544 248 0
3214329004 0 949792 8 0
3214406389 0 873464 248 0
3214448931 0 873712 8 0
3214492902 0 949800 248 0
3214499006 0 950048 8 0
3214547409 0 873720 248 0
3214547852 0 873968 8 0
3214612872 0 873976 248 0
3214613229 0 874224 8 0
3221352042 0 874232 248 0
3221385963 0 874480 8 0
3221411743 0 950056 248 0
3221444558 0 950304 8 0
3221521601 0 874488 248 0
3221554322 0 874736 8 0
3221595173 0 950312 248 0
3221632088 0 950560 8 0
3221699730 0 874744 248 0
3221709763 0 874992 8 0
3221761684 0 950568 136 0
3221811564 0 875000 248 0
3221811946 0 875248 8 0
3222943027 0 875256 248 0
3222955295 0 875504 8 0
3223022767 0 875512 248 0
3223023127 0 875760 8 0
3225154904 0 875768 248 0
3225165548 0 876016 8 0
3225233561 0 876024 248 0
3225233959 0 876272 8 0
3227388619 0 869192 8 0
3228085888 0 876280 248 0
3228096837 0 876528 8 0
3228997854 0 876536 248 0
3228998572 0 876784 8 0
3234046911 0 947344 16 0
3234103893 0 876792 248 0
3234135848 0 877040 8 0
3234210854 0 877048 248 0
3234243242 0 877296 8 0
3234371086 0 967680 136 0
3234415610 0 877360 248 0
3234447656 0 877608 8 0
3234474030 0 901880 248 0
3234515170 0 902128 8 0
3308644069 0 868160 32 0
3308724136 0 868192 32 0
3308825274 0 1019568 32 0
3308864793 0 1019600 48 0
3308939996 0 573864 32 0
3314212747 0 574104 136 0
3319754175 0 573896 208 0
3322915368 0 794368 32 0
3322974875 0 794480 144 0
3323644218 0 794400 80 0
3323838080 0 1019648 32 0
3323881055 0 1020056 136 0
3323952910 0 1019680 224 0
3324817347 0 1019904 152 0
3324957029 0 1020224 32 0
3324997075 0 1020256 32 0
3325109532 0 1020808 32 0
3325152330 0 1021336 144 0
3325207946 0 1020840 224 0
3325303700 0 1021064 248 0
3325345876 0 1021312 8 0
3325432293 0 1021480 32 0
3325487651 0 1021520 136 0
3325535966 0 1021512 8 0
3325619086 0 1021832 32 0
3325677291 0 1022488 144 0
3325726753 0 1021864 248 0
3325767305 0 1022112 8 0
3325832241 0 1022120 248 0
3325873377 0 1022368 8 0
3325965886 0 1022632 32 0
3326045799 0 1022936 32 0
3326096179 0 1023456 144 0
3326150684 0 1022968 248 0
3326192930 0 1023216 8 0
3326238335 0 1023224 232 0
3326388804 0 1023600 32 0
3326430632 0 1023776 144 0
3326481765 0 1023632 144 0
3326805565 0 1074032 152 0
3326860425 0 1074184 248 0
3326913493 0 1074432 8 0
3326943365 0 656584 248 0
3326984005 0 656832 8 0
3327014840 0 657248 184 0
3327096767 0 656184 232 0
3327247790 0 656416 136 0
3327334229 0 4486840 248 0
3327377760 0 4487088 8 0
3327443649 0 4487880 240 0
3327531556 0 4487464 160 0
3327584526 0 4487096 248 0
3327627296 0 4487344 8 0
3327654600 0 4486688 152 0
3327909319 0 4486336 144 0
3328265981 0 4487352 112 0
3328506753 0 4486480 128 0
3329295183 0 1074440 176 0
3329365034 0 1074616 248 0
3329414917 0 1074864 8 0
3329474300 0 1075472 248 0
3329515973 0 1075720 8 0
3329806994 0 1075728 248 0
3329858835 0 1075976 8 0
3329978920 0 1075984 144 0
3330035545 0 1076304 248 0
3330075872 0 1076552 8 0
3330097330 0 1076560 208 0
3330629754 0 1076128 152 0
3330785319 0 1076280 24 0
3331050150 0 1077248 248 0
3331125380 0 1077496 8 0
3331165135 0 1077040 192 0
3331252279 0 1077504 160 0
3331379688 0 1078304 16 0
3331502272 0 1077744 168 0
3331795718 0 577928 176 0
3331852811 0 4486608 80 0
3332030227 0 1017400 248 0
3332085962 0 1017648 8 0
3332110420 0 1016472 248 0
3332194012 0 1016720 8 0
3332233807 0 1018024 40 0
3332350319 0 1016728 216 0
3332405769 0 1017192 208 0
3332466724 0 1017656 112 0
3373383243 0 848768 248 0
3373426839 0 849016 8 0
3373476723 0 847464 216 0
3373631138 0 4541960 48 0
3373665714 0 4539712 248 0
3373705095 0 4539960 8 0
3373738930 0 4540392 248 0
3373778431 0 4540640 8 0
3373811731 0 4540648 192 0
3373911144 0 850024 248 0
3373952412 0 850272 8 0
3373971604 0 850280 176 0
3374482974 0 1016944 216 0
3375256443 0 1022376 112 0
3375398191 0 1022664 8 0
3379271231 0 4481952 40 0
3379337309 0 762384 248 0
3379378609 0 762632 8 0
3379462379 0 762640 144 0
3380446029 0 759624 152 0
3380544367 0 760040 248 0
3380585406 0 760288 8 0
3380607951 0 759776 144 0
3381372206 0 760296 240 0
3381429714 0 760616 248 0
3381469488 0 760864 8 0
3381514376 0 762000 248 0
3381552913 0 762248 8 0
3381607815 0 759920 120 0
3381674291 0 762256 128 0
3381744279 0 760536 80 0
3385796615 0 805568 208 0
3385857875 0 806728 248 0
3385905569 0 806976 8 0
3385929302 0 807000 176 0
3421348493 0 807640 248 0
3421448338 0 807888 8 0
3421481178 0 808104 248 0
3421521453 0 808352 8 0
3421541649 0 807432 128 0
3421582664 0 807896 136 0
3421695141 0 805448 120 0
3421986586 0 4493760 176 0
3422184645 0 708608 8 0
3422359084 0 82624 8 0
3424517597 0 82632 8 0
3426223021 0 770440 32 0
3426275856 0 774504 136 0
3431562524 0 770472 248 0
3431597591 0 770720 8 0
3431633066 0 770728 248 0
3431666927 0 770976 8 0
3431798728 0 773008 248 0
3431831410 0 773256 8 0
3441182831 0 772720 248 0
3441223103 0 772968 8 0
3449350841 0 772248 248 0
3449391439 0 772496 8 0
3456995676 0 773744 248 0
3457031694 0 773992 8 0
3457131178 0 774000 144 0
3458122186 0 771408 248 0
3458179497 0 771656 8 0
3465403988 0 771032 248 0
3465448430 0 771280 8 0
3465465399 0 770984 48 0
3465520948 0 773360 248 0
3465567136 0 773608 8 0
3465607809 0 773616 128 0
3466112380 0 771664 192 0
3466163737 0 771856 176 0
3466466752 0 83288 8 0
3479158135 0 772056 192 0
3480361270 0 1080296 248 0
3480410957 0 1080544 8 0
3480498098 0 774144 152 0
3480677686 0 82672 8 0
3513006387 0 82680 8 0
3519208989 0 778240 32 0
3519881406 0 837136 144 0
3555983426 0 778272 248 0
3556039273 0 778520 8 0
3556083984 0 778528 248 0
3556135512 0 778776 8 0
3556214401 0 836976 160 0
3563983436 0 778784 248 0
3564030716 0 779032 8 0
3564186636 0 785112 248 0
3564238165 0 785360 8 0
3564265640 0 784352 248 0
3564313218 0 784600 8 0
3564340651 0 783000 248 0
3564388830 0 783248 8 0
3564419324 0 781888 248 0
3564465416 0 782136 8 0
3564499408 0 783632 248 0
3564544079 0 783880 8 0
3564580134 0 780144 248 0
3564626101 0 780392 8 0
3564663454 0 780008 136 0
3564723405 0 785368 248 0
3564762905 0 785616 8 0
3564790570 0 779872 136 0
3564833866 0 779728 144 0
3564886413 0 779592 136 0
3564958830 0 779448 144 0
3565047427 0 779312 136 0
3565116431 0 779112 200 0
3565190915 0 779040 72 0
3565356130 0 786288 144 0
3565396703 0 835952 112 0
3567046824 0 784704 248 0
3567047613 0 784952 8 0
3571862610 0 783256 208 0
3571948317 0 785800 248 0
3572009803 0 786048 8 0
3572050291 0 783488 144 0
3572103190 0 786056 144 0
3572724116 0 783888 128 0
3572775677 0 784608 96 0
3572832135 0 784960 152 0
3572879487 0 784208 144 0
3573020181 0 836064 248 0
3573128977 0 836312 8 0
3573177453 0 784016 192 0
3573199887 0 663264 32 0
3575381887 0 783464 24 0
3575932575 0 781192 248 0
3575983468 0 781440 8 0
3576014614 0 781448 128 0
3576516542 0 82760 8 0
3578463470 0 82768 8 0
3580380227 0 1083896 32 0
3581332881 0 1089040 144 0
3587309757 0 1083928 248 0
3587361579 0 1084176 8 0
3587401911 0 1084184 248 0
3587450622 0 1084432 8 0
3587615956 0 1087312 248 0
3587667160 0 1087560 8 0
3587696791 0 1086488 248 0
3587745691 0 1086736 8 0
3587778981 0 1085216 248 0
3587827236 0 1085464 8 0
3587858502 0 1084440 176 0
3588103599 0 1087568 128 0
3588188451 0 1088176 248 0
3588238580 0 1088424 8 0
3589724278 0 1085800 248 0
3589776571 0 1086048 8 0
3589831010 0 1086840 248 0
3589885666 0 1087088 8 0
3589927425 0 1085472 208 0
3590009405 0 1087792 248 0
3590056162 0 1088040 8 0
3590080636 0 1085680 120 0
3590140935 0 1088048 128 0
3590562898 0 1088432 248 0
3590610108 0 1088680 8 0
3590824398 0 1084616 160 0
3590889030 0 1086056 200 0
3590944397 0 1086744 96 0
3590989229 0 1084776 192 0
3591091185 0 82792 8 0
3591146000 0 82800 8 0
3616743556 0 1096112 32 0
3618486950 0 1102240 144 0
3625024182 0 1096144 248 0
3625062144 0 1096392 8 0
3625098491 0 1096400 248 0
3625160193 0 1096648 8 0
3625337447 0 1100360 248 0
3625338278 0 1100608 8 0
3637738174 0 1099696 248 0
3637778781 0 1099944 8 0
3652510511 0 1098296 248 0
3652552355 0 1098544 8 0
3662277271 0 1096872 248 0
3662313420 0 1097120 8 0
3675000099 0 1098856 248 0
3675535472 0 1099104 8 0
3675572972 0 1096704 168 0
3708415345 0 708624 8 0
3708596104 0 78392 8 0
3742062238 0 78408 8 0
3742103920 0 708680 8 0
3743064127 0 1099112 168 0
3743437245 0 1099528 168 0
3743476422 0 807560 80 0
3743608378 0 4578512 40 0
3744281761 0 82608 8 0
3744360035 0 2080 8 0
3705102773 0 1096656 48 0
3705172994 0 1100616 248 0
3705215947 0 1100864 8 0
3705330618 0 1101232 248 0
3705372345 0 1101480 8 0
3706483561 0 1100040 248 0
3706527200 0 1100288 8 0
3706561632 0 1098552 184 0
3706630580 0 1100872 232 0
3707420558 0 1101104 128 0
3708191525 0 1098736 120 0
3708453219 0 4567064 8 0
3742124279 0 803784 176 0
3742208355 0 803960 248 0
3742252233 0 804208 8 0
3742308266 0 806984 16 0
3742354724 0 804304 248 0
3742397810 0 804552 8 0
3742413566 0 804216 88 0
3742501031 0 4578480 32 0
3742559236 0 1099952 88 0
3742666697 0 804656 248 0
3742731821 0 804904 8 0
3742765589 0 804560 96 0
3776843555 0 1294336 8 1
3781520871 0 1294344 8 1
3777011997 0 82616 8 0
3781974012 0 763248 32 0
3782046297 0 770296 144 0
3782105977 0 763280 248 0
3782150954 0 763528 8 0
3782180507 0 763536 248 0
3782221746 0 763784 8 0
3782428530 0 768192 248 0
3782470325 0 768440 8 0
3782499355 0 766088 248 0
3782540860 0 766336 8 0
3782568816 0 764736 248 0
3782609260 0 764984 8 0
3782646674 0 766648 248 0
3782689005 0 766896 8 0
3782750268 0 764592 144 0
3782810899 0 764448 144 0
3782874116 0 764192 248 0
3782916648 0 764440 8 0
3782967983 0 764032 160 0
3783014946 0 768448 168 0
3783056251 0 763872 160 0
3783204979 0 763792 80 0
3783332856 0 769208 248 0
3783376148 0 769456 8 0
3784623882 0 766344 224 0
3784682529 0 768824 248 0
3784721855 0 769072 8 0
3784754031 0 766568 80 0
3784794226 0 769080 128 0
3784929271 0 768616 128 0
3785055026 0 663240 8 0
3785090466 0 769464 248 0
3785128160 0 769712 8 0
3785761950 0 767720 248 0
3785803297 0 767968 8 0
3786020595 0 82776 8 0
3786138008 0 82784 8 0
3786327360 0 1089184 32 0
3786376518 0 1095968 144 0
3786433170 0 1089224 248 0
3786471982 0 1089472 8 0
3786535504 0 1089480 248 0
3786574420 0 1089728 8 0
3786608501 0 1089736 248 0
3786646454 0 1089984 8 0
3786675841 0 1089216 8 0
3786819251 0 1094032 248 0
3786857697 0 1094280 8 0
3786883563 0 1091944 248 0
3786921717 0 1092192 8 0
3786947666 0 1090608 248 0
3786985174 0 1090856 8 0
3787016963 0 1092504 248 0
3787054403 0 1092752 8 0
3787077413 0 1090448 160 0
3787118627 0 1090288 160 0
3787167605 0 1090096 192 0
3787214759 0 1089992 104 0
3787282742 0 1094896 248 0
3787321014 0 1095144 8 0
3787392908 0 1094288 248 0
3787431143 0 1094536 8 0
3789291002 0 1093584 248 0
3789335808 0 1093832 8 0
3789361904 0 1092200 184 0
3789422510 0 1094544 224 0
3789488717 0 1094768 128 0
3789569327 0 1093280 248 0
3789608843 0 1093528 8 0
3789650403 0 1093840 192 0
3789717890 0 1095152 248 0
3789756802 0 1095400 8 0
3789779306 0 1092760 160 0
3789823072 0 1093112 168 0
3789870689 0 1092920 184 0
3791344126 0 83128 8 0
3792988558 0 806032 232 0
3793047266 0 1028736 32 0
3793134964 0 1028712 8 0
3793214886 0 4567088 32 0
3796019630 0 4567120 64 0
3796882594 0 4567184 24 0
3797873147 0 82688 8 0
3797995687 0 82696 8 0
3798207952 0 999424 32 0
3801819424 0 1008960 144 0
3810204612 0 999456 248 0
3810418819 0 999704 8 0
3810448822 0 999712 248 0
3810449188 0 999960 8 0
3815610954 0 1008792 168 0
3824138322 0 999968 248 0
3824403961 0 1000216 8 0
3824527432 0 1006424 248 0
3824559412 0 1006672 8 0
3843595660 0 1005664 248 0
3843631902 0 1005912 8 0
3856951240 0 1004312 248 0
3856985546 0 1004560 8 0
3865759708 0 1003216 248 0
3865835794 0 1003464 8 0
3871194919 0 1004944 248 0
3871679070 0 1005192 8 0
3871718970 0 1001480 248 0
3871758891 0 1001728 8 0
3871806930 0 1001312 168 0
3871866012 0 1001096 216 0
3871992100 0 1000872 224 0
3872078526 0 1000728 144 0
3872156329 0 1000472 248 0
3872199416 0 1000720 8 0
3872236987 0 1000336 136 0
3872299190 0 1000224 112 0
3872380809 0 1004656 248 0
3872415661 0 1004904 8 0
3872438138 0 1004568 88 0
3872482363 0 1007248 248 0
3872522542 0 1007496 8 0
3872551279 0 1006704 248 0
3872592931 0 1006952 8 0
3872610923 0 1004912 32 0
3873401846 0 1006680 24 0
3873448716 0 1007608 248 0
3873490005 0 1007856 8 0
3874984550 0 1006000 248 0
3875030869 0 1006248 8 0
3875100401 0 1007864 248 0
3875141699 0 1008112 8 0
3875615246 0 347504 96 0
3875715635 0 1008616 176 0
3877383604 0 82640 8 0
3877488198 0 82648 8 0
3877769958 0 774640 32 0
3877820233 0 774992 136 0
3877880981 0 774672 248 0
3877934258 0 774920 8 0
3878015829 0 774928 64 0
3879283547 0 4539464 248 0
3879386803 0 4540032 248 0
3879452823 0 4540280 8 0
3879526947 0 4540288 104 0
3881062641 0 82720 8 0
3881135501 0 82728 8 0
3881369077 0 1058672 32 0
3894883180 0 1071736 144 0
3900533097 0 1071424 248 0
3900566454 0 1071672 8 0
3906559776 0 1058704 248 0
3906791350 0 1058952 8 0
3906818706 0 1058960 248 0
3906818997 0 1059208 8 0
3911576374 0 1071168 248 0
3911619225 0 1071416 8 0
3920701199 0 1059216 248 0
3920982447 0 1059464 8 0
3921064486 0 1059472 248 0
3921098494 0 1059720 8 0
3921254023 0 1067456 248 0
3921291231 0 1067704 8 0
3940190839 0 1065376 248 0
3940223468 0 1065624 8 0
3951420107 0 1064048 248 0
3951454875 0 1064296 8 0
3964196547 0 1065928 248 0
3964301674 0 1066176 8 0
3964328209 0 1068480 248 0
3964367118 0 1068728 8 0
3964401268 0 1063872 176 0
3973744511 0 1063736 136 0
3981830345 0 1063576 160 0
3987521728 0 1060864 248 0
3987562676 0 1061112 8 0
3987586577 0 1060288 248 0
3987737234 0 1060536 8 0
3987760576 0 1059728 176 0
3987814205 0 1065632 176 0
3987869644 0 1069304 248 0
3987901707 0 1069552 8 0
3997905392 0 1069576 248 0
3997941303 0 1069824 8 0
3999247387 0 1067120 248 0
3999289394 0 1067368 8 0
3999344387 0 1068920 248 0
3999420685 0 1069168 8 0
4002435557 0 1065808 120 0
4002487275 0 1069176 128 0
4004655827 0 1066184 248 0
4004697899 0 1066432 8 0
4012365792 0 4842424 8 0
4297853913 0 589776 8 0
4311223845 0 78456 8 0
4312980711 0 78504 8 0
4313063182 0 622592 32 0
4316973959 0 835808 144 0
4322803974 0 622624 224 0
4330776178 0 622848 160 0
4331432034 0 623008 144 0
4332188491 0 623152 248 0
4332200848 0 623400 8 0
4332472028 0 831880 248 0
4332477160 0 832128 8 0
4310904814 0 2072 8 0
4311293321 0 709632 32 0
4311680341 0 709664 40 0
4308944982 0 4458592 32 0
4309048277 0 4458624 64 0
4309410565 0 78448 8 0
4309426797 0 78544 8 0
4309448122 0 710368 8 0
4350746946 0 834480 248 0
4350760024 0 834728 8 0
4362225564 0 629592 248 0
4362232795 0 629840 8 0
4378973077 0 627496 248 0
4378982426 0 627744 8 0
4388551717 0 628280 248 0
4388566410 0 628528 8 0
4391672189 0 627864 248 0
4391679845 0 628112 8 0
4391814066 0 833184 248 0
4391821901 0 833432 8 0
4391890592 0 833440 144 0
4391990113 0 832920 248 0
4391996797 0 833168 8 0
4392100496 0 835520 248 0
4392107066 0 835768 8 0
4392179796 0 628120 160 0
4392304760 0 628536 232 0
4393903184 0 833624 248 0
4393911309 0 833872 8 0
4403019816 0 832648 248 0
4403030265 0 832896 8 0
4403253011 0 832456 192 0
4403430916 0 78464 8 0
4403561544 0 709856 96 0
4404059481 0 78472 8 0
4404259844 0 709704 8 0
4404393014 0 709712 8 0
4404490382 0 709720 8 0
4404592110 0 709728 8 0
4404668676 0 709736 8 0
4404786347 0 709744 8 0
4404872367 0 709752 8 0
4404943677 0 709760 8 0
4405009222 0 709768 8 0
4405075134 0 709776 8 0
4405142341 0 709784 8 0
4405217336 0 709792 8 0
4405302820 0 833584 40 0
4406769103 0 626336 248 0
4406776135 0 626584 8 0
4409801254 0 627752 112 0
4409901983 0 835776 32 0
4409921307 0 834736 128 0
4410051664 0 834864 248 0
4410058825 0 835112 8 0
4410155803 0 835120 248 0
4410162639 0 835368 8 0
4410500727 0 833176 8 0
4414451532 0 623408 224 0
4414541024 0 623632 248 0
4414544669 0 623880 8 0
4414560444 0 629848 224 0
4414665375 0 630640 144 0
4414672404 0 831224 112 0
4414739256 0 630144 248 0
4414739670 0 630392 8 0
4413225325 0 4458808 32 0
4413394072 0 4458840 80 0
4450220340 0 831744 136 0
4452398617 0 630400 192 0
4452624273 0 4539968 64 0
4453164773 0 623888 184 0
4453308006 0 624992 248 0
4453315821 0 625240 8 0
4453501977 0 625248 248 0
4453510017 0 625496 8 0
4453728115 0 625504 128 0
4453848161 0 625848 248 0
4453856688 0 626096 8 0
4453953656 0 626104 208 0
4454536851 0 626312 24 0
4454599811 0 625632 208 0
4455003970 0 626808 248 0
4455014073 0 627056 8 0
4470060576 0 626592 184 0
4472370442 0 626776 32 0
4472394997 0 627064 144 0
4472595821 0 627208 144 0
4472692537 0 627352 144 0
4491640339 0 82704 8 0
4491747094 0 82712 8 0
4492073774 0 1048576 32 0
4518357800 0 1058528 144 0
4525552635 0 1048656 248 0
4525562695 0 1048904 8 0
4532321399 0 1058360 168 0
4544638598 0 1048912 248 0
4544647285 0 1049160 8 0
4544692711 0 1049168 248 0
4544698686 0 1049416 8 0
4544738539 0 1048608 48 0
4545516574 0 1055952 248 0
4545526823 0 1056200 8 0
4585670655 0 1055192 248 0
4585681349 0 1055440 8 0
4585762209 0 1049424 248 0
4585769884 0 1049672 8 0
4585796829 0 1053840 248 0
4585797221 0 1054088 8 0
4585916230 0 1052744 248 0
4585922197 0 1052992 8 0
4586014321 0 1054472 248 0
4586020423 0 1054720 8 0
4586103133 0 1051008 248 0
4586109040 0 1051256 8 0
4586196947 0 1050840 168 0
4586272775 0 1050704 136 0
4586333546 0 1050568 136 0
4586419287 0 1050408 160 0
4586511586 0 1050184 224 0
4586592452 0 1050016 168 0
4586676736 0 1049736 248 0
4586682342 0 1049984 8 0
4586781881 0 1054096 200 0
4586901177 0 1049680 56 0
4587013154 0 1057168 248 0
4587020278 0 1057416 8 0
4587244813 0 1056208 128 0
4588273876 0 1054328 144 0
4588351419 0 1056816 248 0
4588357278 0 1057064 8 0
4588433344 0 1055544 248 0
4588438962 0 1055792 8 0
4588522208 0 1056680 136 0
4588574571 0 1054296 32 0
4588628138 0 1056344 248 0
4588633369 0 1056592 8 0
4588833189 0 1055448 96 0
4588953748 0 1057424 248 0
4588961028 0 1057672 8 0
4588979157 0 1054728 168 0
4589048074 0 1055048 144 0
4589106751 0 1055800 152 0
4589161640 0 1054896 136 0
4589824525 0 4819872 8 0
4591733015 0 1052048 248 0
4591741515 0 1052296 8 0
4591810356 0 1056336 8 0
4591827270 0 1052304 136 0
5421009010 0 663512 8 0
5428452444 0 613864 32 0
5438067851 0 614416 248 0
5438079399 0 614664 8 0
5447987152 0 613896 224 0
5421093052 0 3932160 8 1
5421123693 0 3932168 8 1
5421226225 0 3932176 8 1
5421226656 0 3932184 8 1
5421229554 0 3932192 8 1
5421229878 0 3932200 8 1
5421230188 0 3932208 8 1
5421230489 0 3932216 8 1
5421230726 0 3932224 8 1
5421231044 0 3932232 8 1
5421231463 0 3932240 8 1
5421231773 0 3932248 8 1
5421232010 0 3932256 8 1
5421232316 0 3932264 8 1
5421232635 0 3932272 8 1
5421233005 0 3932280 8 1
5421233244 0 3932288 8 1
5421233482 0 3932296 8 1
5421233719 0 3932304 8 1
5421233957 0 3932312 8 1
5421234195 0 3932320 8 1
5421234440 0 3932328 8 1
5421234679 0 3932336 8 1
5421234917 0 3932344 8 1
5421235163 0 3932352 8 1
5421237510 0 3932360 8 1
5421237750 0 3932368 8 1
5421237998 0 3932376 8 1
5421238236 0 3932384 8 1
5421238474 0 3932392 8 1
5421238715 0 3932400 8 1
5421238949 0 3932408 8 1
5421239189 0 3932416 8 1
5421239427 0 3932424 8 1
5421239664 0 3932432 8 1
5421239902 0 3932440 8 1
5421240143 0 3932448 8 1
5421240382 0 3932456 8 1
5421240620 0 3932464 8 1
5421240855 0 3932472 8 1
5421241094 0 3932480 8 1
5421241335 0 3932488 8 1
5421241583 0 3932496 8 1
5421241822 0 3932504 8 1
5421242061 0 3932512 8 1
5421242309 0 3932520 8 1
5421244747 0 3932528 8 1
5421244988 0 3932536 8 1
5421245226 0 3932544 8 1
5421245464 0 3932552 8 1
5421245706 0 3932560 8 1
5421245942 0 3932568 8 1
5421246178 0 3932576 8 1
5421246416 0 3932584 8 1
5421246711 0 3932592 8 1
5421246949 0 3932600 8 1
5421247187 0 3932608 8 1
5421247423 0 3932616 8 1
5421247662 0 3932624 8 1
5421247903 0 3932632 8 1
5421248140 0 3932640 8 1
5421248382 0 3932648 8 1
5421248623 0 3932656 8 1
5421248871 0 3932664 8 1
5421249108 0 3932672 8 1
5421249346 0 3932680 8 1
5421249594 0 3932688 8 1
5421252170 0 3932696 8 1
5421252409 0 3932704 8 1
5421252651 0 3932712 8 1
5421252993 0 3932720 8 1
5421253300 0 3932728 8 1
5421253538 0 3932736 8 1
5421253851 0 3932744 8 1
5421254146 0 3932752 8 1
5421254463 0 3932760 8 1
5421254701 0 3932768 8 1
5421255014 0 3932776 8 1
5421255322 0 3932784 8 1
5421255619 0 3932792 8 1
5421255857 0 3932800 8 1
5421256172 0 3932808 8 1
5421256474 0 3932816 8 1
5421256718 0 3932824 8 1
5421256964 0 3932832 8 1
5421257207 0 3932840 8 1
5421257446 0 3932848 8 1
5421257694 0 3932856 8 1
5421260603 0 3932864 8 1
5421260843 0 3932872 8 1
5421261081 0 3932880 8 1
5421261319 0 3932888 8 1
5421261556 0 3932896 8 1
5421261796 0 3932904 8 1
5421262031 0 3932912 8 1
5421262269 0 3932920 8 1
5421262507 0 3932928 8 1
5421262748 0 3932936 8 1
5421262990 0 3932944 8 1
5421263228 0 3932952 8 1
5421263466 0 3932960 8 1
5421263705 0 3932968 8 1
5421263943 0 3932976 8 1
5421264184 0 3932984 8 1
5421264423 0 3932992 8 1
5421264670 0 3933000 8 1
5421264909 0 3933008 8 1
5421265149 0 3933016 8 1
5421265393 0 3933024 8 1
5421268131 0 3933032 8 1
5421268369 0 3933040 8 1
5421268607 0 3933048 8 1
5421268844 0 3933056 8 1
5421269083 0 3933064 8 1
5421269322 0 3933072 8 1
5421509317 0 3933080 8 1
5421513201 0 3933088 8 1
5421516785 0 3933096 8 1
5421520847 0 3933104 8 1
5421524267 0 3933112 8 1
5421528137 0 3933120 8 1
5421531691 0 3933128 8 1
5421535230 0 3933136 8 1
5421538300 0 3933144 8 1
5421541736 0 3933152 8 1
5421545407 0 3933160 8 1
5421574808 0 3933168 8 1
5454243548 0 614120 248 0
5454252231 0 614368 8 0
5455262421 0 614376 40 0
5455321769 0 709824 32 0
5455543848 0 614672 216 0
5455760301 0 78488 8 0
5455802495 0 608048 32 0
5459073672 0 608080 64 0
5459137372 0 609168 32 0
5465804475 0 609360 248 0
5465812625 0 609608 8 0
5473560634 0 609200 160 0
5478370497 0 608192 32 0
5478493996 0 608296 248 0
5478501372 0 608544 8 0
5478575467 0 608224 72 0
5478625163 0 710208 32 0
5478689716 0 710240 64 0
5478764026 0 709952 32 0
5478849059 0 709984 64 0
5478896250 0 607744 32 0
5482869905 0 607776 224 0
5486123174 0 608000 48 0
5486220542 0 710064 32 0
5486361774 0 710096 64 0
5486407430 0 606208 32 0
5489830550 0 606408 248 0
5489838397 0 606656 8 0
5499275939 0 606240 168 0
5502109322 0 612536 32 0
5505192531 0 612568 64 0
5506516526 0 78376 8 0
5507339789 0 78384 8 0
5507411467 0 663488 8 0
5508819786 0 78496 8 0
5508937125 0 613856 8 0
6453149077 0 662192 8 0
6478943179 0 663528 8 0
6487995577 0 696320 32 0
6492263221 0 776912 144 0
6492383561 0 696352 248 0
6492391713 0 696600 8 0
6499272691 0 696608 248 0
6499284167 0 696856 8 0
6499711070 0 702344 248 0
6499727737 0 702592 8 0
6512437532 0 701504 248 0
6512445939 0 701752 8 0
6523956362 0 700176 248 0
6523965190 0 700424 8 0
6533410730 0 699080 248 0
6533419605 0 699328 8 0
6543287012 0 700752 248 0
6543298948 0 701000 8 0
6543424456 0 702600 128 0
6543801638 0 698880 200 0
6551685490 0 698744 136 0
6587798032 0 4483872 248 0
6587808497 0 4484120 8 0
6557476453 0 701008 208 0
6557556087 0 701760 136 0
6557635188 0 700432 200 0
6557780233 0 698600 144 0
6563460289 0 698456 144 0
6571598817 0 698280 176 0
6577443770 0 697824 248 0
6577452878 0 698072 8 0
6582281847 0 697632 192 0
6582365756 0 697352 248 0
6582372034 0 697600 8 0
6582441384 0 697216 136 0
6582535541 0 697064 152 0
6582607359 0 696864 200 0
6582761341 0 703064 248 0
6582768154 0 703312 8 0
6582896496 0 701896 216 0
6582990526 0 702928 136 0
6583073172 0 703392 248 0
6583078535 0 703640 8 0
6583478911 0 699336 248 0
6583487443 0 699584 8 0
6583577013 0 699592 248 0
6583582535 0 699840 8 0
6584179374 0 702728 200 0
6584201490 0 703648 128 0
6584541815 0 702152 192 0
6584781163 0 663472 8 0
6584963614 0 698128 152 0
6585707297 0 700632 120 0
6588072099 0 699848 248 0
6588078859 0 700096 8 0
6588176283 0 701216 192 0
6588254830 0 700104 72 0
6588315464 0 701408 96 0
6588523844 0 4819880 8 0
7535234916 0 663496 8 0
7543061208 0 712704 32 0
7543219270 0 823072 144 0
7511122484 0 662232 8 0
7561796776 0 712736 248 0
7561802869 0 712984 8 0
7562207427 0 712992 248 0
7562224758 0 713240 8 0
7562769196 0 822936 136 0
7571693176 0 819992 248 0
7571701786 0 820240 8 0
7579936410 0 819328 248 0
7579947839 0 819576 8 0
7594702311 0 719760 248 0
7594710818 0 720008 8 0
7603505490 0 718672 248 0
7603511509 0 718920 8 0
7617024944 0 720392 248 0
7617032096 0 720640 8 0
7617319297 0 716840 248 0
7617325526 0 717088 8 0
7635278373 0 820248 160 0
7635382580 0 716696 144 0
7641380300 0 716552 144 0
7641472738 0 720648 192 0
7641548636 0 819584 128 0
7641614780 0 720016 208 0
7641719571 0 716392 160 0
7641801189 0 716248 144 0
7641874273 0 716024 224 0
7641957886 0 715752 248 0
7641963667 0 716000 8 0
7642055647 0 715592 160 0
7642141240 0 715448 144 0
7642215143 0 715296 152 0
7642280140 0 715160 136 0
7642357619 0 715024 136 0
7642426700 0 714856 168 0
7642505115 0 714712 144 0
7642586761 0 820408 248 0
7642592686 0 820656 8 0
7642606762 0 714552 160 0
7642692013 0 714384 168 0
7642772657 0 714224 160 0
7642841634 0 714032 192 0
7642920649 0 713864 168 0
7643007754 0 720224 136 0
7643091642 0 713248 248 0
7643102224 0 713496 8 0
7643135922 0 820920 248 0
7643136595 0 821168 8 0
7643204206 0 720360 32 0
7643270872 0 819080 248 0
7647939151 0 821360 248 0
7647946828 0 821608 8 0
7648055383 0 819712 248 0
7648061548 0 819960 8 0
7648106928 0 821176 184 0
7648186796 0 820776 144 0
7648503349 0 720840 56 0
7648518326 0 818880 192 0
7648612309 0 819968 24 0
7648735120 0 713720 144 0
7648878874 0 717968 248 0
7648887358 0 718216 8 0
7648976827 0 718224 248 0
7648983504 0 718472 8 0
7649091413 0 718480 192 0
7649714038 0 663544 8 0
7653049789 0 717096 224 0
7654783549 0 4819888 8 0
7654941610 0 717600 248 0
7654954221 0 717848 8 0
7655083211 0 717320 176 0
7655171037 0 717496 104 0
7655751192 0 1032192 32 0
7693616340 0 717856 112 0
7693889678 0 1032224 64 0
7696541133 0 1024064 16 0
7699362778 0 1294352 8 1
7702688739 0 1294352 8 1
7703596036 0 1032192 8 1
7703604327 0 1032232 8 1
7704418095 0 819072 8 0
7705296522 0 1294360 8 1
7707328389 0 1294360 8 1
7707909265 0 1032192 8 1
7707917083 0 1032232 8 1
7699502464 0 3933176 8 1
7699512080 0 3933184 8 1
7699512519 0 3933192 8 1
7699512998 0 3933200 8 1
7699513348 0 3933208 8 1
7699513668 0 3933216 8 1
7699513982 0 3933224 8 1
7699514493 0 3933232 8 1
7699515124 0 3933240 8 1
7699515461 0 3933248 8 1
7699515785 0 3933256 8 1
7699516166 0 3933264 8 1
7699516405 0 3933272 8 1
7699516746 0 3933280 8 1
7699517080 0 3933288 8 1
7699517468 0 3933296 8 1
7699517709 0 3933304 8 1
7699518227 0 3933312 8 1
7699518926 0 3933320 8 1
7699519614 0 3933328 8 1
7699520279 0 3933336 8 1
7699520985 0 3933344 8 1
7699521645 0 3933352 8 1
7699522267 0 3933360 8 1
7699522731 0 3933368 8 1
7699523612 0 3933376 8 1
7699605012 0 3933384 8 1
7705383305 0 3933392 8 1
7705391281 0 3933400 8 1
7705391711 0 3933408 8 1
7705392144 0 3933416 8 1
7705392560 0 3933424 8 1
7705392794 0 3933432 8 1
7705393108 0 3933440 8 1
7705393436 0 3933448 8 1
7705438125 0 3933456 8 1
7711958887 0 4194312 8 0
7713779537 0 4620288 8 1
7716599652 0 4620288 8 1
7717521382 0 1032192 8 1
7717531064 0 1032232 8 1
7719271744 0 1103848 8 0
7713857694 0 3933464 8 1
7713914445 0 3933472 8 1
7713915102 0 3933480 8 1
7713915571 0 3933488 8 1
7713915904 0 3933496 8 1
7713916346 0 3933504 8 1
7713916678 0 3933512 8 1
7713917098 0 3933520 8 1
7713917357 0 3933528 8 1
7713917938 0 3933536 8 1
7713918739 0 3933544 8 1
7713919070 0 3933552 8 1
7713919315 0 3933560 8 1
7713919658 0 3933568 8 1
7713971397 0 3933576 8 1
8569519531 0 658264 8 0
8594558573 0 663504 8 0
8601631835 0 671744 32 0
8601793376 0 813880 144 0
8601899488 0 671776 248 0
8601907640 0 672024 8 0
8602613108 0 672032 248 0
8602621978 0 672280 8 0
8602977788 0 810952 248 0
8602986484 0 811200 8 0
8603126469 0 813712 168 0
8603218798 0 679184 248 0
8603225158 0 679432 8 0
8614403627 0 677768 248 0
8614457424 0 678016 8 0
8614494079 0 676672 248 0
8614542930 0 676920 8 0
8614850072 0 678400 248 0
8614905465 0 678648 8 0
8615029383 0 674816 248 0
8615080893 0 675064 8 0
8615164156 0 811208 176 0
8615437479 0 674656 160 0
8615564824 0 678656 192 0
8622254032 0 679440 136 0
8622301431 0 678024 208 0
8622457384 0 674480 176 0
8622586087 0 674320 160 0
8622644784 0 674064 248 0
8622760111 0 674312 8 0
8622795795 0 673880 184 0
8622870648 0 673704 176 0
8622983799 0 673504 200 0
8623050252 0 673368 136 0
8623171313 0 673224 144 0
8623246364 0 672832 248 0
8623353832 0 673080 8 0
8623376781 0 672688 144 0
8623427946 0 672328 248 0
8623471580 0 672576 8 0
8623486823 0 672288 40 0
8623624410 0 811896 248 0
8623665278 0 812144 8 0
8623686049 0 678256 144 0
8623752883 0 679576 192 0
8623818681 0 812320 248 0
8623861016 0 812568 8 0
8623889213 0 811408 248 0
8623941304 0 811656 8 0
8623961692 0 679040 144 0
8623996676 0 679800 136 0
8624227791 0 810936 16 0
8624250384 0 678848 184 0
8625165707 0 811752 144 0
8625231742 0 812152 168 0
8625375145 0 679768 32 0
8625751207 0 675976 248 0
8625807610 0 676224 8 0
8625842226 0 676232 136 0
8625894648 0 678232 24 0
8626011581 0 676368 248 0
8626058189 0 676616 8 0
8627026412 0 663248 8 0
8627074945 0 675072 248 0
8627921282 0 679032 8 0
8628576179 0 4819856 8 0
8709578097 0 83328 8 0
8712658149 0 4620296 8 1
8712716178 0 3933584 8 1
8712722935 0 3933592 8 1
8712727281 0 3933600 8 1
8712740108 0 3933608 8 1
8712744595 0 3933616 8 1
8712748613 0 3933624 8 1
8712752479 0 3933632 8 1
8712756775 0 3933640 8 1
8712760254 0 3933648 8 1
8712764282 0 3933656 8 1
8712767975 0 3933664 8 1
8712771691 0 3933672 8 1
8712775148 0 3933680 8 1
8712778891 0 3933688 8 1
8712782951 0 3933696 8 1
8712787978 0 3933704 8 1
8712791738 0 3933712 8 1
8712795883 0 3933720 8 1
8712799547 0 3933728 8 1
8712803330 0 3933736 8 1
8712816708 0 3933744 8 1
8716291777 0 4620296 8 1
8716888001 0 1032192 8 1
8716896928 0 1032248 8 1
8719301131 0 1032288 144 0
8719383956 0 1032432 248 0
8719384426 0 1032680 8 0
8720434952 0 1158344 8 0
8722234563 0 1158352 32 0
8727577055 0 1158384 64 0
8727662295 0 1158448 128 0
8731693486 0 1103856 32 0
8733123623 0 1103888 64 0
8733160513 0 1103952 128 0
8734454143 0 4620304 8 1
8734493950 0 3933752 8 1
8734495292 0 3933760 8 1
8734495639 0 3933768 8 1
8734495892 0 3933776 8 1
8734496231 0 3933784 8 1
8734496563 0 3933792 8 1
8734496891 0 3933800 8 1
8734497128 0 3933808 8 1
8734525896 0 3933816 8 1
8739421319 0 4620304 8 1
8740010978 0 1032192 8 1
8740019761 0 1032248 8 1
8741594410 0 4620312 8 1
8741627187 0 3933824 8 1
8741628442 0 3933832 8 1
8741628807 0 3933840 8 1
8741629145 0 3933848 8 1
8741629383 0 3933856 8 1
8741629740 0 3933864 8 1
8741630090 0 3933872 8 1
8741630432 0 3933880 8 1
8741630677 0 3933888 8 1
8741663874 0 3933896 8 1
8743240215 0 4620312 8 1
8743974102 0 1032192 8 1
8743987280 0 1032248 8 1
8745233357 0 4620320 8 1
8745263435 0 3933904 8 1
8745264626 0 3933912 8 1
8745265000 0 3933920 8 1
8745265334 0 3933928 8 1
8745265593 0 3933936 8 1
8745265936 0 3933944 8 1
8745266544 0 3933952 8 1
8745266887 0 3933960 8 1
8745267125 0 3933968 8 1
8745294986 0 3933976 8 1
8747016663 0 4620320 8 1
8747596058 0 1032192 8 1
8747604010 0 1032248 8 1
8748548119 0 4578552 32 0
8749079470 0 4578584 64 0
8749217873 0 4578648 128 0
8749923200 0 820664 112 0
8749967635 0 4283440 8 0
8750180199 0 821616 128 0
8762297934 0 82824 8 0
8763973034 0 4266592 8 0
8784473041 0 4199680 8 0
8784484638 0 4199688 8 0
8784485881 0 4199696 8 0
8784487494 0 4199704 8 0
8784488936 0 4199712 8 0
8784490218 0 4199720 8 0
8784491611 0 4199728 8 0
8784493215 0 4199736 8 0
8784494948 0 4199744 8 0
8784496825 0 4199752 8 0
8784497918 0 4199760 8 0
8784499368 0 4199768 8 0
8784502711 0 4199776 8 0
8784504059 0 4199784 8 0
8784505093 0 4199792 8 0
8784506296 0 4199800 8 0
8784507321 0 4199808 8 0
8784508460 0 4199816 8 0
8784509848 0 4199824 8 0
8784511638 0 4199832 8 0
8784512875 0 4199840 8 0
8784517445 0 4199848 8 0
8784518584 0 4199856 8 0
8784519811 0 4199864 8 0
8784520851 0 4199872 8 0
8784522408 0 4199880 8 0
8784524502 0 4199888 8 0
8784526190 0 4199904 8 0
8784527320 0 4199912 8 0
8784528429 0 4199920 8 0
8784529523 0 4199928 8 0
8784530744 0 4199936 8 0
8784531536 0 4199896 8 0
9625676654 0 708584 8 0
9649844414 0 663536 8 0
9656738708 0 598016 32 0
9661141734 0 831080 144 0
9666640184 0 598048 224 0
9677211158 0 830936 144 0
9682689394 0 598272 248 0
9682767238 0 598520 8 0
9683271511 0 827904 248 0
9683661981 0 828152 8 0
9688737350 0 827248 248 0
9688778956 0 827496 8 0
9688807201 0 605816 248 0
9688885459 0 606064 8 0
9704614980 0 604720 248 0
9704647232 0 604968 8 0
9715512729 0 826440 248 0
9715557481 0 826688 8 0
9715654859 0 602992 248 0
9715684212 0 603240 8 0
9724497455 0 828160 200 0
9724553971 0 602848 144 0
9733407329 0 602616 232 0
9740566254 0 602464 152 0
9746002722 0 602320 144 0
9751435420 0 602088 232 0
9759723958 0 601880 208 0
9766084881 0 601744 136 0
9773355622 0 601568 176 0
9778897462 0 601424 144 0
9784797612 0 601280 144 0
9789885550 0 601120 160 0
9795834739 0 600984 136 0
9800905626 0 600824 160 0
9806117342 0 600672 152 0
9811408686 0 600536 136 0
9816557345 0 600392 144 0
9821623189 0 600248 144 0
9826745027 0 600096 152 0
9831891018 0 599936 160 0
9836691540 0 599784 152 0
9840494891 0 599624 160 0
9840543754 0 599472 152 0
9840592735 0 599304 168 0
9840649187 0 599168 136 0
9840693588 0 604976 136 0
9840745553 0 827600 248 0
9840788247 0 827848 8 0
9840811899 0 606072 136 0
9840840412 0 826200 72 0
9840905143 0 828720 248 0
9840953994 0 828968 8 0
9840988662 0 829296 248 0
9841029371 0 829544 8 0
9841054889 0 828392 248 0
9841093504 0 828640 8 0
9841117041 0 826296 144 0
9841154109 0 828976 144 0
9841345171 0 598528 248 0
9841620884 0 827504 96 0
9841707477 0 826696 168 0
9841754025 0 827080 168 0
9841802980 0 826864 200 0
9841864364 0 829120 176 0
9842159554 0 604024 248 0
9842203330 0 604272 8 0
9842226398 0 604280 248 0
9842265329 0 604528 8 0
9842309374 0 604536 184 0
9843659033 0 603248 128 0
9847742399 0 605112 168 0
9882433656 0 826272 24 0
9882745244 0 4819912 8 0
9888070314 0 605280 160 0
9888919578 0 605440 248 0
9888971404 0 605688 8 0
9890112258 0 76736 8 0
9891658675 0 77992 8 0
9893009062 0 76744 8 0
9894539877 0 76856 8 0
9895870912 0 77376 8 0
9897158113 0 77984 8 0
9898436271 0 76864 8 0
9899732245 0 77504 8 0
9901049164 0 76824 8 0
9902359841 0 77832 8 0
9903616195 0 71096 8 0
9903628051 0 11272 8 0
9903633059 0 11280 8 0
9903637254 0 11288 8 0
9903641423 0 11296 8 0
9903646824 0 11304 8 0
9903650809 0 11312 8 0
9903654505 0 11320 8 0
9903658192 0 11328 8 0
9903662331 0 11336 8 0
9903666054 0 11344 8 0
9903670701 0 11352 8 0
9903674703 0 11360 8 0
9903678956 0 11368 8 0
9903682548 0 11376 8 0
9903686168 0 11384 8 0
9903690019 0 11392 8 0
9903694347 0 11408 8 0
9903698302 0 11416 8 0
9903702829 0 11424 8 0
9903709343 0 11432 8 0
9903713079 0 11440 8 0
9903716921 0 11448 8 0
9903721093 0 11456 8 0
9903725275 0 11464 8 0
9903729101 0 11472 8 0
9903733013 0 11480 8 0
9903736851 0 11488 8 0
9903740841 0 11496 8 0
9903744549 0 11504 8 0
9903748393 0 11512 8 0
9903751953 0 11400 8 0
9903761782 0 88400 8 0
9905367013 0 88408 8 0
9907202164 0 88424 8 0
9907270100 0 605696 120 0
9907340840 0 828360 32 0
9915704224 0 82816 8 0
9924266294 0 868144 8 0
9924906016 0 1079512 248 0
9924963047 0 1079760 8 0
9924999244 0 1079768 176 0
9925061188 0 1079392 120 0
9928329592 0 4565936 248 0
9928396648 0 4566184 8 0
9939594119 0 4566208 248 0
9939629117 0 4566456 8 0
9940189362 0 827064 16 0
9944068954 0 603376 248 0
9944114040 0 603624 8 0
9944832179 0 1031376 16 0
9946379037 0 1023960 8 0
9946634540 0 1029216 16 0
9948424594 0 1024016 8 0
9949543385 0 4578776 32 0
9949576602 0 4578808 64 0
9949627090 0 4578872 128 0
9949719077 0 4579000 88 0
9950276616 0 1029536 248 0
9950328791 0 1029784 248 0
9950371086 0 1030032 16 0
9950459953 0 1030048 248 0
9950511527 0 1030296 8 0
9950596648 0 1030304 176 0
9964510775 0 82568 8 0
9999800516 0 808360 128 0
9965903824 0 82576 8 0
9967656911 0 82584 8 0
9967714095 0 82592 8 0
9970083954 0 82600 8 0
9970471361 0 82744 8 0
9971651727 0 82656 8 0
9971693959 0 82664 8 0
9995237425 0 1023920 8 0
9996297940 0 1076768 16 0
9996391420 0 1079944 96 0
10009398491 0 2064 8 0
10009428604 0 265072 8 1
10009581284 0 710368 8 1
10009702831 0 1031392 8 1
10009820912 0 1290240 8 1
10010077892 0 1294352 8 1
10010203081 0 1294360 8 1
10010318744 0 1287104 8 1
10010485805 0 1287112 8 1
10010662130 0 1287120 8 1
10010807727 0 1287128 8 1
10010933237 0 1287136 8 1
10011047983 0 1287144 8 1
10011161985 0 1287152 8 1
10011275953 0 1287160 8 1
10011385944 0 1287168 8 1
10011494000 0 1287176 8 1
10011608435 0 1287184 8 1
10011722083 0 1287192 8 1
10011857052 0 1287200 8 1
10011971606 0 1287208 8 1
10012084828 0 1287216 8 1
10012197470 0 1287224 8 1
10012305020 0 1287232 8 1
10012412669 0 1287240 8 1
10012521995 0 1287248 8 1
10012750112 0 1287256 8 1
10012868788 0 1287264 8 1
10012982776 0 1287272 8 1
10013095806 0 1287280 8 1
10013209534 0 1287288 8 1
10013316730 0 1287296 8 1
10013437576 0 1287304 8 1
10013589656 0 1287312 8 1
10013701273 0 1287320 8 1
10013810408 0 1287328 8 1
10013933691 0 1287336 8 1
10014060206 0 1287344 8 1
10014173982 0 1287352 8 1
10014287376 0 1287360 8 1
10014400297 0 1287368 8 1
10014513025 0 1287376 8 1
10014620566 0 1287384 8 1
10014790588 0 1287392 8 1
10014902051 0 1287400 8 1
10015014569 0 1287408 8 1
10015128214 0 1287416 8 1
10015237558 0 1287424 8 1
10015448440 0 1287432 8 1
10023558560 0 3933984 8 1
10023569923 0 3933992 8 1
10023570559 0 3934000 8 1
10023571059 0 3934008 8 1
10023571543 0 3934016 8 1
10023572027 0 3934024 8 1
10023572502 0 3934032 8 1
10023572973 0 3934040 8 1
10023573430 0 3934048 8 1
10023574077 0 3934056 8 1
10023575106 0 3934064 8 1
10023575776 0 3934072 8 1
10023576285 0 3934080 8 1
10023577184 0 3934088 8 1
10023577648 0 3934096 8 1
10023578136 0 3934104 8 1
10023579132 0 3934112 8 1
10023580208 0 3934120 8 1
10023580866 0 3934128 8 1
10023581509 0 3934136 8 1
10023581966 0 3934144 8 1
10023582476 0 3934152 8 1
10023583051 0 3934160 8 1
10023583616 0 3934168 8 1
10023584001 0 3934176 8 1
10023584562 0 3934184 8 1
10023585080 0 3934192 8 1
10023585617 0 3934200 8 1
10023586140 0 3934208 8 1
10023586716 0 3934216 8 1
10023587182 0 3934224 8 1
10023587645 0 3934232 8 1
10023588107 0 3934240 8 1
10023588596 0 3934248 8 1
10023589113 0 3934256 8 1
10023589667 0 3934264 8 1
10023590070 0 3934272 8 1
10023590926 0 3934280 8 1
10023591553 0 3934288 8 1
10023592515 0 3934296 8 1
10023593008 0 3934304 8 1
10023593484 0 3934312 8 1
10023593876 0 3934320 8 1
10023594267 0 3934328 8 1
10023594703 0 3934336 8 1
10023724588 0 3934344 8 1
10033619026 0 3934352 8 1
10033627406 0 3934360 8 1
10033671527 0 3934368 8 1
10015650809 0 1287440 8 1
10015762291 0 1287448 8 1
10015871144 0 1287456 8 1
10015978978 0 1287464 8 1
10016092977 0 1287472 8 1
10016205672 0 1287480 8 1
10016329189 0 1287488 8 1
10016438350 0 1287496 8 1
10016547753 0 1287504 8 1
10016660762 0 1287512 8 1
10016805469 0 1287520 8 1
10016928735 0 1287528 8 1
10017043698 0 1287536 8 1
10017233669 0 1287544 8 1
10018915165 0 1287552 136 1
10023458544 0 1294368 8 1
10035009532 0 1294368 8 1
10035809944 0 4578552 8 1
10035823501 0 4578568 8 1
10030611299 0 851960 8 0
10671457153 0 662264 8 0
10674302944 0 679936 32 0
10674420905 0 816328 144 0
10674546294 0 679968 232 0
10675043305 0 680200 248 0
10675053710 0 680448 8 0
10675767478 0 680456 248 0
10675777995 0 680704 8 0
10675938787 0 686712 248 0
10675954818 0 686960 8 0
10676056435 0 815064 248 0
10676062548 0 815312 8 0
10676197684 0 684624 248 0
10676206210 0 684872 8 0
10676337811 0 816112 216 0
10676421936 0 814104 248 0
10676427700 0 814352 8 0
10676518726 0 685320 248 0
10676524916 0 685568 8 0
10676607368 0 684920 248 0
10676612762 0 685168 8 0
10676685813 0 688024 104 0
10676700711 0 814024 80 0
10676812894 0 684424 200 0
10676936468 0 685176 144 0
10677069394 0 685576 160 0
10677162494 0 687872 152 0
10677247183 0 687680 192 0
10677366620 0 687480 200 0
10677456599 0 685736 248 0
10677462666 0 685984 8 0
10677481247 0 687280 200 0
10679476476 0 683392 248 0
10679490398 0 683640 8 0
10679680095 0 815320 128 0
10679838508 0 815448 248 0
10679846055 0 815696 8 0
10679938711 0 815704 248 0
10679944791 0 815952 8 0
10680167544 0 815976 136 0
10739470618 0 4537744 8 1
10739520976 0 662744 8 1
10739539439 0 663232 8 1
10739548334 0 4819864 8 1
10739561455 0 663336 8 1
10739649855 0 663344 8 1
10739665589 0 663352 8 1
10739678105 0 663456 8 1
10739718536 0 1327104 8 1
10739736092 0 1312776 8 1
10739754534 0 4537280 8 1
10739770515 0 4537288 8 1
10739785570 0 663464 8 1
10739798869 0 662752 8 1
10739811516 0 662760 8 1
10739826271 0 662768 8 1
10739838365 0 662776 8 1
10739852255 0 663424 8 1
10739865660 0 663432 8 1
10739879194 0 4537392 8 1
10739895248 0 4537400 8 1
10739903394 0 4842424 8 1
10739922733 0 663440 8 1
10739937073 0 663448 8 1
10739949959 0 663168 8 1
10739962143 0 663176 8 1
10739974558 0 4537728 8 1
10739989112 0 663184 8 1
10739996540 0 4819872 8 1
10740008922 0 663192 8 1
10740020904 0 663200 8 1
10740036372 0 663208 8 1
10740043481 0 613856 8 1
10740056639 0 663216 8 1
10740069403 0 663224 8 1
10740082193 0 663360 8 1
10740089470 0 4819880 8 1
10740101741 0 663368 8 1
10740113649 0 663376 8 1
10740126234 0 663384 8 1
10740138030 0 663392 8 1
10740144761 0 4819888 8 1
10740158270 0 663400 8 1
10740165186 0 4819856 8 1
10740179620 0 663408 8 1
10740191704 0 663416 8 1
10740198894 0 4819912 8 1
10740254679 0 2056 8 1
10740263473 0 2064 8 1
10740269753 0 2080 8 1
10740275520 0 2192 8 1
10740281376 0 2208 8 1
10740288516 0 2312 8 1
10740297484 0 2360 8 1
10740299723 0 3934376 8 1
10740300776 0 3934384 8 1
10740301327 0 3934392 8 1
10740301663 0 3934400 8 1
10740302323 0 3934408 8 1
10740302647 0 3934416 8 1
10740303238 0 3934424 8 1
10740303487 0 3934432 8 1
10740303871 0 3934440 8 1
10740304603 0 3934448 8 1
10740305050 0 3934456 8 1
10740305370 0 3934464 8 1
10740305700 0 3934472 8 1
10740306061 0 3934480 8 1
10740306393 0 3934488 8 1
10740306641 0 3934496 8 1
10740307257 0 3934504 8 1
10740307764 0 3934512 8 1
10740308399 0 3934520 8 1
10740308832 0 3934528 8 1
10740309263 0 3934536 8 1
10740309502 0 3934544 8 1
10740309938 0 3934552 8 1
10740310274 0 3934560 8 1
10740310512 0 3934568 8 1
10740310752 0 3934576 8 1
10740310992 0 3934584 8 1
10740311227 0 3934592 8 1
10740311475 0 3934600 8 1
10740311714 0 3934608 8 1
10740387157 0 2432 8 1
10740395778 0 2448 8 1
10740404089 0 2520 8 1
10740407739 0 3934616 8 1
10740408856 0 2528 8 1
10740686563 0 2536 8 1
10740687784 0 2552 8 1
10740688765 0 2560 8 1
10740689533 0 2632 8 1
10740690264 0 2648 8 1
10740690967 0 2664 8 1
10740691708 0 2680 8 1
10740692350 0 2704 8 1
10740693152 0 2760 8 1
10740694093 0 3696 8 1
10740694858 0 3712 8 1
10740695486 0 3720 8 1
10740697906 0 3728 8 1
10740698714 0 3768 8 1
10740699730 0 6408 8 1
10740700530 0 6680 8 1
10740701432 0 6688 8 1
10740702273 0 6696 8 1
10740703105 0 6704 8 1
10740703691 0 6712 8 1
10740704641 0 6720 8 1
10740705471 0 6728 8 1
10740706272 0 6736 8 1
10740706894 0 6744 8 1
10740707758 0 6752 8 1
10740708627 0 6760 8 1
10740710314 0 6768 8 1
10740710970 0 6776 8 1
10740711852 0 6792 8 1
10740712580 0 6864 8 1
10740713426 0 6976 8 1
10740714085 0 7056 8 1
10740714863 0 7064 8 1
10740715579 0 7072 8 1
10740716313 0 7080 8 1
10740716900 0 7088 8 1
10740717884 0 7096 8 1
10740718585 0 7104 8 1
10740719285 0 7112 8 1
10740720035 0 7120 8 1
10740721930 0 7128 8 1
10740723183 0 7168 8 1
10740724097 0 7176 8 1
10740724841 0 7184 8 1
10740725670 0 7192 8 1
10740726546 0 7200 8 1
10740727357 0 7232 8 1
10740733148 0 7304 8 1
10740733761 0 7312 8 1
10740734452 0 7320 8 1
10740735183 0 7328 8 1
10740735786 0 7336 8 1
10740736484 0 7344 8 1
10740737280 0 7352 8 1
10740738001 0 7360 8 1
10740738813 0 7368 8 1
10740740290 0 8968 8 1
10740740967 0 8976 8 1
10740741782 0 9072 8 1
10740742415 0 9080 8 1
10740744107 0 9088 8 1
10740744684 0 9096 8 1
10740745585 0 9104 8 1
10740746311 0 9112 8 1
10740747046 0 9120 8 1
10740747764 0 9128 8 1
10740748689 0 9136 8 1
10740749480 0 9144 8 1
10740750240 0 9232 8 1
10740750931 0 9240 8 1
10740751705 0 9256 8 1
10740752284 0 9304 8 1
10740753776 0 11248 8 1
10740762269 0 14600 8 1
10740763362 0 67848 8 1
10740764557 0 68816 8 1
10740765699 0 78312 8 1
10740766679 0 78320 8 1
10740767825 0 78544 8 1
10740768762 0 83280 8 1
10740770057 0 83328 8 1
10740772024 0 4194432 8 1
10740777155 0 4194568 8 1
10740778419 0 4194576 8 1
10740779453 0 4194584 8 1
10740780240 0 4194600 8 1
10740780953 0 4194608 8 1
10740781622 0 4194624 8 1
10740782378 0 4194688 8 1
10740783040 0 4194696 8 1
10740783710 0 4194704 8 1
10740784453 0 4194712 8 1
10740785152 0 4194720 8 1
10740785800 0 4194728 8 1
10740788496 0 4194736 8 1
10740789165 0 4194744 8 1
10740789814 0 4194752 8 1
10740790551 0 4194760 8 1
10740791953 0 4194816 8 1
10740792734 0 4196600 8 1
10740793562 0 4196608 8 1
10740794447 0 4196616 8 1
10740797082 0 4204320 8 1
10740798038 0 4204576 8 1
10740801968 0 4262040 8 1
10740802908 0 4262048 8 1
10766631667 0 0 8 1
10766640240 0 8 8 1
10766641242 0 2072 8 1
10766642072 0 2088 8 1
10766642806 0 2096 8 1
10766643510 0 2200 8 1
10766644335 0 7240 8 1
10766645110 0 7248 8 1
10766646059 0 7264 8 1
10766646902 0 7272 8 1
10766647721 0 7280 8 1
10766648663 0 7288 8 1
10766649605 0 7296 8 1
10766650509 0 7376 8 1
10766654202 0 9312 8 1
10766655043 0 11696 8 1
10766655934 0 11704 8 1
10766657034 0 11712 8 1
10766658229 0 11720 8 1
10766659080 0 4194312 8 1
10766659936 0 4194448 8 1
10766660957 0 4194560 8 1
10766661724 0 4194784 8 1
10766662458 0 4197824 8 1
10766663275 0 4204304 8 1
10766664174 0 4204312 8 1
10766664989 0 4204584 8 1
10766665869 0 4260440 8 1
10766667261 0 4266584 8 1
10782240516 0 3932160 8 1
10782830776 0 3932160 8 1
10784025663 0 3932160 8 1
10784688691 0 3932160 8 1
10785218747 0 3932160 8 1
10785719089 0 3932160 8 1
10786619872 0 3932160 8 1
10787269302 0 0 8 1
