0 0 67848 8 0
26985 0 6408 8 0
215648 0 4194560 8 0
277060 0 4194568 8 0
280248 0 4194576 8 0
284153 0 4194584 8 0
286385 0 4194592 8 0
287688 0 4194600 8 0
288869 0 4194608 8 0
290089 0 4194616 8 0
291070 0 4194624 8 0
292279 0 4194632 8 0
293344 0 4194640 8 0
294373 0 4194648 8 0
295353 0 4194656 8 0
296377 0 4194664 8 0
297427 0 4194672 8 0
298457 0 4194680 8 0
299755 0 4194688 8 0
301912 0 4194704 8 0
303044 0 4194712 8 0
316984 0 4194720 8 0
319208 0 4194728 8 0
320708 0 4194736 8 0
321929 0 4194744 8 0
323116 0 4194752 8 0
327399 0 4194760 8 0
328536 0 4194768 8 0
329605 0 4194776 8 0
331032 0 4194784 8 0
332278 0 4194792 8 0
333551 0 4194800 8 0
334576 0 4194808 8 0
336420 0 4194816 8 0
336806 0 4194696 8 0
10074380 0 68320 8 0
10104300 0 68384 8 0
10115324 0 3072 8 0
10123977 0 3088 8 0
10131063 0 3096 8 0
10136621 0 3080 8 0
10165341 0 69216 8 0
10252329 0 2184 8 0
10291495 0 2056 8 0
10397300 0 67912 8 0
23457132 0 280144 8 0
26723025 0 273200 8 0
28483000 0 264608 8 0
29796833 0 4260104 8 0
31059470 0 4456448 32 0
34485384 0 4260296 8 0
35951117 0 4260120 8 0
37483632 0 4260280 8 0
38908612 0 4466360 32 0
42263054 0 4458216 144 0
47633776 0 4466392 64 0
47648811 0 4466480 152 0
54400447 0 4456480 224 0
66266470 0 4466456 24 0
66354752 0 284352 24 0
69870291 0 4479040 32 0
73934929 0 4479232 144 0
85511951 0 4470944 32 0
89508358 0 4467312 32 0
89582737 0 4470296 144 0
98561096 0 4467352 248 0
98568046 0 4467600 8 0
98688206 0 4467608 248 0
98695634 0 4467856 8 0
98707790 0 4467344 8 0
98803863 0 4468232 248 0
98810420 0 4468480 8 0
108434368 0 4479072 160 0
113500145 0 4456704 248 0
113510224 0 4456952 8 0
113637696 0 4469832 248 0
113645024 0 4470080 8 0
120441179 0 4469376 248 0
120450506 0 4469624 8 0
120525368 0 4468936 248 0
120531527 0 4469184 8 0
120700976 0 4457720 248 0
120708431 0 4457968 8 0
120825185 0 4468032 200 0
124271224 0 4457176 248 0
124278121 0 4457424 8 0
124361537 0 4457976 232 0
124442283 0 4469680 152 0
124510812 0 4468560 248 0
124516249 0 4468808 8 0
124609313 0 4470088 208 0
124635648 0 4260336 8 0
128228274 0 4260368 8 0
137288395 0 4194824 8 0
137301939 0 4194840 8 0
137304456 0 4194848 8 0
137306568 0 4194856 8 0
137308256 0 4194864 8 0
137309958 0 4194872 8 0
137311521 0 4194880 8 0
137313483 0 4194888 8 0
137318448 0 4194896 8 0
137319815 0 4194904 8 0
137322205 0 4194912 8 0
137323352 0 4194920 8 0
137324810 0 4194928 8 0
137326238 0 4194936 8 0
137327387 0 4194944 8 0
137328752 0 4194952 8 0
137330344 0 4194960 8 0
137331699 0 4194968 8 0
137332867 0 4194976 8 0
137333946 0 4194984 8 0
137335183 0 4194992 8 0
137336673 0 4195000 8 0
137337805 0 4195008 8 0
137339092 0 4195016 8 0
137340990 0 4195024 8 0
137342320 0 4195032 8 0
137343766 0 4195040 8 0
137345461 0 4195048 8 0
137347590 0 4195056 8 0
137349584 0 4195064 8 0
137351820 0 4195072 8 0
137352565 0 4194832 8 0
137388143 0 4260464 8 0
138998161 0 4197632 8 0
139007290 0 4197640 8 0
139009141 0 4197648 8 0
139010869 0 4197656 8 0
139012604 0 4197664 8 0
139015651 0 4197672 8 0
139022523 0 4197680 8 0
139024394 0 4197688 8 0
139026477 0 4197696 8 0
139028317 0 4197704 8 0
139030589 0 4197712 8 0
139032972 0 4197720 8 0
139034733 0 4197728 8 0
139036479 0 4197736 8 0
139038057 0 4197744 8 0
139039886 0 4197752 8 0
139041414 0 4197760 8 0
139043199 0 4197768 8 0
139044908 0 4197776 8 0
139047563 0 4197784 8 0
139048718 0 4197792 8 0
139049825 0 4197800 8 0
139050907 0 4197808 8 0
139051914 0 4197816 8 0
139052931 0 4197824 8 0
139054039 0 4197832 8 0
139055028 0 4197840 8 0
139056178 0 4197848 8 0
139057662 0 4197856 8 0
139058773 0 4197864 8 0
139060268 0 4197880 8 0
139061447 0 4197888 8 0
139061909 0 4197872 8 0
147059119 0 4583896 248 0
147067406 0 4584144 8 0
159325148 0 4457040 136 0
159680005 0 4584152 136 0
159746878 0 4584296 248 0
159750342 0 4584544 8 0
159812106 0 4586752 144 0
181516990 0 4584552 168 0
181708531 0 4586360 248 0
181712315 0 4586608 8 0
190739897 0 4469632 48 0
190771358 0 4456960 80 0
190796830 0 4457432 248 0
190797605 0 4457680 8 0
190993144 0 4467872 160 0
191190496 0 4468488 72 0
191258584 0 4260816 8 0
192762245 0 4260824 8 0
194710525 0 4260840 8 0
194766439 0 4519432 56 0
201864745 0 2576 8 0
201874277 0 2584 8 0
201875420 0 2592 8 0
201876485 0 2600 8 0
201877563 0 2608 8 0
201878573 0 2616 8 0
201879914 0 2624 8 0
201881182 0 2632 8 0
201882417 0 2640 8 0
201884169 0 2648 8 0
201885449 0 2656 8 0
201890085 0 2664 8 0
201891313 0 2672 8 0
201892905 0 2680 8 0
201894272 0 2688 8 0
201896222 0 2696 8 0
201897439 0 2704 8 0
201899035 0 2720 8 0
201900321 0 2728 8 0
201901512 0 2736 8 0
201902473 0 2744 8 0
201903757 0 2752 8 0
201904909 0 2760 8 0
201906149 0 2768 8 0
201907317 0 2776 8 0
201908545 0 2784 8 0
201909882 0 2792 8 0
201911179 0 2800 8 0
201912359 0 2808 8 0
201914469 0 2816 8 0
201915215 0 2712 8 0
201958479 0 68280 8 0
204080210 0 4469192 136 0
204167183 0 265112 8 0
205703827 0 4473984 32 0
209017087 0 4474016 32 0
211809222 0 4473776 32 0
215763716 0 4473816 136 0
218480778 0 4473808 8 0
218565394 0 4474232 32 0
218627664 0 4474264 56 0
218698488 0 4474096 32 0
218763365 0 4474128 64 0
219217590 0 4467864 8 0
219829053 0 4198400 8 0
219838753 0 4198408 8 0
219839981 0 4198416 8 0
219842457 0 4198424 8 0
219844198 0 4198432 8 0
219845983 0 4198440 8 0
219847531 0 4198448 8 0
219848787 0 4198456 8 0
219849982 0 4198464 8 0
219851040 0 4198472 8 0
219852117 0 4198480 8 0
219853323 0 4198488 8 0
219857903 0 4198496 8 0
219859027 0 4198504 8 0
219860417 0 4198520 8 0
219861691 0 4198528 8 0
219862855 0 4198536 8 0
219864813 0 4198544 8 0
219866060 0 4198552 8 0
219867472 0 4198560 8 0
219868852 0 4198568 8 0
219870245 0 4198576 8 0
219871383 0 4198584 8 0
219872897 0 4198592 8 0
219874123 0 4198600 8 0
219875162 0 4198608 8 0
219876237 0 4198616 8 0
219877336 0 4198624 8 0
219878605 0 4198632 8 0
219879845 0 4198640 8 0
219880881 0 4198648 8 0
219882772 0 4198656 8 0
219883168 0 4198512 8 0
219914786 0 4266312 8 0
232731145 0 4266320 8 0
237475647 0 4266328 8 0
237551173 0 4260856 8 0
239926366 0 4260904 8 0
247526807 0 4260864 8 0
247577806 0 4260936 8 0
247628240 0 4260344 8 0
249225666 0 4265440 8 0
250575465 0 68312 8 0
252211207 0 4458752 32 0
252371375 0 4458784 96 0
253925016 0 4458584 32 0
254052647 0 4458616 80 0
254627004 0 2824 8 0
254642550 0 2832 8 0
254648798 0 2840 8 0
254653629 0 2848 8 0
254657982 0 2856 8 0
254662281 0 2864 8 0
254666035 0 2872 8 0
254670104 0 2880 8 0
254675206 0 2888 8 0
254682656 0 2896 8 0
254689985 0 2904 8 0
254696176 0 2912 8 0
254702543 0 2920 8 0
254710292 0 2936 8 0
254717366 0 2944 8 0
254724685 0 2952 8 0
254730084 0 2960 8 0
254734151 0 2968 8 0
254738448 0 2976 8 0
254742387 0 2984 8 0
254746956 0 2992 8 0
254750768 0 3000 8 0
255074495 0 3008 8 0
255085458 0 3016 8 0
255092777 0 3024 8 0
255099306 0 3032 8 0
255106527 0 3040 8 0
255112971 0 3048 8 0
255120744 0 3056 8 0
255125457 0 3064 8 0
255129814 0 2928 8 0
256653265 0 69144 8 0
262534339 0 4462160 32 0
262653093 0 4462248 136 0
262765731 0 4462192 56 0
262818013 0 4475648 32 0
262861921 0 4475760 136 0
262903104 0 4475680 80 0
262974403 0 4475584 32 0
263007633 0 4475616 32 0
263070715 0 4466696 32 0
263109729 0 4466728 40 0
263222495 0 4474592 32 0
263265379 0 4474648 208 0
263326800 0 4474624 24 0
263367693 0 4466816 32 0
263395627 0 4466848 8 0
264425954 0 4577144 32 0
269765606 0 4579992 248 0
269799591 0 4580240 8 0
278032699 0 4577344 248 0
278077894 0 4577592 8 0
290603383 0 4577208 136 0
296352909 0 4577176 32 0
296620190 0 4579192 248 0
296626285 0 4579440 8 0
308571137 0 4579448 248 0
308609312 0 4579696 8 0
308629374 0 4579824 168 0
308781168 0 4578304 248 0
308819887 0 4578552 8 0
308844730 0 4578712 248 0
308877715 0 4578960 8 0
308911638 0 4579704 120 0
309062193 0 4577632 248 0
309098886 0 4577880 8 0
309123185 0 4577920 248 0
309545710 0 4578168 8 0
309565397 0 4578176 128 0
309603200 0 4578560 152 0
309723041 0 4579056 136 0
309834085 0 4578968 88 0
309949343 0 4577888 32 0
309971731 0 4577600 32 0
310273976 0 4731648 32 0
330357101 0 4731736 136 0
342018629 0 4731680 56 0
343204851 0 4468816 120 0
343636773 0 4260944 8 0
343654940 0 4195328 8 0
343664440 0 4195336 8 0
343671449 0 4195344 8 0
343676416 0 4195360 8 0
343680773 0 4195368 8 0
343685703 0 4195376 8 0
343690045 0 4195384 8 0
343693962 0 4195392 8 0
343700751 0 4195400 8 0
343708211 0 4195408 8 0
343715366 0 4195416 8 0
343723060 0 4195424 8 0
343729703 0 4195432 8 0
343736474 0 4195440 8 0
343743317 0 4195448 8 0
343749207 0 4195456 8 0
343755606 0 4195464 8 0
343761906 0 4195472 8 0
343768374 0 4195480 8 0
343775289 0 4195488 8 0
343782838 0 4195496 8 0
343788926 0 4195504 8 0
343794805 0 4195512 8 0
343800549 0 4195520 8 0
343807257 0 4195528 8 0
343814453 0 4195536 8 0
343820661 0 4195544 8 0
343827207 0 4195552 8 0
343833612 0 4195560 8 0
343840172 0 4195568 8 0
343846779 0 4195576 8 0
343852539 0 4195584 8 0
343857955 0 4195352 8 0
343873039 0 4261808 8 0
343887048 0 4198144 8 0
343894847 0 4198160 8 0
343901032 0 4198168 8 0
343907664 0 4198176 8 0
343914041 0 4198184 8 0
343924831 0 4198192 8 0
343932616 0 4198200 8 0
343939575 0 4198208 8 0
343945530 0 4198216 8 0
343951209 0 4198224 8 0
343957747 0 4198232 8 0
343963722 0 4198240 8 0
343970025 0 4198248 8 0
343976012 0 4198256 8 0
343982188 0 4198264 8 0
343987794 0 4198272 8 0
343994394 0 4198280 8 0
344000813 0 4198288 8 0
344007370 0 4198296 8 0
344015019 0 4198304 8 0
344021628 0 4198312 8 0
344336136 0 4198320 8 0
344346835 0 4198328 8 0
344351236 0 4198336 8 0
344355564 0 4198344 8 0
344359747 0 4198352 8 0
344365107 0 4198360 8 0
344369973 0 4198368 8 0
344373940 0 4198376 8 0
344377584 0 4198384 8 0
344381537 0 4198392 8 0
344385770 0 4198152 8 0
344422508 0 271544 8 0
372661686 0 4199424 8 0
372728564 0 4199432 8 0
372734521 0 4199440 8 0
372738865 0 4199448 8 0
372742618 0 4199456 8 0
372746661 0 4199464 8 0
372750572 0 4199472 8 0
372754129 0 4199480 8 0
372757917 0 4199488 8 0
372762012 0 4199504 8 0
372765743 0 4199512 8 0
372769466 0 4199520 8 0
372773096 0 4199528 8 0
372777777 0 4199536 8 0
372781657 0 4199544 8 0
372785351 0 4199552 8 0
372788895 0 4199560 8 0
372792881 0 4199568 8 0
372796748 0 4199576 8 0
372800677 0 4199584 8 0
372804383 0 4199592 8 0
372807998 0 4199600 8 0
372811709 0 4199608 8 0
372815365 0 4199616 8 0
372819027 0 4199624 8 0
372823164 0 4199632 8 0
372827048 0 4199640 8 0
372831567 0 4199648 8 0
372835537 0 4199656 8 0
372839279 0 4199664 8 0
372843236 0 4199672 8 0
372847054 0 4199680 8 0
372850175 0 4199496 8 0
372915198 0 4267456 8 0
379214471 0 4459264 32 0
379326734 0 4459336 144 0
379487735 0 4459296 40 0
377175105 0 4267464 8 0
380078721 0 4734336 32 0
380204978 0 4746008 144 0
385686202 0 4734368 224 0
385782773 0 4734760 248 0
385790100 0 4735008 8 0
385873191 0 4199168 8 0
385881445 0 4199176 8 0
385882672 0 4199184 8 0
385884930 0 4199192 8 0
385886152 0 4199200 8 0
385887233 0 4199208 8 0
385888230 0 4199216 8 0
385889220 0 4199224 8 0
385890247 0 4199232 8 0
385894125 0 4199248 8 0
385895207 0 4199256 8 0
385896940 0 4199264 8 0
385898286 0 4199272 8 0
385899886 0 4199280 8 0
385952355 0 4199288 8 0
385977713 0 4199296 8 0
385978910 0 4199304 8 0
385981025 0 4199312 8 0
385982245 0 4199320 8 0
385984137 0 4199328 8 0
385985293 0 4199336 8 0
385986359 0 4199344 8 0
385987627 0 4199352 8 0
385988811 0 4199360 8 0
385990053 0 4199368 8 0
385991397 0 4199376 8 0
385992553 0 4199384 8 0
385993729 0 4199392 8 0
385995005 0 4199400 8 0
385995986 0 4199408 8 0
385997290 0 4199416 8 0
385998356 0 4199240 8 0
386367786 0 4804872 32 0
395684994 0 4807544 136 0
408189229 0 4804944 248 0
408248789 0 4805192 8 0
418141069 0 4474424 32 0
418180096 0 4474456 80 0
418229317 0 4575608 32 0
422239064 0 4576240 136 0
428478815 0 4575640 248 0
428597068 0 4575888 8 0
434917313 0 4569088 32 0
438167242 0 4572952 144 0
443288772 0 4569120 224 0
448736347 0 4569360 248 0
448770061 0 4569608 8 0
448875489 0 4800184 32 0
454856668 0 4800552 136 0
460874947 0 4800216 224 0
466868802 0 4472104 32 0
466907609 0 4473008 136 0
467065902 0 4574832 32 0
470502508 0 4575328 136 0
476271644 0 4574864 248 0
476403205 0 4575112 8 0
480328878 0 4479488 32 0
480365962 0 4479536 136 0
480406803 0 4479520 16 0
480446620 0 4471824 32 0
480494595 0 4471968 136 0
480547767 0 4471856 112 0
480599009 0 4801008 32 0
480635480 0 4802568 136 0
486747976 0 4801040 248 0
486789267 0 4801288 8 0
486827443 0 4800688 32 0
486866937 0 4800872 136 0
486930777 0 4470816 32 0
487022446 0 4802704 32 0
487050307 0 4802736 40 0
490131457 0 4685056 32 0
496612740 0 4475416 32 0
496652138 0 4475448 128 0
497510928 0 4574712 32 0
535546677 0 4574744 88 0
537856661 0 4567488 32 0
541101768 0 4567568 136 0
549586812 0 4567520 48 0
550160940 0 4573176 32 0
550200713 0 4574576 136 0
568815746 0 4573208 248 0
568859916 0 4573456 8 0
568924421 0 4568064 32 0
568970589 0 4568944 144 0
569055013 0 4576376 32 0
569090052 0 4576408 104 0
569157097 0 4575464 32 0
569189129 0 4575496 112 0
569256410 0 4567456 32 0
572397315 0 4735040 248 0
572439366 0 4735288 8 0
572530181 0 4800440 112 0
572593032 0 4568096 224 0
572661373 0 4568320 248 0
572696523 0 4568568 8 0
572765382 0 4573464 248 0
572813264 0 4573712 8 0
572838635 0 4804904 40 0
573111577 0 4472136 248 0
573154200 0 4472384 8 0
573405388 0 4800720 152 0
575057898 0 4801296 248 0
575103831 0 4801544 8 0
575266422 0 4575120 208 0
575329447 0 4734592 168 0
575693488 0 4572624 248 0
575730177 0 4572872 8 0
575765360 0 4569616 248 0
575816752 0 4569864 8 0
575845432 0 4572880 72 0
575874373 0 4569872 248 0
575914214 0 4570120 8 0
576004525 0 4569344 16 0
576055049 0 4570128 248 0
576094848 0 4570376 8 0
576272670 0 4575896 248 0
576315875 0 4576144 8 0
576380465 0 4805200 248 0
576755316 0 4805448 8 0
576794559 0 4805456 248 0
576833994 0 4805704 8 0
576976373 0 4745664 248 0
577024552 0 4745912 8 0
607483871 0 4735296 248 0
607534963 0 4735544 8 0
607552534 0 4745920 88 0
607616679 0 4735552 248 0
607664414 0 4735800 8 0
607781932 0 4735016 24 0
608271447 0 4735808 248 0
608322882 0 4736056 8 0
609219870 0 4472512 248 0
609274053 0 4472760 8 0
609317585 0 4571896 248 0
609365232 0 4572144 8 0
609442169 0 4742296 248 0
609486344 0 4742544 8 0
618741319 0 4742096 200 0
626984275 0 4744632 248 0
627027838 0 4744880 8 0
636415194 0 4744064 248 0
636450271 0 4744312 8 0
644992157 0 4744440 192 0
645035913 0 4743912 152 0
648377582 0 4738480 248 0
648411757 0 4738728 8 0
665891111 0 4741008 248 0
665959936 0 4741256 8 0
676080882 0 4806952 248 0
676125226 0 4807200 8 0
676148094 0 4576152 88 0
676210454 0 4801936 248 0
676325156 0 4802184 8 0
676377317 0 4574280 248 0
676418501 0 4574528 8 0
676447042 0 4568632 248 0
676488513 0 4568880 8 0
677618552 0 4200192 8 0
677623997 0 4200200 8 0
677625353 0 4200208 8 0
677627165 0 4200224 8 0
677628658 0 4200232 8 0
677629904 0 4200240 8 0
677631048 0 4200248 8 0
677632825 0 4200256 8 0
677634063 0 4200264 8 0
677635442 0 4200272 8 0
677636868 0 4200280 8 0
677639562 0 4200288 8 0
677641369 0 4200296 8 0
677642588 0 4200304 8 0
677643935 0 4200312 8 0
677645372 0 4200320 8 0
677646840 0 4200328 8 0
677648410 0 4200336 8 0
677649813 0 4200344 8 0
677651125 0 4200352 8 0
677652519 0 4200360 8 0
677654086 0 4200368 8 0
677655439 0 4200376 8 0
677657533 0 4200384 8 0
677658838 0 4200392 8 0
677660725 0 4200400 8 0
677662229 0 4200408 8 0
677663881 0 4200416 8 0
677665080 0 4200424 8 0
677666199 0 4200432 8 0
677667522 0 4200440 8 0
677669297 0 4200448 8 0
677669790 0 4200216 8 0
677706148 0 4268568 8 0
680402551 0 4268576 8 0
687907913 0 4742552 144 0
687958283 0 4736480 248 0
688031319 0 4736728 8 0
690010681 0 4741952 144 0
693236446 0 4744320 120 0
693348367 0 4742696 248 0
693388370 0 4742944 8 0
693535057 0 4739296 248 0
693573408 0 4739544 8 0
693607208 0 4738016 248 0
693700414 0 4738264 8 0
700944810 0 4741608 248 0
701697012 0 4741856 8 0
701723488 0 4737248 248 0
701770313 0 4737496 8 0
742372880 0 4737824 192 0
742427891 0 4736208 248 0
742470762 0 4736456 8 0
742550146 0 4740000 248 0
742643068 0 4740248 8 0
748530661 0 4739624 248 0
748571799 0 4739872 8 0
748672382 0 4744888 248 0
748714230 0 4745136 8 0
748729780 0 4736464 16 0
748758602 0 4740320 248 0
748867964 0 4740568 8 0
751011270 0 4741392 216 0
751143089 0 4268648 8 0
752715015 0 4951232 32 0
755741176 0 4951264 32 0
757970801 0 4739880 120 0
758047641 0 4736064 144 0
758145938 0 4737504 248 0
758204434 0 4737752 8 0
774529231 0 4950848 32 0
777930187 0 4950880 16 0
780981666 0 265024 8 0
782671291 0 4196872 8 0
782719796 0 4196880 8 0
782721444 0 4196888 8 0
782722667 0 4196896 8 0
782724876 0 4196904 8 0
782726344 0 4196912 8 0
782727478 0 4196920 8 0
782728501 0 4196928 8 0
782729756 0 4196936 8 0
782730876 0 4196944 8 0
782731842 0 4196952 8 0
782732949 0 4196960 8 0
782733971 0 4196968 8 0
782734975 0 4196976 8 0
782735994 0 4196984 8 0
782737140 0 4196992 8 0
782738352 0 4197000 8 0
782739371 0 4197008 8 0
782741140 0 4197016 8 0
782742351 0 4197024 8 0
782743420 0 4197032 8 0
782744642 0 4197040 8 0
782745632 0 4197048 8 0
782746831 0 4197056 8 0
782748087 0 4197064 8 0
782749065 0 4197072 8 0
782750257 0 4197080 8 0
782751308 0 4197088 8 0
782752260 0 4197096 8 0
782753444 0 4197104 8 0
782754711 0 4197112 8 0
782755806 0 4197120 8 0
782756150 0 4196864 8 0
793624671 0 4264680 8 0
794992561 0 4264688 8 0
796676665 0 4197128 8 0
796684334 0 4197136 8 0
796688394 0 4197144 8 0
796692347 0 4197152 8 0
796695938 0 4197160 8 0
796699765 0 4197168 8 0
796704620 0 4197184 8 0
796708418 0 4197192 8 0
796711915 0 4197200 8 0
796715472 0 4197208 8 0
796718980 0 4197216 8 0
796722483 0 4197224 8 0
796726059 0 4197232 8 0
796729392 0 4197240 8 0
796732869 0 4197248 8 0
796736358 0 4197256 8 0
796740969 0 4197264 8 0
796744638 0 4197272 8 0
796748060 0 4197280 8 0
796751588 0 4197288 8 0
796755955 0 4197296 8 0
796759389 0 4197304 8 0
796762993 0 4197312 8 0
796766721 0 4197320 8 0
796770665 0 4197328 8 0
796774136 0 4197336 8 0
796777695 0 4197344 8 0
796781327 0 4197352 8 0
796784785 0 4197360 8 0
796788300 0 4197368 8 0
796791875 0 4197376 8 0
796794745 0 4197176 8 0
796803730 0 4264856 8 0
798110412 0 4264936 8 0
799503511 0 4563832 8 0
801289842 0 4197384 8 0
801300763 0 4197392 8 0
801307421 0 4197400 8 0
801313949 0 4197408 8 0
801322801 0 4197416 8 0
801331771 0 4197424 8 0
801336644 0 4197432 8 0
801340453 0 4197440 8 0
801344534 0 4197448 8 0
801348300 0 4197456 8 0
801352319 0 4197464 8 0
801355925 0 4197472 8 0
801359360 0 4197480 8 0
801363440 0 4197496 8 0
801367602 0 4197504 8 0
801374508 0 4197512 8 0
801380958 0 4197520 8 0
801387238 0 4197528 8 0
801393634 0 4197536 8 0
801401611 0 4197544 8 0
801408721 0 4197552 8 0
801425762 0 4197560 8 0
801429807 0 4197568 8 0
801433898 0 4197576 8 0
801437621 0 4197584 8 0
801441106 0 4197592 8 0
801445280 0 4197600 8 0
801451981 0 4197608 8 0
801458672 0 4197616 8 0
801464562 0 4197624 8 0
801470178 0 4197488 8 0
801488190 0 4564256 8 0
802798907 0 4264864 8 0
804057524 0 4563272 8 0
805540455 0 4563320 8 0
807087498 0 4563936 24 0
810138134 0 4563304 8 0
811502292 0 4563256 8 0
813179718 0 4264992 8 0
814427267 0 4564032 8 0
814564194 0 4563288 8 0
815887025 0 4563264 8 0
817193558 0 4563280 8 0
818904322 0 4563248 8 0
820596818 0 4563208 8 0
822064142 0 4563312 8 0
823720609 0 4563232 8 0
827716386 0 4563296 8 0
827782421 0 4563240 8 0
829248399 0 4561128 8 0
831103846 0 4564096 8 0
831187406 0 4264808 8 0
832537770 0 4562288 8 0
833877843 0 4562720 8 0
835185507 0 4562592 8 0
836491522 0 4562672 8 0
837757612 0 4562776 8 0
839117747 0 4562512 8 0
840465567 0 4562544 8 0
841829909 0 4562768 8 0
843423571 0 4562744 8 0
844887162 0 4562760 8 0
846288760 0 4264984 8 0
848817388 0 4563960 8 0
848912162 0 4562656 8 0
850308107 0 4562640 8 0
851778900 0 4562632 8 0
853162791 0 4562792 8 0
858047312 0 4563128 8 0
858212815 0 4562624 8 0
859695751 0 4562608 8 0
861029659 0 4562680 8 0
862287368 0 4562584 8 0
863778604 0 4563024 8 0
864008661 0 4562568 8 0
865431293 0 4562704 8 0
866760343 0 4562616 8 0
868261240 0 4562552 8 0
869688666 0 4562728 8 0
871375174 0 4264744 8 0
872826077 0 4561952 8 0
874340276 0 4562736 8 0
875989186 0 4563032 8 0
876482594 0 4562536 8 0
877808676 0 4562648 8 0
879198020 0 4562520 8 0
880634643 0 4562712 8 0
884439637 0 4562600 8 0
885777694 0 4562560 8 0
887198180 0 4562688 8 0
887319460 0 4562504 8 0
888731372 0 4562664 8 0
888772067 0 4562696 8 0
888924897 0 4562752 8 0
889381813 0 4563184 8 0
889557850 0 4562576 8 0
889714553 0 4562528 8 0
902045349 0 4264800 8 0
904259723 0 4562336 8 0
905874325 0 4562424 8 0
907229214 0 4563200 8 0
911437266 0 4562296 8 0
917264664 0 4562360 8 0
918786509 0 4562440 8 0
920060151 0 4562320 8 0
921407756 0 4562400 8 0
922683068 0 4562416 8 0
924133919 0 4562432 8 0
924170032 0 4562312 8 0
925637385 0 4562376 8 0
927279713 0 4562464 8 0
928647451 0 4562472 8 0
930232108 0 4562328 8 0
931908050 0 4562344 8 0
932367552 0 4562800 8 0
932429681 0 4562384 8 0
933955682 0 4562456 8 0
940252257 0 4562304 8 0
941939218 0 4562488 8 0
941974859 0 4562408 8 0
942007248 0 4562480 8 0
942140509 0 4562496 8 0
942175322 0 4562448 8 0
944647948 0 4563136 8 0
944731208 0 4562392 8 0
944763965 0 4562368 8 0
944795613 0 4562352 8 0
944941307 0 4563216 16 0
944974566 0 4564240 8 0
950209259 0 4264840 8 0
951816288 0 4563096 8 0
951904354 0 4562184 8 0
957561232 0 4563968 8 0
957669836 0 4563192 8 0
957757821 0 4264776 8 0
959171550 0 4562152 8 0
960573949 0 4562168 8 0
962026317 0 4562160 8 0
963394825 0 4562144 8 0
964673704 0 4562784 8 0
964712473 0 4264696 8 0
964852027 0 4561880 8 0
967148695 0 4561920 8 0
968611453 0 4264792 8 0
968628928 0 4562240 8 0
970142174 0 4264784 8 0
970159266 0 4562200 8 0
972127794 0 4561912 8 0
973439980 0 4561296 8 0
974722198 0 4561312 8 0
976240063 0 4563120 8 0
976308164 0 4561224 8 0
977905180 0 4561848 8 0
979340406 0 4561800 8 0
980847003 0 4561232 8 0
982097477 0 4561696 8 0
983614816 0 4561336 8 0
983723099 0 4561560 8 0
985019208 0 4561728 8 0
986638467 0 4561664 8 0
988110192 0 4264824 8 0
988127502 0 4562872 8 0
988207417 0 4561784 8 0
989425626 0 4264848 8 0
990921774 0 4563152 8 0
991116373 0 4561472 8 0
992557176 0 4563160 8 0
992649072 0 4563056 8 0
992692578 0 4563072 8 0
992725944 0 4561136 8 0
993991543 0 4561856 8 0
995215389 0 4561432 24 0
998145163 0 4561816 8 0
999634173 0 4264704 8 0
999674747 0 4561320 8 0
999751922 0 4561568 8 0
1000399169 0 4561160 8 0
1002095055 0 4561176 8 0
1003717068 0 4561184 8 0
1003805801 0 4561144 8 0
1006264257 0 4561168 8 0
1007782589 0 4561840 8 0
1009271626 0 4561152 8 0
1009316611 0 4561656 8 0
1010672626 0 4561280 8 0
1010712257 0 4561192 8 0
1010756672 0 4562192 8 0
1010842867 0 4561592 8 0
1010877591 0 4561200 8 0
1010980291 0 4561616 8 0
1011060200 0 4561864 8 0
1012614807 0 4561792 8 0
1014073850 0 4561464 8 0
1014116880 0 4561264 8 0
1014150866 0 4561360 8 0
1014183171 0 4561216 8 0
1014283437 0 4561392 8 0
1014319565 0 4561776 8 0
1015604368 0 4563064 8 0
1015688285 0 4561304 8 0
1015750249 0 4561272 8 0
1015833529 0 4562224 8 0
1015914507 0 4561680 8 0
1017154716 0 4563040 8 0
1017196290 0 4264728 8 0
1017221705 0 4561744 8 0
1018486425 0 4561760 8 0
1019917331 0 4561752 8 0
1021262617 0 4561712 8 0
1022738148 0 4561600 8 0
1022775492 0 4561344 8 0
1022989485 0 4561240 8 0
1023035058 0 4563144 8 0
1023126747 0 4561608 8 0
1023168423 0 4562256 8 0
1023262668 0 4563088 8 0
1023368762 0 4561720 8 0
1026154963 0 4561480 8 0
1026193600 0 4561368 8 0
1026275285 0 4561576 8 0
1026358084 0 4563048 8 0
1026473491 0 4563168 8 0
1027175817 0 4561904 8 0
1027259388 0 4561424 8 0
1027340378 0 4561208 8 0
1027387853 0 4561896 8 0
1027421101 0 4561888 8 0
1027584877 0 4561832 8 0
1027802552 0 4561648 8 0
1027987896 0 4562824 8 0
1028031345 0 4264720 8 0
1028265256 0 4561584 8 0
1028352211 0 4562856 8 0
1028504757 0 4561824 8 0
1028546484 0 4561352 8 0
1028581361 0 4561872 8 0
1028662747 0 4561640 8 0
1028834929 0 4562208 8 0
1028918480 0 4561416 8 0
1029036641 0 4561632 8 0
1029187872 0 4562864 8 0
1029274448 0 4561688 8 0
1029356528 0 4562232 8 0
1029432469 0 4561704 8 0
1029606153 0 4561384 8 0
1029733000 0 4561936 8 0
1029812599 0 4561456 8 0
1029891335 0 4561400 8 0
1029953445 0 4561408 8 0
1030009741 0 4561496 8 0
1030043462 0 4561256 8 0
1030084100 0 4563112 8 0
1030205459 0 4561928 8 0
1030286161 0 4561672 8 0
1030367687 0 4561552 8 0
1030445274 0 4561768 8 0
1030533435 0 4561288 8 0
1030615907 0 4264712 8 0
1030714312 0 4561528 8 0
1030790621 0 4561504 8 0
1030870372 0 4561536 8 0
1031239477 0 4561512 8 0
1031326100 0 4561520 8 0
1031456980 0 4561544 8 0
1031537226 0 4561808 8 0
1031671481 0 4561248 8 0
1031806681 0 4561736 8 0
1031906355 0 4561624 8 0
1031999461 0 4562216 8 0
1032085426 0 4561328 8 0
1032256080 0 4561376 8 0
1032422624 0 4561488 8 0
1032471452 0 4564056 24 0
1032612748 0 4562840 8 0
1037799811 0 4564088 8 0
1037841861 0 4567408 40 0
1037951126 0 4562176 8 0
1038325197 0 4563080 8 0
1038579996 0 4563176 8 0
1038815893 0 4564224 8 0
1038853150 0 4562280 8 0
1039015081 0 4564104 8 0
1039066032 0 4562880 8 0
1039146637 0 4562272 8 0
1039184570 0 4564080 8 0
1039367465 0 4562832 8 0
1039455167 0 4564232 8 0
1039492150 0 4264736 8 0
1039590813 0 4264912 8 0
1039607345 0 4563360 8 0
1039648632 0 4563384 8 0
1039736357 0 4563344 8 0
1039770113 0 4561944 8 0
1039809618 0 4563392 8 0
1039848547 0 4563336 8 0
1039899120 0 4563328 8 0
1039950062 0 4563352 8 0
1040069846 0 4563368 8 0
1040108725 0 4563376 8 0
1040158568 0 4562264 8 0
1044454181 0 4264752 8 0
1044518907 0 4264928 8 0
1044535974 0 4563544 8 0
1044577283 0 4563632 8 0
1044616159 0 4563808 8 0
1044683188 0 4563528 8 0
1044758027 0 4563512 8 0
1044845902 0 4563736 8 0
1044887651 0 4563480 8 0
1044970205 0 4562064 8 0
1045009013 0 4561960 8 0
1045048814 0 4563464 8 0
1045131652 0 4563520 8 0
1045167747 0 4563472 8 0
1045250628 0 4563680 8 0
1045360734 0 4562040 8 0
1045397395 0 4562080 8 0
1045437256 0 4563768 8 0
1045477315 0 4563608 8 0
1045556098 0 4562056 8 0
1045592029 0 4562032 8 0
1045632657 0 4563504 8 0
1045669663 0 4563776 8 0
1045704843 0 4562072 8 0
1045791654 0 4563760 8 0
1045831841 0 4563440 8 0
1045955983 0 4563552 8 0
1045996031 0 4563496 8 0
1046042388 0 4563536 8 0
1046130908 0 4563400 8 0
1046171476 0 4563800 8 0
1046248858 0 4562048 8 0
1046313086 0 4563784 8 0
1046352154 0 4563672 8 0
1046390470 0 4563624 8 0
1046428504 0 4563560 24 0
1046491923 0 4564048 8 0
1046542281 0 4561984 8 0
1046581934 0 4563488 8 0
1046616747 0 4562024 8 0
1046657561 0 4563664 8 0
1046697932 0 4563712 8 0
1046760970 0 4563728 8 0
1046798273 0 4563640 8 0
1046834411 0 4563656 8 0
1046871032 0 4563456 8 0
1046905824 0 4562016 8 0
1046975137 0 4563448 8 0
1047024830 0 4563744 8 0
1047088791 0 4563616 8 0
1047129248 0 4563696 8 0
1047228702 0 4563704 8 0
1047286128 0 4562008 8 0
1047327532 0 4563584 24 0
1047408042 0 4563432 8 0
1047474481 0 4563792 8 0
1047535021 0 4563688 8 0
1047569476 0 4561968 8 0
1047677865 0 4563816 8 0
1047739859 0 4563408 24 0
1047794107 0 4563752 8 0
1047827346 0 4561976 8 0
1047866701 0 4563648 8 0
1047949260 0 4562000 8 0
1048039919 0 4563720 8 0
1048096399 0 4561992 8 0
1048245063 0 4264832 8 0
1048283236 0 4562976 8 0
1048317506 0 4562912 8 0
1048355213 0 4562888 8 0
1048436533 0 4265008 8 0
1048451618 0 4564168 8 0
1048484951 0 4562904 8 0
1048566276 0 4564216 8 0
1048604252 0 4564192 8 0
1048645472 0 4564152 8 0
1048701652 0 4562984 8 0
1048756892 0 4562928 8 0
1048788913 0 4562944 8 0
1048821852 0 4563000 8 0
1048854109 0 4562952 8 0
1048887406 0 4563016 8 0
1048925555 0 4562248 8 0
1048961502 0 4562992 8 0
1049000949 0 4564144 8 0
1049055869 0 4563008 8 0
1049092069 0 4564112 8 0
1049155418 0 4564184 8 0
1049195225 0 4564200 8 0
1049255077 0 4564128 16 0
1049302624 0 4562968 8 0
1049362269 0 4265016 8 0
1049605321 0 4564248 8 0
1049650601 0 4564208 8 0
1049684939 0 4562936 8 0
1049722031 0 4563104 8 0
1049846564 0 4562920 8 0
1049898513 0 4564160 8 0
1049939943 0 4564120 8 0
1050001320 0 4564176 8 0
1050056917 0 4562960 8 0
1050618741 0 4562896 8 0
1050701049 0 4264816 8 0
1050731627 0 4564016 8 0
1050768376 0 4564000 8 0
1050806163 0 4564008 8 0
1050844198 0 4564024 8 0
1050909367 0 4563992 8 0
1050975811 0 4563976 8 0
1051144205 0 4563984 8 0
1051185392 0 4564040 8 0
1051242537 0 4264760 8 0
1051270285 0 4562128 8 0
1051308673 0 4562112 8 0
1051399379 0 4563824 8 0
1051432635 0 4562120 8 0
1051657235 0 4562816 8 0
1051720489 0 4562088 8 0
1051803029 0 4562136 8 0
1051839822 0 4562104 8 0
1051919116 0 4562096 8 0
1052130599 0 4264768 8 0
1052163806 0 4264944 8 0
1052179582 0 4563848 8 0
1052220973 0 4563904 8 0
1052365022 0 4563872 8 0
1052566299 0 4563840 8 0
1052703800 0 4563896 8 0
1052787350 0 4563856 8 0
1052923890 0 4563912 8 0
1053063475 0 4563920 8 0
1053108232 0 4563928 8 0
1053188982 0 4563864 8 0
1053351487 0 4563880 8 0
1053673885 0 4563888 8 0
1062098715 0 4264976 8 0
1085343996 0 4264952 8 0
1085539718 0 4264872 8 0
1087163751 0 4264880 8 0
1088404487 0 4264904 8 0
1090130856 0 4264896 8 0
1092006117 0 4264888 8 0
1093332629 0 4265024 8 0
1106763383 0 4264960 8 0
1110687164 0 4264968 8 0
1110775549 0 4265000 8 0
1111300691 0 4562848 8 0
1112264740 0 4562808 8 0
1112531154 0 4264920 8 0
1114401926 0 4265032 8 0
1114450980 0 4265040 8 0
1114549009 0 4265112 8 0
1114567778 0 4565880 8 0
1114610874 0 4564320 8 0
1114642765 0 4564368 8 0
1114810459 0 4566144 24 0
1114927434 0 4564352 8 0
1115139718 0 4564304 8 0
1115224783 0 4265168 8 0
1115300244 0 4566784 8 0
1115379848 0 4564336 8 0
1115519325 0 4564312 8 0
1115576525 0 4564328 8 0
1115614176 0 4564288 8 0
1115887997 0 4564264 8 0
1115968205 0 4564360 8 0
1116132431 0 4564272 8 0
1116331279 0 4564344 8 0
1116364218 0 4564280 8 0
1116487470 0 4564296 8 0
1116951541 0 4566856 8 0
1117068576 0 4265160 8 0
1117119682 0 4566168 8 0
1117297783 0 4566608 8 0
1117447270 0 4566472 8 0
1117532096 0 4566560 8 0
1117686553 0 4566664 8 0
1117829337 0 4566392 8 0
1117910635 0 4566424 8 0
1118049936 0 4566656 8 0
1118196718 0 4566632 8 0
1118282197 0 4566648 8 0
1118375905 0 4566528 8 0
1118461150 0 4566544 8 0
1118599248 0 4566520 8 0
1118816358 0 4566512 8 0
1118862430 0 4566688 16 0
1119057882 0 4567328 8 0
1119326962 0 4566504 8 0
1119412995 0 4566488 8 0
1119551310 0 4566568 8 0
1119595452 0 4566464 8 0
1119638878 0 4567184 8 0
1119999185 0 4566448 8 0
1120202217 0 4566592 8 0
1120335952 0 4566496 8 0
1120468247 0 4566432 8 0
1120670667 0 4566616 8 0
1120873748 0 4265096 8 0
1120892497 0 4565264 8 0
1121123645 0 4566624 8 0
1121330791 0 4567192 8 0
1121680221 0 4566416 8 0
1121811549 0 4566536 8 0
1121894989 0 4566400 8 0
1122023468 0 4566600 8 0
1122108002 0 4566480 8 0
1122267727 0 4566440 8 0
1122411432 0 4566576 8 0
1122492777 0 4566384 8 0
1122632689 0 4566552 8 0
1122677292 0 4566584 8 0
1122882986 0 4566640 8 0
1123188765 0 4567384 8 0
1123421332 0 4566456 8 0
1123632815 0 4566408 8 0
1123849299 0 4265152 8 0
1123948053 0 4566216 8 0
1123983525 0 4566304 8 0
1124020862 0 4567400 8 0
1124052242 0 4566176 8 0
1124170020 0 4566240 8 0
1124202834 0 4566320 8 0
1124233345 0 4566200 8 0
1124348314 0 4566280 8 0
1124383239 0 4566296 8 0
1124414016 0 4566312 8 0
1124494796 0 4566192 8 0
1124531713 0 4566256 8 0
1124562770 0 4566344 8 0
1124592799 0 4566352 8 0
1124622810 0 4566208 8 0
1124706791 0 4566224 8 0
1124744251 0 4566680 8 0
1124804787 0 4566264 8 0
1124897135 0 4566336 8 0
1124973873 0 4566184 8 0
1125005294 0 4566368 8 0
1125090247 0 4566288 8 0
1125124354 0 4566360 8 0
1125155388 0 4566376 8 0
1125186126 0 4566328 8 0
1125272697 0 4567336 8 0
1125348549 0 4566272 8 0
1125379461 0 4566248 8 0
1125485477 0 4566232 8 0
1125524661 0 4567216 8 0
1125703542 0 4265192 8 0
1125721504 0 4567288 8 0
1125849284 0 4566032 8 0
1125948682 0 4566712 8 0
1126103222 0 4567392 8 0
1126237281 0 4265128 8 0
1126263917 0 4566000 8 0
1126297245 0 4566016 8 0
1126329353 0 4566008 8 0
1126458262 0 4565992 8 0
1126496053 0 4566672 8 0
1126528684 0 4265048 8 0
1126692366 0 4565120 8 0
1126834642 0 4565160 8 0
1127664884 0 4265144 8 0
1127683884 0 4566096 8 0
1127783627 0 4265136 8 0
1127801508 0 4566048 8 0
1127882893 0 4565152 8 0
1128025075 0 4564536 8 0
1128167041 0 4564552 8 0
1128209007 0 4567320 8 0
1128273788 0 4564464 8 0
1128415670 0 4565088 8 0
1128549282 0 4565040 8 0
1128587190 0 4564472 8 0
1128621629 0 4564936 8 0
1128773689 0 4564576 8 0
1128928417 0 4564800 8 0
1129039460 0 4564968 8 0
1129178654 0 4564904 8 0
1129308127 0 4265176 8 0
1129326301 0 4566904 8 0
1129403003 0 4565024 8 0
1129500000 0 4265200 8 0
1129517894 0 4567352 8 0
1129713017 0 4564712 8 0
1129755338 0 4567360 8 0
1129898574 0 4567240 8 0
1129942188 0 4567256 8 0
1129974817 0 4564376 8 0
1130066101 0 4565096 8 0
1130105873 0 4564672 24 0
1130154774 0 4565056 8 0
1130283192 0 4265056 8 0
1130324239 0 4564560 8 0
1130365085 0 4564808 8 0
1130454230 0 4564400 8 0
1130494407 0 4564416 8 0
1130553388 0 4564424 8 0
1130587147 0 4564384 8 0
1130622382 0 4564408 8 0
1130660015 0 4565080 8 0
1130693146 0 4564392 8 0
1130729987 0 4564896 8 0
1130768250 0 4564520 8 0
1130807317 0 4564432 8 0
1130848206 0 4566040 8 0
1130930589 0 4564832 8 0
1130997748 0 4564440 8 0
1131074780 0 4564856 8 0
1131151056 0 4565104 8 0
1131185218 0 4565032 8 0
1131261961 0 4564704 8 0
1131296478 0 4564504 8 0
1131329579 0 4564600 8 0
1131361309 0 4564456 8 0
1131456468 0 4564632 8 0
1131491196 0 4565016 8 0
1131576380 0 4567248 8 0
1131655666 0 4564544 8 0
1131712820 0 4564512 8 0
1131792631 0 4566080 8 0
1131871074 0 4564920 8 0
1131908938 0 4567224 8 0
1131942754 0 4265080 8 0
1131965228 0 4564984 8 0
1132039697 0 4565000 8 0
1132116389 0 4564992 8 0
1132193026 0 4564952 8 0
1132402408 0 4564840 8 0
1132435820 0 4564584 8 0
1132466439 0 4564480 8 0
1132503836 0 4567344 8 0
1132579405 0 4564848 8 0
1132616522 0 4566112 8 0
1132696593 0 4567280 8 0
1132732581 0 4567264 8 0
1132811068 0 4564960 8 0
1132910453 0 4564720 8 0
1132942388 0 4564608 8 0
1133032844 0 4564816 8 0
1133115376 0 4567232 8 0
1133224650 0 4567368 8 0
1133362845 0 4565144 8 0
1133438810 0 4564664 8 0
1133516420 0 4564448 8 0
1133551439 0 4565136 8 0
1133582555 0 4565128 8 0
1133732854 0 4565072 8 0
1133811364 0 4564888 8 0
1133890936 0 4566832 8 0
1133925269 0 4265072 8 0
1134012368 0 4564824 8 0
1134098982 0 4566888 8 0
1134173832 0 4565064 8 0
1134207338 0 4564592 8 0
1134239514 0 4565112 8 0
1134318783 0 4564880 8 0
1134427136 0 4566056 8 0
1134506425 0 4564656 8 0
1134561163 0 4564872 8 0
1134637445 0 4566896 8 0
1134715760 0 4564928 8 0
1134794809 0 4566088 8 0
1134869333 0 4564944 8 0
1135153387 0 4564624 8 0
1135280812 0 4565176 8 0
1135358850 0 4564696 8 0
1135434963 0 4564640 8 0
1135491559 0 4564648 8 0
1135544794 0 4564736 8 0
1135576685 0 4564496 8 0
1135613406 0 4567304 8 0
1135728909 0 4565168 8 0
1135803191 0 4564912 8 0
1135881098 0 4564792 8 0
1135955170 0 4565008 8 0
1136030010 0 4564528 8 0
1136114964 0 4265064 8 0
1136212016 0 4564768 8 0
1136286610 0 4564744 8 0
1136359642 0 4564776 8 0
1136496266 0 4564752 8 0
1136569994 0 4564760 8 0
1136647839 0 4564784 8 0
1136722249 0 4565048 8 0
1136799060 0 4564488 8 0
1136872394 0 4564976 8 0
1136965276 0 4564864 8 0
1137013329 0 4566064 16 0
1137100951 0 4564568 8 0
1137201756 0 4564616 8 0
1137300462 0 4564728 8 0
1137335956 0 4566808 24 0
1137396399 0 4566872 8 0
1137431665 0 4566848 8 0
1137531926 0 4566024 8 0
1137887126 0 4567272 8 0
1138137668 0 4567376 8 0
1138361796 0 4567200 8 0
1138395528 0 4566136 8 0
1138514422 0 4566928 8 0
1138547372 0 4566912 8 0
1138624317 0 4566128 8 0
1138656032 0 4566840 8 0
1138827455 0 4566864 8 0
1138910961 0 4567208 8 0
1138977852 0 4265088 8 0
1139075122 0 4565216 8 0
1139114509 0 4565248 8 0
1139193593 0 4565200 8 0
1139225056 0 4565224 8 0
1139259240 0 4565256 8 0
1139289856 0 4565192 8 0
1139320288 0 4565184 8 0
1139350975 0 4565208 8 0
1139450948 0 4565232 8 0
1139484120 0 4565240 8 0
1139531656 0 4566120 8 0
1139651978 0 4265104 8 0
1139709106 0 4565432 8 0
1139743025 0 4565528 8 0
1139784283 0 4565784 8 0
1139846725 0 4565416 8 0
1139914339 0 4565400 8 0
1139992648 0 4565688 8 0
1140033249 0 4565360 8 0
1140116243 0 4565792 8 0
1140150286 0 4565304 8 0
1140183141 0 4565344 8 0
1140253455 0 4565408 8 0
1140284946 0 4565352 8 0
1140363323 0 4565600 8 0
1140472096 0 4565712 8 0
1140507974 0 4565808 8 0
1140541884 0 4565736 8 0
1140572751 0 4565496 8 0
1140649800 0 4565776 8 0
1140683704 0 4565656 8 0
1140719021 0 4565384 8 0
1140749394 0 4565744 8 0
1140782285 0 4565800 8 0
1140858382 0 4565720 8 0
1140890523 0 4565320 8 0
1140990924 0 4565440 8 0
1141022999 0 4565376 8 0
1141058235 0 4565424 8 0
1141139291 0 4565272 8 0
1141173551 0 4565768 8 0
1141249596 0 4565728 8 0
1141305290 0 4565752 8 0
1141337115 0 4565592 8 0
1141368462 0 4565520 8 0
1141401022 0 4565448 24 0
1141454642 0 4566800 8 0
1141502498 0 4565536 8 0
1141535921 0 4565368 8 0
1141569403 0 4565648 8 0
1141601945 0 4565584 8 0
1141637469 0 4565664 8 0
1141693422 0 4565680 8 0
1141724216 0 4565544 8 0
1141754917 0 4565560 8 0
1141786307 0 4565336 8 0
1141819097 0 4565640 8 0
1141852126 0 4565328 8 0
1141883984 0 4565696 8 0
1141935852 0 4565512 8 0
1141966261 0 4565624 8 0
1142055063 0 4565632 8 0
1142109596 0 4565616 8 0
1142145116 0 4565472 24 0
1142218236 0 4565312 8 0
1142275369 0 4565760 8 0
1142321897 0 4565608 8 0
1142355465 0 4565392 8 0
1142453632 0 4565816 8 0
1142508724 0 4565280 24 0
1142558073 0 4565704 8 0
1142594843 0 4565504 8 0
1142628826 0 4565552 8 0
1142702864 0 4565576 8 0
1142782433 0 4565672 8 0
1142835722 0 4565568 8 0
1143014526 0 4265184 8 0
1143055422 0 4567096 8 0
1143088477 0 4566952 8 0
1143124101 0 4566920 8 0
1143206417 0 4567064 8 0
1143238405 0 4566944 8 0
1143312814 0 4567176 8 0
1143344210 0 4567128 8 0
1143374222 0 4567048 8 0
1143429480 0 4567112 8 0
1143482164 0 4566976 8 0
1143512967 0 4567016 8 0
1143546224 0 4567152 8 0
1143577186 0 4567024 8 0
1143607361 0 4567168 8 0
1143643558 0 4566104 8 0
1143677837 0 4567120 8 0
1143715927 0 4567040 8 0
1143768747 0 4567160 8 0
1143799496 0 4566968 8 0
1143855018 0 4567104 8 0
1143885266 0 4567136 8 0
1143937060 0 4566984 24 0
1144003720 0 4567080 8 0
1144067001 0 4567312 8 0
1144097885 0 4567144 8 0
1144131188 0 4567008 8 0
1144171748 0 4567296 8 0
1144290772 0 4566960 8 0
1144323603 0 4567056 8 0
1144354484 0 4567032 8 0
1144405031 0 4567088 8 0
1144451705 0 4567072 8 0
1145006907 0 4566936 8 0
1145099985 0 4566768 8 0
1145137436 0 4566752 8 0
1145169018 0 4566760 8 0
1145199253 0 4566776 8 0
1145253662 0 4566744 8 0
1145284303 0 4566728 8 0
1145330488 0 4566736 8 0
1145361190 0 4566792 8 0
1145427027 0 4565872 8 0
1145462508 0 4565856 8 0
1145543441 0 4565848 8 0
1145576576 0 4565864 8 0
1145802030 0 4566720 8 0
1145854045 0 4565824 8 0
1145932877 0 4565888 8 0
1145968895 0 4565840 8 0
1146053768 0 4565832 8 0
1146135095 0 4265120 8 0
1146164623 0 4565904 8 0
1146198899 0 4565960 8 0
1146282845 0 4565928 8 0
1146424667 0 4565896 8 0
1146504509 0 4565952 8 0
1146578489 0 4565912 8 0
1146651922 0 4565968 8 0
1146732808 0 4565976 8 0
1146766179 0 4565984 8 0
1146838775 0 4565920 8 0
1146937054 0 4565936 8 0
1147146053 0 4565944 8 0
1147793786 0 4566880 8 0
1148392099 0 4566704 8 0
1149118446 0 4949488 16 0
1152378802 0 4469328 48 0
1152516371 0 4949480 8 0
1153903978 0 4949512 32 0
1159365938 0 4949544 64 0
1159481835 0 4949608 128 0
1159845065 0 4949736 248 0
1159876406 0 4949984 8 0
1160403415 0 4949992 248 0
1160609849 0 4950240 8 0
1161637724 0 4950248 248 0
1161638093 0 4950496 8 0
1166608484 0 4950504 120 0
1198330331 0 4741864 88 0
1198550866 0 4740872 136 0
1198738260 0 4736800 248 0
1198843924 0 4737048 8 0
1198871663 0 4738328 152 0
1199021105 0 4740576 128 0
1199073259 0 4740704 168 0
1331640902 0 4736736 64 0
1331765455 0 4738736 152 0
1622569145 0 4739104 192 0
1622715404 0 4737056 192 0
1665839613 0 4743232 248 0
1665883009 0 4743480 8 0
1665904744 0 4743488 200 0
1665956156 0 4742952 248 0
1666005812 0 4743200 8 0
1666021665 0 4743208 24 0
1666241581 0 4740256 64 0
1652509527 0 4466576 8 0
1652518758 0 4466600 16 0
1682311088 0 4738968 136 0
1682596944 0 4738888 80 0
1683627899 0 4738272 56 0
1715989353 0 4472768 144 0
1716069652 0 4472392 120 0
1720479054 0 4951104 32 0
1720537382 0 4951136 32 0
1737437857 0 4743688 224 0
1819118476 0 4737760 64 0
1819209877 0 4950624 216 0
1836336038 0 4950840 8 0
1863226591 0 4194584 8 0
1863233886 0 4194600 8 0
1863234948 0 4194608 8 0
1863236424 0 4194616 8 0
1863237446 0 4194624 8 0
1863240621 0 4194680 8 0
1863241669 0 4194688 8 0
1863243105 0 4194704 8 0
1863245527 0 4194712 8 0
1863247235 0 4194720 8 0
1863248358 0 4194728 8 0
1863249422 0 4194736 8 0
1863250834 0 4194752 8 0
1863251839 0 4194760 8 0
1863254870 0 4194744 8 0
1875198770 0 4505864 248 0
1875208207 0 4506112 8 0
1863542412 0 4490848 32 0
1869435676 0 4490880 48 0
1873354086 0 4260472 8 0
1891184554 0 4945584 32 0
1896785866 0 4945616 64 0
1896962148 0 4945680 56 0
1909215260 0 4266336 8 0
1909270073 0 4730864 16 0
1914082339 0 4748032 32 0
1921029972 0 4748912 16 0
1921782979 0 4748928 32 0
1923923177 0 4748960 16 0
1924726941 0 4748976 24 0
1926970363 0 4749512 24 0
1929309127 0 4749536 24 0
1931491364 0 4751152 16 0
1932288657 0 4751296 32 0
1932332009 0 4751600 144 0
1932392648 0 4751328 248 0
1932435666 0 4751576 8 0
1933166267 0 4751744 32 0
1934578618 0 4758464 32 0
1938048206 0 4758496 32 0
1948764721 0 4752152 32 0
1948808465 0 4752264 136 0
1948859604 0 4752184 80 0
1949591233 0 4752400 32 0
1949633796 0 4752688 136 0
1949690663 0 4752432 248 0
1949730985 0 4752680 8 0
1950466438 0 4752824 32 0
1950508516 0 4752960 136 0
1950555623 0 4752856 104 0
1951319468 0 4753096 32 0
1951364142 0 4753616 144 0
1951423618 0 4753128 248 0
1951461837 0 4753376 8 0
1952266299 0 4753760 32 0
1952309864 0 4755616 136 0
1958367126 0 4753792 248 0
1958408957 0 4754040 8 0
1959227026 0 4755752 32 0
1959351436 0 4756312 136 0
1966082200 0 4755784 248 0
1966257273 0 4756032 8 0
1967728518 0 4756448 32 0
1967766578 0 4756480 40 0
1979974697 0 4756528 16 0
1980749125 0 4756544 32 0
1980793755 0 4756952 144 0
1980847938 0 4756576 248 0
1980883675 0 4756824 8 0
1981623357 0 4757248 32 0
1981664792 0 4757360 144 0
1981707197 0 4757280 80 0
1982821465 0 4757880 32 0
1982864433 0 4758296 136 0
1982919359 0 4757912 248 0
1982976302 0 4758160 8 0
1983798419 0 4751776 32 0
1983839833 0 4752008 144 0
1983894034 0 4751808 200 0
1984768178 0 4757504 32 0
1984811208 0 4757736 144 0
1984862001 0 4757536 200 0
1985904803 0 4748880 24 0
1991444214 0 4950944 32 0
2006621939 0 4741264 128 0
2007450801 0 4748160 32 0
2007528954 0 4748680 136 0
2007640152 0 4748448 232 0
2007755869 0 4748192 224 0
2007890317 0 4748416 32 0
2038408265 0 4947424 32 0
2041802671 0 4947456 64 0
2041980548 0 4947520 120 0
2146378100 0 4739552 72 0
2225929545 0 4950976 72 0
2259464047 0 4268584 8 0
2259500148 0 4268592 8 0
2259537649 0 4947064 8 0
2261255945 0 4268600 8 0
2262114178 0 4947048 8 0
2264492501 0 4750392 32 0
2264551162 0 4750592 136 0
2264611740 0 4750424 168 0
2572188487 0 4466616 16 0
2716365693 0 3932160 8 1
2716402509 0 3932168 8 1
2716522250 0 3932176 8 1
2716522672 0 3932184 8 1
2716523114 0 3932192 8 1
2716523545 0 3932200 8 1
2716523891 0 3932208 8 1
2716524225 0 3932216 8 1
2716524550 0 3932224 8 1
2716524989 0 3932232 8 1
2716525327 0 3932240 8 1
2716525669 0 3932248 8 1
2716526293 0 3932256 8 1
2716526623 0 3932264 8 1
2716526959 0 3932272 8 1
2716527199 0 3932280 8 1
2716527627 0 3932288 8 1
2716527947 0 3932296 8 1
2716528382 0 3932304 8 1
2716529119 0 3932312 8 1
2716529557 0 3932320 8 1
2716529902 0 3932328 8 1
2716530239 0 3932336 8 1
2716530481 0 3932344 8 1
2716530810 0 3932352 8 1
2716531047 0 3932360 8 1
2716531285 0 3932368 8 1
2716531525 0 3932376 8 1
2716531774 0 3932384 8 1
2716532101 0 3932392 8 1
2716532340 0 3932400 8 1
2716532680 0 3932408 8 1
2716533011 0 3932416 8 1
2716533251 0 3932424 8 1
2716533591 0 3932432 8 1
2716533829 0 3932440 8 1
2716534071 0 3932448 8 1
2716534309 0 3932456 8 1
2716534650 0 3932464 8 1
2716534895 0 3932472 8 1
2716535573 0 3932480 8 1
2716535990 0 3932488 8 1
2716536746 0 3932496 8 1
2716537424 0 3932504 8 1
2716537847 0 3932512 8 1
2716538199 0 3932520 8 1
2716538543 0 3932528 8 1
2716538787 0 3932536 8 1
2716539117 0 3932544 8 1
2716539389 0 3932552 8 1
2716540055 0 3932560 8 1
2716540495 0 3932568 8 1
2716540845 0 3932576 8 1
2716541185 0 3932584 8 1
2716541421 0 3932592 8 1
2716541659 0 3932600 8 1
2716541897 0 3932608 8 1
2716542253 0 3932616 8 1
2716542882 0 3932624 8 1
2716543332 0 3932632 8 1
2716543681 0 3932640 8 1
2716544036 0 3932648 8 1
2716544383 0 3932656 8 1
2716544626 0 3932664 8 1
2716544872 0 3932672 8 1
2716545117 0 3932680 8 1
2716545360 0 3932688 8 1
2716545708 0 3932696 8 1
2716545952 0 3932704 8 1
2716546350 0 3932712 8 1
2716547001 0 3932720 8 1
2716547506 0 3932728 8 1
2716547848 0 3932736 8 1
2716548086 0 3932744 8 1
2716548333 0 3932752 8 1
2716548964 0 3932760 8 1
2716549385 0 3932768 8 1
2716550033 0 3932776 8 1
2716550445 0 3932784 8 1
2716550788 0 3932792 8 1
2716551133 0 3932800 8 1
2716551476 0 3932808 8 1
2716551714 0 3932816 8 1
2716551966 0 3932824 8 1
2716552574 0 3932832 8 1
2716552976 0 3932840 8 1
2716553320 0 3932848 8 1
2716553675 0 3932856 8 1
2716554358 0 3932864 8 1
2716554768 0 3932872 8 1
2716555106 0 3932880 8 1
2716555611 0 3932888 8 1
2716556036 0 3932896 8 1
2716556456 0 3932904 8 1
2716556795 0 3932912 8 1
2716557041 0 3932920 8 1
2716557470 0 3932928 8 1
2716557802 0 3932936 8 1
2716558605 0 3932944 8 1
2716559139 0 3932952 8 1
2716559570 0 3932960 8 1
2716560008 0 3932968 8 1
2716560334 0 3932976 8 1
2716560572 0 3932984 8 1
2716560894 0 3932992 8 1
2716561447 0 3933000 8 1
2716561797 0 3933008 8 1
2716562076 0 3933016 8 1
2716562312 0 3933024 8 1
2716562577 0 3933032 8 1
2716562820 0 3933040 8 1
2716563058 0 3933048 8 1
2716563400 0 3933056 8 1
2716563636 0 3933064 8 1
2716563968 0 3933072 8 1
2716795320 0 3933080 8 1
2716799439 0 3933088 8 1
2716802851 0 3933096 8 1
2716806624 0 3933104 8 1
2716809881 0 3933112 8 1
2716813493 0 3933120 8 1
2716816879 0 3933128 8 1
2716819959 0 3933136 8 1
2716822939 0 3933144 8 1
2716825974 0 3933152 8 1
2716828901 0 3933160 8 1
2716832155 0 3933168 8 1
2716835112 0 3933176 8 1
2716838435 0 3933184 8 1
2716841714 0 3933192 8 1
2716844843 0 3933200 8 1
2716848003 0 3933208 8 1
2716851188 0 3933216 8 1
2716854511 0 3933224 8 1
2716857507 0 3933232 8 1
2716860573 0 3933240 8 1
2716864167 0 3933248 8 1
2716867197 0 3933256 8 1
2716870601 0 3933264 8 1
2716873851 0 3933272 8 1
2716877434 0 3933280 8 1
2716880900 0 3933288 8 1
2716884065 0 3933296 8 1
2716887715 0 3933304 8 1
2716890974 0 3933312 8 1
2716894400 0 3933320 8 1
2716897600 0 3933328 8 1
2716900522 0 3933336 8 1
2716903742 0 3933344 8 1
2716906581 0 3933352 8 1
2716909733 0 3933360 8 1
2716912815 0 3933368 8 1
2716915966 0 3933376 8 1
2716918863 0 3933384 8 1
2716921876 0 3933392 8 1
2716925101 0 3933400 8 1
2716928161 0 3933408 8 1
2716931115 0 3933416 8 1
2716934658 0 3933424 8 1
2716937934 0 3933432 8 1
2716940977 0 3933440 8 1
2716943859 0 3933448 8 1
2716946888 0 3933456 8 1
2716950085 0 3933464 8 1
2716953592 0 3933472 8 1
2716956699 0 3933480 8 1
2716960064 0 3933488 8 1
2716963645 0 3933496 8 1
2716967010 0 3933504 8 1
2716970457 0 3933512 8 1
2716973698 0 3933520 8 1
2717019257 0 3933528 8 1
2739671317 0 4463944 32 0
2743636560 0 4463976 104 0
2746888924 0 4260120 8 0
2749411637 0 4260328 8 0
2751063924 0 4194440 8 0
2752295555 0 4200456 8 0
2752303592 0 4200472 8 0
2752307302 0 4200464 8 0
2752408995 0 4458360 32 0
2752940465 0 4458392 72 0
2793787907 0 68640 8 0
2823012411 0 4571040 248 0
2823056017 0 4571288 8 0
2803414930 0 264528 8 0
2807662132 0 2064 8 0
2807686320 0 299008 8 1
2807726678 0 3933536 8 1
2807727901 0 3933544 8 1
2807728298 0 3933552 8 1
2807728642 0 3933560 8 1
2807728997 0 3933568 8 1
2807729243 0 3933576 8 1
2807729569 0 3933584 8 1
2807729936 0 3933592 8 1
2807730292 0 3933600 8 1
2807730752 0 3933608 8 1
2807731204 0 3933616 8 1
2807731571 0 3933624 8 1
2807732046 0 3933632 8 1
2807732495 0 3933640 8 1
2807732782 0 3933648 8 1
2807733040 0 3933656 8 1
2807776406 0 3933664 8 1
2820487400 0 264568 8 0
2892751523 0 3933672 8 1
2892752601 0 3933680 8 1
2892753001 0 3933688 8 1
2892753488 0 3933696 8 1
2892754275 0 3933704 8 1
2892754712 0 3933712 8 1
2892755228 0 3933720 8 1
2892886088 0 3933728 8 1
2892709443 0 0 8 1
2892717778 0 2056 8 1
2892718703 0 2064 8 1
2892720151 0 2312 8 1
2892721348 0 2352 8 1
2892722102 0 2384 8 1
2892722878 0 2392 8 1
2892723479 0 2400 8 1
2892724409 0 2712 8 1
2892725223 0 2744 8 1
2892726760 0 3080 8 1
2892731401 0 6408 8 1
2892732315 0 67848 8 1
2892734065 0 69216 8 1
2892734833 0 69328 8 1
2892735675 0 4194440 8 1
2892736493 0 4194560 8 1
2892737267 0 4194568 8 1
2892737995 0 4194576 8 1
2892738919 0 4194632 8 1
2892739790 0 4194640 8 1
2892740585 0 4194648 8 1
2892741887 0 4194656 8 1
2892744016 0 4194664 8 1
2892745039 0 4194672 8 1
2892745864 0 4194696 8 1
2892746819 0 4194744 8 1
2892747645 0 4194832 8 1
2892748898 0 4195016 8 1
2892749709 0 4196864 8 1
2892750467 0 4196872 8 1
2892751129 0 4196880 8 1
2892751860 0 4196888 8 1
2892752968 0 4196896 8 1
2892754069 0 4196904 8 1
2892754795 0 4196912 8 1
2892755518 0 4196920 8 1
2892756776 0 4196928 8 1
2892757471 0 4196936 8 1
2892758100 0 4196944 8 1
2892758835 0 4196952 8 1
2892759447 0 4196960 8 1
2892760094 0 4196968 8 1
2892760654 0 4196976 8 1
2892761222 0 4196984 8 1
2892761727 0 4196992 8 1
2892762453 0 4197000 8 1
2892763148 0 4197008 8 1
2892763898 0 4197016 8 1
2892764616 0 4197024 8 1
2892765371 0 4197032 8 1
2892766599 0 4197040 8 1
2892767166 0 4197048 8 1
2892768288 0 4197056 8 1
2892768922 0 4197064 8 1
2892769532 0 4197072 8 1
2892770199 0 4197080 8 1
2892770836 0 4197088 8 1
2892771792 0 4197096 8 1
2892772517 0 4197104 8 1
2892773245 0 4197112 8 1
2892773926 0 4197120 8 1
2892774770 0 4197128 8 1
2892775445 0 4197136 8 1
2892776083 0 4197144 8 1
2892777196 0 4197152 8 1
2892777844 0 4197160 8 1
2892778528 0 4197168 8 1
2892779227 0 4197176 8 1
2892780177 0 4197184 8 1
2892780807 0 4197192 8 1
2892781464 0 4197200 8 1
2892781966 0 4197208 8 1
2892782619 0 4197216 8 1
2892783220 0 4197224 8 1
2892783961 0 4197232 8 1
2892784602 0 4197240 8 1
2892785130 0 4197248 8 1
2892785622 0 4197256 8 1
2892786706 0 4197264 8 1
2892787701 0 4197272 8 1
2892788410 0 4197280 8 1
2892788897 0 4197288 8 1
2892789383 0 4197296 8 1
2892789876 0 4197304 8 1
2892790361 0 4197312 8 1
2892791034 0 4197320 8 1
2892791647 0 4197328 8 1
2892792132 0 4197336 8 1
2892792697 0 4197344 8 1
2892793399 0 4197352 8 1
2892794551 0 4197360 8 1
2892795284 0 4197368 8 1
2892796958 0 4197376 8 1
2892797815 0 4197384 8 1
2892798381 0 4197392 8 1
2892799127 0 4197400 8 1
2892799874 0 4197408 8 1
2892800615 0 4197416 8 1
2892801110 0 4197424 8 1
2892801745 0 4197432 8 1
2892802524 0 4197440 8 1
2892803167 0 4197448 8 1
2892803738 0 4197456 8 1
2892804285 0 4197464 8 1
2892805191 0 4197472 8 1
2892805818 0 4197480 8 1
2892807063 0 4197488 8 1
2892807756 0 4197496 8 1
2892808484 0 4197504 8 1
2892808981 0 4197512 8 1
2892810037 0 4197520 8 1
2892810749 0 4197528 8 1
2892811447 0 4197536 8 1
2892812190 0 4197544 8 1
2892812874 0 4197552 8 1
2892813513 0 4197560 8 1
2892814132 0 4197568 8 1
2892815039 0 4197576 8 1
2892815702 0 4197584 8 1
2892816349 0 4197592 8 1
2892818054 0 4197600 8 1
2892818816 0 4197608 8 1
2892819335 0 4197616 8 1
2892819905 0 4197624 8 1
2892821004 0 4197632 8 1
2892821761 0 4197640 8 1
2892822329 0 4197648 8 1
2892822892 0 4197656 8 1
2892823374 0 4197664 8 1
2892824156 0 4197672 8 1
2892824835 0 4197680 8 1
2892825637 0 4197688 8 1
2892826288 0 4197696 8 1
2892827310 0 4197704 8 1
2892828489 0 4197712 8 1
2892829166 0 4197720 8 1
2892829999 0 4197728 8 1
2892830700 0 4197736 8 1
2892874400 0 4197744 8 1
2892875460 0 4197752 8 1
2892876056 0 4197760 8 1
2892876668 0 4197768 8 1
2892877627 0 4197776 8 1
2892878248 0 4197784 8 1
2892878793 0 4197792 8 1
2892879434 0 4197800 8 1
2892880092 0 4197808 8 1
2892880707 0 4197824 8 1
2892883429 0 4197872 8 1
2892884560 0 4198152 8 1
2892885365 0 4198168 8 1
2892886381 0 4198520 8 1
2892887677 0 4198528 8 1
2892888659 0 4198536 8 1
2892889491 0 4198544 8 1
2892890612 0 4198552 8 1
2892891246 0 4198560 8 1
2892926562 0 4198568 8 1
2892927723 0 4199224 8 1
2892928414 0 4199232 8 1
2892929555 0 4199240 8 1
2892930419 0 4200224 8 1
2892932266 0 4200272 8 1
2892933160 0 4200296 8 1
2892933916 0 4200392 8 1
2892934763 0 4200400 8 1
2892935644 0 4200464 8 1
2892936696 0 4260328 8 1
2906244832 0 8 8 1
2906256061 0 2184 8 1
2906262039 0 2360 8 1
2906267272 0 2928 8 1
2906272194 0 3096 8 1
2906277041 0 69144 8 1
2914448194 0 3932160 8 1
2914891623 0 3932160 8 1
2915363425 0 3932160 8 1
2915728446 0 3932160 8 1
2916220479 0 0 8 1
