0 0 67848 8 0
35145 0 6416 8 0
96515 0 6424 8 0
99051 0 6432 8 0
100763 0 6440 8 0
103049 0 6448 8 0
105093 0 6456 8 0
106988 0 6464 8 0
108583 0 6472 8 0
112560 0 6480 8 0
114394 0 6488 8 0
116162 0 6496 8 0
117792 0 6504 8 0
119404 0 6512 8 0
121123 0 6520 8 0
122971 0 6528 8 0
124630 0 6536 8 0
125742 0 6544 8 0
126790 0 6552 8 0
127814 0 6560 8 0
128749 0 6568 8 0
129683 0 6576 8 0
130655 0 6584 8 0
132946 0 6592 8 0
133904 0 6600 8 0
135008 0 6608 8 0
136267 0 6616 8 0
137534 0 6624 8 0
138620 0 6632 8 0
139758 0 6640 8 0
140800 0 6648 8 0
142237 0 6656 8 0
143440 0 6664 8 0
143924 0 6408 8 0
8984881 0 67912 8 0
9083013 0 14600 8 0
9121667 0 14608 8 0
9122512 0 14616 8 0
15399523 0 4194432 8 0
17019850 0 4194568 8 0
17059454 0 4194576 8 0
17061505 0 4194584 8 0
17062796 0 4194592 8 0
17064001 0 4194600 8 0
17064970 0 4194608 8 0
17066422 0 4194616 8 0
17067467 0 4194624 8 0
17068799 0 4194632 8 0
17069916 0 4194640 8 0
17071055 0 4194648 8 0
17072108 0 4194656 8 0
17073269 0 4194664 8 0
17074158 0 4194672 8 0
17075455 0 4194680 8 0
17077093 0 4194688 8 0
17078058 0 4194696 8 0
17078975 0 4194704 8 0
17080092 0 4194712 8 0
17081039 0 4194720 8 0
17082169 0 4194728 8 0
17083112 0 4194736 8 0
17084141 0 4194744 8 0
17088737 0 4194752 8 0
17089974 0 4194760 8 0
17091078 0 4194768 8 0
17092264 0 4194776 8 0
17093369 0 4194784 8 0
17094315 0 4194792 8 0
17095862 0 4194800 8 0
17096981 0 4194808 8 0
17098173 0 4194816 8 0
17098708 0 4194560 8 0
27620916 0 4194304 8 0
55317786 0 703416 8 0
57538548 0 703208 8 0
59511156 0 68520 8 0
60695419 0 2816 8 0
60703368 0 2824 8 0
60708478 0 2832 8 0
60712689 0 2840 8 0
60717444 0 2848 8 0
60721968 0 2856 8 0
60726451 0 2864 8 0
60732137 0 2872 8 0
60736908 0 2888 8 0
60741342 0 2896 8 0
60745687 0 2904 8 0
60750498 0 2912 8 0
60754796 0 2920 8 0
60763416 0 2928 8 0
60783050 0 2936 8 0
60788465 0 2944 8 0
60793282 0 2952 8 0
60797715 0 2960 8 0
60801678 0 2968 8 0
60806749 0 2976 8 0
60812269 0 2984 8 0
60816488 0 2992 8 0
60820544 0 3000 8 0
61036025 0 3008 8 0
61043505 0 3016 8 0
61048133 0 3024 8 0
61053224 0 3032 8 0
61060692 0 3040 8 0
61068883 0 3048 8 0
61078950 0 3056 8 0
61086603 0 3064 8 0
61095046 0 3072 8 0
61099467 0 2880 8 0
61109774 0 69136 8 0
71028683 0 69184 8 0
72920536 0 69144 8 0
74452780 0 589824 32 0
77332468 0 68424 8 0
79704912 0 4260120 8 0
80934609 0 4194832 8 0
80942077 0 4194840 8 0
80943187 0 4194848 8 0
80944347 0 4194856 8 0
80945485 0 4194864 8 0
80946421 0 4194872 8 0
80947509 0 4194880 8 0
80948552 0 4194888 8 0
80949850 0 4194896 8 0
80950684 0 4194904 8 0
80951625 0 4194912 8 0
80953685 0 4194920 8 0
80954905 0 4194928 8 0
80956291 0 4194936 8 0
80957451 0 4194944 8 0
80958623 0 4194952 8 0
80959868 0 4194960 8 0
80961026 0 4194968 8 0
80962185 0 4194976 8 0
80963142 0 4194984 8 0
80964447 0 4194992 8 0
80965489 0 4195000 8 0
80966915 0 4195008 8 0
80968265 0 4195016 8 0
80969631 0 4195024 8 0
80971455 0 4195032 8 0
80972900 0 4195040 8 0
80974383 0 4195048 8 0
80975720 0 4195056 8 0
80977308 0 4195064 8 0
80978593 0 4195072 8 0
80979160 0 4194824 8 0
81021687 0 4260496 8 0
82624940 0 4513344 32 0
86004688 0 1427712 136 0
91694865 0 4513480 144 0
97445912 0 4513376 104 0
97659041 0 621344 248 0
97665529 0 621592 8 0
112768954 0 589856 224 0
119997800 0 703296 64 0
128099187 0 4514272 32 0
128217214 0 4589472 32 0
134858908 0 4591392 136 0
141957519 0 4589504 224 0
150433150 0 4599424 32 0
154573383 0 4599504 136 0
162377512 0 4599456 48 0
162417507 0 2576 8 0
162419342 0 2584 8 0
162422501 0 2592 8 0
162424235 0 2600 8 0
162425616 0 2608 8 0
162426909 0 2616 8 0
162428303 0 2624 8 0
162429600 0 2632 8 0
162431351 0 2648 8 0
162432588 0 2656 8 0
162433920 0 2664 8 0
162435246 0 2672 8 0
162436645 0 2680 8 0
162437737 0 2688 8 0
162439025 0 2696 8 0
162440121 0 2704 8 0
162442085 0 2712 8 0
162443569 0 2720 8 0
162445019 0 2728 8 0
162447261 0 2736 8 0
162448511 0 2744 8 0
162449680 0 2752 8 0
162450779 0 2760 8 0
162451933 0 2768 8 0
162452882 0 2776 8 0
162453835 0 2784 8 0
162454927 0 2792 8 0
162455930 0 2800 8 0
162456875 0 2808 8 0
162457588 0 2640 8 0
162801747 0 68552 8 0
176712735 0 68832 8 0
182433184 0 79496 8 0
183988842 0 5888 8 0
183998232 0 5896 8 0
183999456 0 5904 8 0
184000670 0 5912 8 0
184001711 0 5920 8 0
184003042 0 5928 8 0
184004126 0 5936 8 0
184005211 0 5944 8 0
184006191 0 5952 8 0
184007255 0 5960 8 0
184008315 0 5968 8 0
184010716 0 5976 8 0
184011905 0 5984 8 0
184013156 0 5992 8 0
184014432 0 6000 8 0
184015570 0 6008 8 0
184016788 0 6016 8 0
184017880 0 6024 8 0
184018813 0 6032 8 0
184056527 0 6040 8 0
184070930 0 6048 8 0
184072523 0 6056 8 0
184073653 0 6064 8 0
184074973 0 6072 8 0
184076546 0 6088 8 0
184078946 0 6096 8 0
184080546 0 6104 8 0
184081903 0 6112 8 0
184096393 0 6120 8 0
184097683 0 6128 8 0
184098809 0 6136 8 0
184100257 0 6144 8 0
184100637 0 6080 8 0
188965180 0 442368 32 0
192135601 0 443000 136 0
197776274 0 442400 224 0
202967983 0 79472 8 0
205178434 0 515904 32 0
208913458 0 519800 136 0
216106392 0 516136 248 0
216114969 0 516384 8 0
225106106 0 4195080 8 0
225113464 0 4195088 8 0
225115078 0 4195096 8 0
225116803 0 4195104 8 0
225118143 0 4195112 8 0
225119537 0 4195120 8 0
225120769 0 4195128 8 0
225122280 0 4195136 8 0
225125497 0 4195144 8 0
225126960 0 4195152 8 0
225128431 0 4195160 8 0
225129777 0 4195168 8 0
225131024 0 4195176 8 0
225132407 0 4195184 8 0
225133953 0 4195192 8 0
225135791 0 4195200 8 0
225137533 0 4195208 8 0
225139118 0 4195216 8 0
225140488 0 4195224 8 0
225141677 0 4195232 8 0
225143096 0 4195240 8 0
225144420 0 4195248 8 0
225146522 0 4195256 8 0
225147905 0 4195264 8 0
225149584 0 4195280 8 0
225151736 0 4195288 8 0
225153100 0 4195296 8 0
225154480 0 4195304 8 0
225155854 0 4195312 8 0
225157069 0 4195320 8 0
225158550 0 4195328 8 0
225159345 0 4195272 8 0
225394835 0 4529232 32 0
241443153 0 4529424 136 0
247467263 0 4529264 160 0
247522796 0 4594688 32 0
256607546 0 4594720 32 0
259518309 0 4514056 32 0
259595448 0 4514088 104 0
259886499 0 4518576 32 0
277377207 0 4518608 40 0
277479222 0 79488 8 0
279246494 0 79480 8 0
280523817 0 520896 32 0
283592192 0 520928 32 0
286012171 0 4599304 24 0
290257048 0 4598848 32 0
295274992 0 4599048 136 0
301705822 0 4593632 32 0
305059608 0 4593696 208 0
313321376 0 4593664 32 0
313715978 0 4514816 32 0
313809099 0 4518048 152 0
314039222 0 4598880 168 0
314079369 0 4514864 248 0
314080559 0 4515112 8 0
321935899 0 4515120 248 0
321944792 0 4515368 8 0
321971376 0 590080 248 0
321971939 0 590328 8 0
321992344 0 515936 200 0
321998401 0 4514848 16 0
322034264 0 4589728 248 0
322035284 0 4589976 8 0
333320539 0 4515752 248 0
333328972 0 4516000 8 0
333991119 0 4516032 248 0
333995697 0 4516280 8 0
334080231 0 4517504 248 0
334083599 0 4517752 8 0
334179991 0 4516952 248 0
334183696 0 4517200 8 0
334406866 0 519448 248 0
334414454 0 519696 8 0
372438156 0 516392 248 0
372452904 0 516640 8 0
372479285 0 519704 96 0
372497368 0 516648 248 0
372497846 0 516896 8 0
372702672 0 516904 248 0
372707273 0 517152 8 0
372865033 0 442624 248 0
372873980 0 442872 8 0
373020878 0 4516464 248 0
373026371 0 4516712 8 0
373110438 0 4516720 160 0
373328416 0 518648 248 0
373336066 0 518896 8 0
384026473 0 615824 248 0
384035004 0 616072 8 0
392787141 0 623704 248 0
392791882 0 623952 8 0
404520234 0 612304 248 0
404528009 0 612552 8 0
415973751 0 614720 248 0
415981844 0 614968 8 0
429200901 0 1425608 248 0
429208509 0 1425856 8 0
438057258 0 612560 248 0
438179360 0 627200 248 0
438186495 0 627448 8 0
448616571 0 618480 248 0
448625513 0 618728 8 0
462061514 0 615456 248 0
462071740 0 615704 8 0
462167045 0 615224 232 0
462427086 0 630872 248 0
462431913 0 631120 8 0
480385270 0 622328 248 0
480394435 0 622576 8 0
480495191 0 616416 248 0
480502567 0 616664 8 0
480949742 0 615712 112 0
481070867 0 613896 248 0
481076350 0 614144 8 0
504237795 0 616904 248 0
504246875 0 617152 8 0
504337409 0 1418048 248 0
504344282 0 1418296 8 0
512611374 0 1426656 248 0
512620327 0 1426904 8 0
512733643 0 1427184 248 0
512742932 0 1427432 8 0
520276995 0 1427448 248 0
520284680 0 1427696 8 0
521177246 0 1427704 8 0
521239739 0 1426128 248 0
521246030 0 1426376 8 0
521665299 0 1425872 248 0
521670591 0 1426120 8 0
521739211 0 1425864 8 0
525269836 0 624152 248 0
525280376 0 624400 8 0
525785185 0 623472 232 0
525904391 0 639040 248 0
525910164 0 639288 8 0
586243986 0 640448 248 0
586253086 0 640696 8 0
588587902 0 640288 160 0
588668227 0 641456 248 0
588684174 0 641704 8 0
596920473 0 641008 248 0
596928380 0 641256 8 0
607257492 0 642136 248 0
607266013 0 642384 8 0
607483509 0 651456 248 0
607487358 0 651704 8 0
624235094 0 641264 128 0
624313402 0 643496 248 0
624319562 0 643744 8 0
624390572 0 650344 248 0
624402017 0 650592 8 0
636149634 0 649808 248 0
636158222 0 650056 8 0
644481074 0 593816 248 0
644488079 0 594064 8 0
651923383 0 594864 248 0
651930934 0 595112 8 0
656665458 0 603136 248 0
656674193 0 603384 8 0
665103877 0 622984 248 0
665111044 0 623232 8 0
665228105 0 614416 248 0
665234516 0 614664 8 0
665312157 0 621656 248 0
665317672 0 621904 8 0
665503162 0 595416 248 0
665510790 0 595664 8 0
672243729 0 605304 248 0
672251251 0 605552 8 0
682645599 0 614200 216 0
682762562 0 630480 248 0
682769304 0 630728 8 0
682848021 0 603496 248 0
682848586 0 603744 8 0
683027078 0 631208 248 0
683030806 0 631456 8 0
683102391 0 633488 248 0
683105750 0 633736 8 0
683179142 0 631792 248 0
683184824 0 632040 8 0
683266192 0 606224 248 0
683272176 0 606472 8 0
690822840 0 633744 248 0
690913991 0 603392 104 0
690980096 0 590336 208 0
691199356 0 603752 168 0
691310276 0 634312 248 0
691313862 0 634560 8 0
691389461 0 632120 248 0
691392652 0 632368 8 0
691473250 0 626104 248 0
691479101 0 626352 8 0
691617948 0 595280 136 0
691688151 0 626360 136 0
691749176 0 630736 136 0
691814872 0 631464 168 0
691895798 0 631128 80 0
691960974 0 632568 248 0
691966100 0 632816 8 0
692042162 0 590616 248 0
692047461 0 590864 8 0
692116575 0 632048 72 0
692172335 0 634016 248 0
692177234 0 634264 8 0
692252781 0 600672 248 0
692257944 0 600920 8 0
714517470 0 605560 248 0
714527423 0 605808 8 0
714551961 0 595960 248 0
714552421 0 596208 8 0
719139470 0 591152 248 0
719149442 0 591400 8 0
719236487 0 594072 248 0
719242797 0 594320 8 0
719261911 0 605920 248 0
719262422 0 606168 8 0
719505141 0 621912 128 0
719598678 0 623240 168 0
719680109 0 633168 248 0
719686269 0 633416 8 0
719764192 0 635056 248 0
719769499 0 635304 8 0
719843356 0 631632 160 0
719948978 0 603920 248 0
719955752 0 604168 8 0
719985647 0 625808 248 0
719986074 0 626056 8 0
720078574 0 626832 248 0
720084341 0 627080 8 0
720185268 0 622584 216 0
720327657 0 632376 192 0
720477784 0 633024 144 0
720549182 0 634920 136 0
720651583 0 626496 248 0
720658141 0 626744 8 0
720689385 0 606480 128 0
720750010 0 626064 40 0
720799298 0 632824 168 0
720858260 0 632992 32 0
721002894 0 635312 248 0
721010106 0 635560 8 0
721034853 0 634272 40 0
721096559 0 623960 192 0
721126855 0 633424 64 0
721155957 0 602640 248 0
721159559 0 602888 8 0
736528080 0 634664 248 0
736538103 0 634912 8 0
736635435 0 591488 248 0
736646782 0 591736 8 0
737157881 0 627456 248 0
737166865 0 627704 8 0
737202918 0 4517328 176 0
737328607 0 4516288 136 0
737450052 0 68664 8 0
751402991 0 4515536 216 0
751543145 0 69224 8 0
760215761 0 3328 8 0
760229027 0 3336 8 0
760230186 0 3344 8 0
760231686 0 3352 8 0
760232980 0 3368 8 0
760233890 0 3376 8 0
760234917 0 3384 8 0
760236357 0 3392 8 0
760237448 0 3400 8 0
760238946 0 3408 8 0
760240288 0 3416 8 0
760241358 0 3424 8 0
760243798 0 3432 8 0
760245381 0 3440 8 0
760247532 0 3448 8 0
760250558 0 3456 8 0
760251913 0 3464 8 0
760252925 0 3472 8 0
760254051 0 3480 8 0
760254984 0 3488 8 0
760255906 0 3496 8 0
760256735 0 3504 8 0
760257677 0 3512 8 0
760258519 0 3520 8 0
760259672 0 3528 8 0
760260511 0 3536 8 0
760262025 0 3544 8 0
760262978 0 3552 8 0
760264382 0 3560 8 0
760265378 0 3568 8 0
760266306 0 3576 8 0
760267693 0 3584 8 0
760268091 0 3360 8 0
760629251 0 70456 8 0
762257593 0 68672 8 0
763819762 0 302136 248 0
763828327 0 302384 8 0
772313222 0 68848 8 0
777258523 0 68864 8 0
779037138 0 314344 56 0
784813245 0 596680 248 0
784823974 0 596928 8 0
784939015 0 604176 144 0
785008688 0 604320 136 0
785082776 0 602896 224 0
785159465 0 610600 248 0
785164990 0 610848 8 0
793589788 0 611184 248 0
793596906 0 611432 8 0
795907112 0 608136 248 0
795916839 0 608384 8 0
795990947 0 616256 160 0
796058994 0 595720 240 0
796148160 0 595120 128 0
796225748 0 604880 248 0
796231737 0 605128 8 0
796327705 0 4515376 160 0
796364099 0 590872 176 0
796428883 0 621600 56 0
796495709 0 592320 248 0
796501985 0 592568 8 0
796575353 0 592928 248 0
796580807 0 593176 8 0
796675151 0 595672 48 0
796777083 0 77712 8 0
798293007 0 7424 8 0
798301494 0 7432 8 0
798302800 0 7440 8 0
798303942 0 7448 8 0
798304983 0 7456 8 0
798306097 0 7464 8 0
798307803 0 7480 8 0
798309083 0 7488 8 0
798310486 0 7496 8 0
798311655 0 7504 8 0
798314439 0 7512 8 0
798315661 0 7520 8 0
798316840 0 7528 8 0
798318950 0 7536 8 0
798320068 0 7544 8 0
798321233 0 7552 8 0
798322576 0 7560 8 0
798324498 0 7568 8 0
798326256 0 7576 8 0
798327463 0 7584 8 0
798328699 0 7592 8 0
798330026 0 7600 8 0
798333134 0 7608 8 0
798334515 0 7616 8 0
798335677 0 7624 8 0
798336801 0 7632 8 0
798338562 0 7640 8 0
798340587 0 7648 8 0
798341853 0 7656 8 0
798343005 0 7664 8 0
798344048 0 7672 8 0
798345203 0 7680 8 0
798345638 0 7472 8 0
798415482 0 614976 248 0
798486318 0 634568 96 0
798550721 0 600928 168 0
798649794 0 633992 24 0
798725320 0 591744 184 0
798846468 0 76128 8 0
834740251 0 642728 248 0
834782507 0 642976 8 0
834834372 0 647176 248 0
834840289 0 647424 8 0
800571936 0 591928 184 0
800698435 0 77720 8 0
801831840 0 6912 8 0
801840494 0 6920 8 0
801841628 0 6928 8 0
801842695 0 6936 8 0
801843718 0 6944 8 0
801844825 0 6952 8 0
801846207 0 6960 8 0
801847828 0 6976 8 0
801849135 0 6984 8 0
801850250 0 6992 8 0
801851477 0 7000 8 0
801853039 0 7008 8 0
801854153 0 7016 8 0
801855182 0 7024 8 0
801856218 0 7032 8 0
801857792 0 7040 8 0
801859004 0 7048 8 0
801860230 0 7056 8 0
801861164 0 7064 8 0
801862312 0 7072 8 0
801865206 0 7080 8 0
801866254 0 7088 8 0
801867434 0 7096 8 0
801868568 0 7104 8 0
801869683 0 7112 8 0
801870932 0 7120 8 0
801872105 0 7128 8 0
801873203 0 7136 8 0
801874238 0 7144 8 0
801876082 0 7152 8 0
801877293 0 7160 8 0
801878438 0 7168 8 0
801878999 0 6968 8 0
802093904 0 622800 184 0
802183740 0 585864 32 0
815144070 0 585896 24 0
817638429 0 77728 8 0
821563499 0 663360 32 0
826515620 0 663392 32 0
828681669 0 601096 128 0
828758360 0 605136 168 0
828854129 0 614672 48 0
829264605 0 604656 224 0
833519428 0 636704 248 0
833527908 0 636952 8 0
833610191 0 638192 248 0
833616526 0 638440 8 0
861643570 0 646992 184 0
861696044 0 648552 248 0
861733061 0 648800 8 0
861770859 0 595248 32 0
861867741 0 652360 248 0
861908447 0 652608 8 0
861946444 0 596216 240 0
862329363 0 587168 32 0
865489380 0 661280 32 0
868652829 0 588920 8 0
871099091 0 6416 8 0
871107749 0 6424 8 0
871113939 0 6432 8 0
871118522 0 6440 8 0
871122698 0 6448 8 0
871127074 0 6456 8 0
871131461 0 6464 8 0
871135642 0 6472 8 0
871139839 0 6480 8 0
871147866 0 6488 8 0
871153330 0 6504 8 0
871157494 0 6512 8 0
871162329 0 6528 8 0
871166696 0 6536 8 0
871177756 0 6552 8 0
871191442 0 543640 8 0
872596825 0 6672 8 0
872605863 0 6680 8 0
872610591 0 6688 8 0
872614885 0 6696 8 0
872618891 0 6704 8 0
872622985 0 6712 8 0
872628170 0 6720 8 0
872632492 0 6728 8 0
872637042 0 6736 8 0
872641341 0 6744 8 0
872645746 0 6752 8 0
872649909 0 6760 8 0
872654084 0 6768 8 0
872658199 0 6776 8 0
872662833 0 6784 8 0
872667220 0 6792 8 0
872674592 0 6800 8 0
872679417 0 6816 8 0
872683929 0 6824 8 0
872688017 0 6832 8 0
872693459 0 6840 8 0
872697436 0 6848 8 0
872701199 0 6856 8 0
872705034 0 6864 8 0
872708976 0 6872 8 0
872712988 0 6880 8 0
872716981 0 6888 8 0
872720840 0 6896 8 0
872724685 0 6904 8 0
872728357 0 6808 8 0
872750816 0 785080 8 0
873877968 0 657912 8 0
875116800 0 636128 248 0
875167953 0 636376 8 0
875192287 0 635568 184 0
875237688 0 636384 200 0
875310532 0 604456 200 0
875370324 0 627088 112 0
875407028 0 611440 200 0
875508365 0 612808 176 0
875778449 0 606608 248 0
875818020 0 606856 8 0
875866874 0 636584 120 0
875948863 0 590544 72 0
875979154 0 605816 104 0
876077347 0 597936 248 0
876128290 0 598184 8 0
876264949 0 592112 176 0
876308900 0 596520 160 0
876386556 0 76312 8 0
877492095 0 776960 16 0
880116026 0 76416 8 0
881261514 0 776976 16 0
881378920 0 543744 32 0
884548084 0 543776 40 0
886753958 0 542976 32 0
890814664 0 543008 56 0
893718390 0 645320 248 0
893762314 0 645568 8 0
893836329 0 585664 32 0
897862496 0 585592 24 0
901189143 0 665480 8 0
902684315 0 776792 8 0
904071350 0 656880 16 0
906640323 0 657232 16 0
910034384 0 622176 152 0
910078002 0 622040 136 0
910208762 0 635752 192 0
910398699 0 785464 8 0
911524002 0 732624 8 0
912802934 0 641712 168 0
912855542 0 645048 248 0
912896098 0 645296 8 0
912940440 0 597016 248 0
912987633 0 597264 8 0
913022946 0 646328 248 0
913070679 0 646576 8 0
913115456 0 593184 200 0
913173434 0 593384 168 0
913235527 0 593552 176 0
913304251 0 596936 80 0
913349808 0 613712 184 0
913406076 0 636960 128 0
913453190 0 597272 136 0
913493466 0 592288 32 0
913557847 0 729344 32 0
916231534 0 729376 64 0
916296641 0 729440 80 0
921684668 0 657920 32 0
927253158 0 657952 64 0
927307094 0 658016 8 0
929909257 0 588512 32 0
933759616 0 668896 32 0
937164014 0 589248 32 0
940793803 0 543520 24 0
941020176 0 589280 32 0
943188540 0 589312 24 0
943278975 0 543544 32 0
943306179 0 543576 16 0
943589319 0 589168 16 0
946768017 0 663312 16 0
950001348 0 785056 24 0
952774233 0 657888 24 0
956352994 0 1279784 8 0
957530826 0 76136 8 0
958564238 0 1194384 16 0
961226142 0 543840 32 0
961270548 0 543872 56 0
961513541 0 543064 32 0
961538275 0 543096 64 0
961641802 0 543160 16 0
962138685 0 638032 160 0
962307223 0 672120 8 0
964161049 0 657144 8 0
966823229 0 785216 32 0
969108868 0 785248 8 0
969161551 0 663680 32 0
969374879 0 658408 8 0
969408976 0 542936 8 0
971188580 0 82528 8 0
972697029 0 1249720 24 0
976115429 0 679520 32 0
982185995 0 588544 16 0
982321994 0 543280 16 0
983106217 0 606176 48 0
983222706 0 616672 144 0
983431915 0 591408 80 0
983490322 0 623408 64 0
983630911 0 627712 160 0
984196754 0 594568 248 0
984240244 0 594816 8 0
984259825 0 594432 136 0
984474943 0 594328 104 0
984685643 0 594824 40 0
984849480 0 616120 136 0
985226467 0 635944 184 0
987620061 0 641880 248 0
987660508 0 642128 8 0
987865670 0 588728 32 0
987906095 0 588760 8 0
987968507 0 543376 32 0
988028537 0 543408 16 0
988247372 0 7176 8 0
988256511 0 7184 8 0
988261076 0 7192 8 0
988265352 0 7200 8 0
988269494 0 7208 8 0
988273912 0 7216 8 0
988278132 0 7224 8 0
988282403 0 7232 8 0
988286360 0 7240 8 0
988290389 0 7248 8 0
988294405 0 7256 8 0
988298178 0 7264 8 0
988302821 0 7272 8 0
988306985 0 7280 8 0
988312243 0 7288 8 0
988316329 0 7296 8 0
988320502 0 7304 8 0
988324606 0 7312 8 0
988328637 0 7320 8 0
988332602 0 7328 8 0
988336616 0 7336 8 0
988340880 0 7344 8 0
988344934 0 7352 8 0
988349158 0 7360 8 0
988353049 0 7368 8 0
988357194 0 7376 8 0
988361254 0 7384 8 0
988365061 0 7392 8 0
988369737 0 7400 8 0
988375864 0 7416 8 0
988381856 0 7408 8 0
988403783 0 1065376 24 0
993883080 0 656288 32 0
999065480 0 673560 8 0
1000700493 0 660448 8 0
1001995891 0 1186720 32 0
1004673729 0 1186752 16 0
1006999366 0 661312 32 0
1007184711 0 661344 8 0
1020616779 0 609152 248 0
1020677501 0 609400 8 0
1020735471 0 607424 248 0
1020789664 0 607672 8 0
1020829566 0 606864 176 0
1020931908 0 639408 248 0
1021009647 0 639656 8 0
1021093489 0 607232 192 0
1021170099 0 607680 248 0
1021221420 0 607928 8 0
1021346596 0 608392 168 0
1021432846 0 617160 168 0
1021531050 0 609480 248 0
1021595627 0 609728 8 0
1021633331 0 609776 248 0
1021681064 0 610024 8 0
1021729104 0 1418304 248 0
1021777415 0 1418552 8 0
1021806016 0 609408 72 0
1021885364 0 610432 168 0
1021980355 0 637496 248 0
1022055388 0 637744 8 0
1022098003 0 637296 200 0
1022178781 0 610056 248 0
1022227457 0 610304 8 0
1022278175 0 638448 152 0
1022339052 0 645304 16 0
1022428076 0 643280 216 0
1022488380 0 642592 136 0
1022563909 0 637824 208 0
1022636421 0 637088 136 0
1022706858 0 637224 72 0
1022756080 0 637752 72 0
1022844091 0 646856 136 0
1022976821 0 647824 248 0
1023024992 0 648072 8 0
1023270630 0 647688 136 0
1023405879 0 647552 136 0
1023536663 0 647432 120 0
1023659171 0 648336 216 0
1023802279 0 648200 136 0
1023939053 0 648080 120 0
1024758584 0 648904 248 0
1024807374 0 649152 8 0
1024909684 0 648808 96 0
1024986248 0 638600 248 0
1025063302 0 638848 8 0
1025178243 0 642392 128 0
1025264377 0 608560 248 0
1025311490 0 608808 8 0
1025334618 0 616816 88 0
1025384499 0 592688 240 0
1025465480 0 650600 168 0
1025541685 0 639992 248 0
1025620135 0 640240 8 0
1025674701 0 654928 248 0
1025738703 0 655176 8 0
1034545437 0 643816 248 0
1034598629 0 644064 8 0
1034763896 0 649616 192 0
1034958085 0 652104 248 0
1035651308 0 652352 8 0
1035696697 0 607936 128 0
1036418945 0 639296 112 0
1036506562 0 650880 248 0
1038361410 0 651128 8 0
1038404882 0 593728 88 0
1038452345 0 642520 72 0
1038590174 0 654320 248 0
1038597483 0 654568 8 0
1041438082 0 608832 248 0
1041568164 0 609080 8 0
1041593296 0 608816 16 0
1041646657 0 609088 64 0
1044409272 0 607056 176 0
1044608185 0 1426920 248 0
1044700839 0 1427168 8 0
1044826327 0 1427176 8 0
1044876034 0 1427440 8 0
1045012929 0 1426912 8 0
1045135227 0 1426392 248 0
1046063946 0 1426640 8 0
1048950123 0 1418560 248 0
1049292928 0 1418808 8 0
1052609882 0 612168 136 0
1053270455 0 607040 16 0
1053485637 0 628184 248 0
1053528459 0 628432 8 0
1053770569 0 610312 120 0
1053933885 0 608064 72 0
1057372062 0 649160 184 0
1057529648 0 652616 216 0
1067845121 0 651712 176 0
1067897082 0 654576 176 0
1068044341 0 653624 248 0
1068098213 0 653872 8 0
1068122301 0 626752 80 0
1071920108 0 644088 248 0
1071964071 0 644336 8 0
1074328387 0 618736 248 0
1074373593 0 618984 8 0
1082851560 0 589632 32 0
1082900138 0 589664 16 0
1082961093 0 543680 32 0
1082981366 0 543712 8 0
1083979281 0 68464 8 0
1085549889 0 80576 8 0
1086830615 0 544672 8 0
1086859958 0 80512 8 0
1087928039 0 544680 8 0
1088012354 0 675720 8 0
1089120779 0 666200 8 0
1090309811 0 671584 16 0
1092999290 0 669168 16 0
1095963923 0 588648 24 0
1096028632 0 543296 24 0
1096214828 0 671352 8 0
1097285980 0 776944 16 0
1100215273 0 671536 32 0
1102754159 0 671568 8 0
1102821935 0 669120 32 0
1105739391 0 669152 8 0
1110901640 0 76280 8 0
1112386197 0 624408 248 0
1112458320 0 624656 8 0
1112489043 0 603120 16 0
1112803792 0 4590240 248 0
1112849596 0 4590488 8 0
1112879301 0 442880 120 0
1151083590 0 3932160 8 1
1151113205 0 3932168 8 1
1151157947 0 3932176 8 1
1151158463 0 3932184 8 1
1151158804 0 3932192 8 1
1151159290 0 3932200 8 1
1151159923 0 3932208 8 1
1151160313 0 3932216 8 1
1151160612 0 3932224 8 1
1151160982 0 3932232 8 1
1151161585 0 3932240 8 1
1151162101 0 3932248 8 1
1151162662 0 3932256 8 1
1151163171 0 3932264 8 1
1151163602 0 3932272 8 1
1151164048 0 3932280 8 1
1151164289 0 3932288 8 1
1151164533 0 3932296 8 1
1151165255 0 3932304 8 1
1151165627 0 3932312 8 1
1151165960 0 3932320 8 1
1151166603 0 3932328 8 1
1151167203 0 3932336 8 1
1151167617 0 3932344 8 1
1151167960 0 3932352 8 1
1151168313 0 3932360 8 1
1151168559 0 3932368 8 1
1151169436 0 3932376 8 1
1151169945 0 3932384 8 1
1151170343 0 3932392 8 1
1151170692 0 3932400 8 1
1151171027 0 3932408 8 1
1151171371 0 3932416 8 1
1151171718 0 3932424 8 1
1151172215 0 3932432 8 1
1151172627 0 3932440 8 1
1151172967 0 3932448 8 1
1151173305 0 3932456 8 1
1151173610 0 3932464 8 1
1151173947 0 3932472 8 1
1151174185 0 3932480 8 1
1151174424 0 3932488 8 1
1151174727 0 3932496 8 1
1151175058 0 3932504 8 1
1151175296 0 3932512 8 1
1151175621 0 3932520 8 1
1151175975 0 3932528 8 1
1151176856 0 3932536 8 1
1151177290 0 3932544 8 1
1151177884 0 3932552 8 1
1151178405 0 3932560 8 1
1151179002 0 3932568 8 1
1151179407 0 3932576 8 1
1151179844 0 3932584 8 1
1151180275 0 3932592 8 1
1151180599 0 3932600 8 1
1151180837 0 3932608 8 1
1151308513 0 3932616 8 1
1158617371 0 0 8 1
1158627071 0 8 8 1
1158632730 0 2312 8 1
1158637866 0 2352 8 1
1158642577 0 2384 8 1
1158646788 0 2408 8 1
1158651383 0 2472 8 1
1158655970 0 2664 8 1
1158660589 0 2824 8 1
1158665106 0 6056 8 1
1158669777 0 6080 8 1
1158674219 0 6496 8 1
1158678652 0 6528 8 1
1158682888 0 6536 8 1
1158701327 0 6544 8 1
1158706915 0 6552 8 1
1158711278 0 6560 8 1
1158715382 0 6568 8 1
1158719786 0 6576 8 1
1158724001 0 6584 8 1
1158728379 0 6624 8 1
1158732613 0 6632 8 1
1158736884 0 6656 8 1
1158741247 0 6664 8 1
1158745729 0 6736 8 1
1158750072 0 6744 8 1
1158754242 0 6784 8 1
1158758387 0 6800 8 1
1158763473 0 6808 8 1
1158768282 0 6896 8 1
1158773001 0 6952 8 1
1158785777 0 6968 8 1
1158791279 0 7000 8 1
1158795912 0 7008 8 1
1158800478 0 7016 8 1
1158804705 0 7024 8 1
1158808812 0 7032 8 1
1158812987 0 7408 8 1
1158817412 0 7440 8 1
1158821829 0 7480 8 1
1158826081 0 7504 8 1
1158830375 0 7560 8 1
1158887923 0 67848 8 1
1158895960 0 4194304 8 1
1158901323 0 4194432 8 1
1158905992 0 4194560 8 1
1158910501 0 4194832 8 1
1158915259 0 4194840 8 1
1158919292 0 4194848 8 1
1159081368 0 4194856 8 1
1159087370 0 4194872 8 1
1159091992 0 4194880 8 1
1159096729 0 4194888 8 1
1159156608 0 4195272 8 1
1173813976 0 3932160 8 1
1174357865 0 3932160 8 1
1175235924 0 0 8 1
