0 0 67848 8 0
54333 0 6416 8 0
61616 0 6424 8 0
63497 0 6432 8 0
64915 0 6440 8 0
69342 0 6448 8 0
71249 0 6456 8 0
72496 0 6464 8 0
73792 0 6472 8 0
75945 0 6480 8 0
76889 0 6488 8 0
77907 0 6496 8 0
79229 0 6504 8 0
80352 0 6512 8 0
81356 0 6520 8 0
82398 0 6528 8 0
83451 0 6536 8 0
84398 0 6544 8 0
85513 0 6552 8 0
86563 0 6560 8 0
88182 0 6568 8 0
89419 0 6576 8 0
90866 0 6584 8 0
92704 0 6592 8 0
93930 0 6600 8 0
95194 0 6608 8 0
96322 0 6616 8 0
97482 0 6624 8 0
98445 0 6632 8 0
99383 0 6640 8 0
100314 0 6648 8 0
101334 0 6656 8 0
102448 0 6664 8 0
102862 0 6408 8 0
10155942 0 67912 8 0
10289178 0 8960 8 0
10295042 0 8968 8 0
10296372 0 8976 8 0
10297949 0 8984 8 0
10299276 0 8992 8 0
10300232 0 9000 8 0
10301264 0 9008 8 0
10302863 0 9016 8 0
10303908 0 9024 8 0
10304803 0 9032 8 0
10305789 0 9040 8 0
10306722 0 9048 8 0
10308706 0 9056 8 0
10309702 0 9064 8 0
10310689 0 9072 8 0
10311664 0 9080 8 0
10312788 0 9088 8 0
10313778 0 9096 8 0
10314764 0 9104 8 0
10315931 0 9112 8 0
10316898 0 9120 8 0
10321385 0 9128 8 0
10322710 0 9136 8 0
10323932 0 9144 8 0
10325035 0 9152 8 0
10326356 0 9168 8 0
10328072 0 9176 8 0
10329112 0 9184 8 0
10330279 0 9192 8 0
10331210 0 9200 8 0
10332393 0 9208 8 0
10333532 0 9216 8 0
10333963 0 9160 8 0
20343950 0 4194432 8 0
59491034 0 552928 32 0
62419184 0 68424 8 0
64267269 0 4260120 8 0
65675041 0 4194832 8 0
65687823 0 4194840 8 0
65690165 0 4194848 8 0
65692443 0 4194856 8 0
65694257 0 4194864 8 0
65696875 0 4194872 8 0
65699126 0 4194880 8 0
65700790 0 4194888 8 0
65702724 0 4194896 8 0
65704331 0 4194904 8 0
65705505 0 4194912 8 0
65706692 0 4194920 8 0
65707786 0 4194928 8 0
65708818 0 4194936 8 0
65710007 0 4194944 8 0
65711977 0 4194952 8 0
65713152 0 4194960 8 0
65714493 0 4194968 8 0
65715657 0 4194976 8 0
65716791 0 4194984 8 0
65717960 0 4194992 8 0
65719163 0 4195000 8 0
65720864 0 4195008 8 0
65721982 0 4195016 8 0
65723574 0 4195024 8 0
65725001 0 4195032 8 0
65726481 0 4195040 8 0
65727556 0 4195048 8 0
65728602 0 4195056 8 0
65730435 0 4195064 8 0
65738736 0 4195072 8 0
65739201 0 4194824 8 0
65769824 0 4260496 8 0
67046488 0 4500752 32 0
21568840 0 4194568 8 0
21571787 0 4194576 8 0
21574337 0 4194584 8 0
21575693 0 4194592 8 0
21576791 0 4194600 8 0
21577920 0 4194608 8 0
21579050 0 4194616 8 0
21580288 0 4194624 8 0
21581640 0 4194632 8 0
21583180 0 4194640 8 0
21584557 0 4194648 8 0
21585761 0 4194656 8 0
21586637 0 4194664 8 0
21587722 0 4194672 8 0
21588702 0 4194680 8 0
21589687 0 4194688 8 0
21591311 0 4194696 8 0
21592477 0 4194704 8 0
21593549 0 4194712 8 0
21594691 0 4194720 8 0
21595548 0 4194728 8 0
21596478 0 4194736 8 0
21597643 0 4194744 8 0
21598651 0 4194752 8 0
21599519 0 4194760 8 0
21602600 0 4194768 8 0
21603575 0 4194776 8 0
21604480 0 4194784 8 0
21605445 0 4194792 8 0
21606926 0 4194800 8 0
21609164 0 4194808 8 0
21610584 0 4194816 8 0
21610893 0 4194560 8 0
41629119 0 4194304 8 0
51502198 0 778880 8 0
53103272 0 778672 8 0
54474859 0 68520 8 0
55660993 0 2816 8 0
55667984 0 2824 8 0
55672615 0 2832 8 0
55676784 0 2840 8 0
55680687 0 2848 8 0
55684644 0 2856 8 0
55688552 0 2864 8 0
55692542 0 2872 8 0
55697153 0 2888 8 0
55702778 0 2896 8 0
55707218 0 2904 8 0
55711535 0 2912 8 0
55716080 0 2920 8 0
55720213 0 2928 8 0
55725314 0 2936 8 0
55729446 0 2944 8 0
55733797 0 2952 8 0
55737969 0 2960 8 0
55742229 0 2968 8 0
55746651 0 2976 8 0
55750942 0 2984 8 0
55755112 0 2992 8 0
55760074 0 3000 8 0
55791767 0 3008 8 0
55797805 0 3016 8 0
55802079 0 3024 8 0
55806553 0 3032 8 0
55810918 0 3040 8 0
55838859 0 3048 8 0
55844320 0 3056 8 0
55848648 0 3064 8 0
55852973 0 3072 8 0
55856792 0 2880 8 0
55866510 0 69136 8 0
57039460 0 69184 8 0
58317540 0 69144 8 0
70450008 0 4500888 144 0
78410880 0 4500784 104 0
78947218 0 589760 64 0
100286545 0 69176 8 0
102610494 0 589824 32 0
102711577 0 595336 248 0
102720786 0 595584 8 0
110867911 0 594560 248 0
110877427 0 594808 8 0
121651594 0 589872 248 0
121657196 0 590120 8 0
121887927 0 4515520 32 0
130296631 0 4515584 208 0
138718160 0 4515552 32 0
139336348 0 4506976 32 0
158160326 0 4501480 24 0
158250255 0 4510296 32 0
162609826 0 4512216 136 0
169263729 0 4510328 224 0
180986923 0 4502152 32 0
181081728 0 4505384 152 0
181188925 0 4502200 248 0
181197943 0 4502448 8 0
181331475 0 4502456 248 0
181339224 0 4502704 8 0
181355810 0 4502184 16 0
181387409 0 4510552 248 0
181388464 0 4510800 8 0
181734123 0 589856 16 0
181791248 0 4503088 248 0
181795834 0 4503336 8 0
181952464 0 4503368 248 0
181956708 0 4503616 8 0
182098289 0 4504840 248 0
182102470 0 4505088 8 0
182203800 0 4504288 248 0
182208927 0 4504536 8 0
182397059 0 594816 248 0
182407608 0 595064 8 0
182444417 0 590128 248 0
182445049 0 590376 8 0
182476624 0 595072 248 0
182477598 0 595320 8 0
182533365 0 590384 248 0
182534160 0 590632 8 0
182594513 0 595328 8 0
182898877 0 595592 248 0
183116306 0 590640 248 0
183120733 0 590888 8 0
183302977 0 4503800 248 0
183308649 0 4504048 8 0
183433753 0 4504056 160 0
183668206 0 591160 248 0
183676145 0 591408 8 0
183822342 0 4504664 176 0
183892626 0 4503624 136 0
183961476 0 2576 8 0
183968908 0 2584 8 0
183970252 0 2592 8 0
183971199 0 2600 8 0
183972153 0 2608 8 0
183973393 0 2616 8 0
183974843 0 2624 8 0
183975854 0 2632 8 0
183977469 0 2648 8 0
183978669 0 2656 8 0
183979922 0 2664 8 0
183981538 0 2672 8 0
183983911 0 2680 8 0
183985245 0 2688 8 0
183986382 0 2696 8 0
183987468 0 2704 8 0
183988529 0 2712 8 0
183989653 0 2720 8 0
183993638 0 2728 8 0
183995690 0 2736 8 0
183997015 0 2744 8 0
183998122 0 2752 8 0
183999300 0 2760 8 0
184000529 0 2768 8 0
184001742 0 2776 8 0
184002998 0 2784 8 0
184005094 0 2792 8 0
184006455 0 2800 8 0
184007695 0 2808 8 0
184008692 0 2640 8 0
184039199 0 68552 8 0
225617131 0 68664 8 0
230211936 0 4502872 216 0
230318395 0 69224 8 0
231695151 0 3328 8 0
231702861 0 3336 8 0
231705104 0 3344 8 0
231706394 0 3352 8 0
231708042 0 3368 8 0
231709066 0 3376 8 0
231710381 0 3384 8 0
231711614 0 3392 8 0
231713143 0 3400 8 0
231714648 0 3408 8 0
231717095 0 3416 8 0
231719343 0 3424 8 0
231720883 0 3432 8 0
231722306 0 3440 8 0
231723643 0 3448 8 0
231725015 0 3456 8 0
231726525 0 3464 8 0
231728023 0 3472 8 0
231729267 0 3480 8 0
231730624 0 3488 8 0
231731710 0 3496 8 0
231733035 0 3504 8 0
231734354 0 3512 8 0
231735781 0 3520 8 0
231736999 0 3528 8 0
231738608 0 3536 8 0
231743997 0 3544 8 0
231745250 0 3552 8 0
231746734 0 3560 8 0
231747859 0 3568 8 0
231749051 0 3576 8 0
231750611 0 3584 8 0
231751413 0 3360 8 0
231785505 0 70456 8 0
233461038 0 68672 8 0
234889603 0 310632 8 0
236100612 0 68832 8 0
237512832 0 79440 8 0
238947109 0 68848 8 0
240233506 0 68864 8 0
241773313 0 322536 56 0
248068438 0 305008 8 0
251637899 0 310656 8 0
253135469 0 304632 8 0
254753550 0 306040 8 0
256030141 0 310648 8 0
257452101 0 68680 8 0
258819784 0 305016 8 0
260295885 0 306032 8 0
261544808 0 307392 248 0
261553882 0 307640 8 0
271496904 0 309688 248 0
271507887 0 309936 8 0
283080723 0 310192 136 0
283225392 0 310664 8 0
287389836 0 310640 8 0
287471983 0 310328 248 0
287482481 0 310576 8 0
287710451 0 592848 248 0
287716871 0 593096 8 0
287873069 0 593872 248 0
287881684 0 594120 8 0
308741302 0 592688 160 0
308924906 0 593544 248 0
308934552 0 593792 8 0
315003681 0 592264 248 0
315018763 0 592512 8 0
315112193 0 591416 184 0
315240941 0 591936 248 0
315249970 0 592184 8 0
315338229 0 591600 248 0
315347093 0 591848 8 0
315539590 0 590920 240 0
315661164 0 594128 248 0
315670597 0 594376 8 0
316057501 0 593104 248 0
316067619 0 593352 8 0
316315436 0 592520 168 0
317499143 0 590896 24 0
317597558 0 4503344 24 0
317617802 0 4502712 128 0
317869298 0 77712 8 0
319608933 0 6912 8 0
319617289 0 6920 8 0
319618443 0 6928 8 0
319619630 0 6936 8 0
319621090 0 6944 8 0
319622290 0 6952 8 0
319623455 0 6960 8 0
319624374 0 6968 8 0
319625721 0 6984 8 0
319626999 0 6992 8 0
319632370 0 7000 8 0
319634364 0 7008 8 0
319636314 0 7016 8 0
319639587 0 7024 8 0
319641665 0 7032 8 0
319643255 0 7040 8 0
319644711 0 7048 8 0
319646560 0 7056 8 0
319653241 0 7064 8 0
319655180 0 7072 8 0
319656874 0 7080 8 0
319658500 0 7088 8 0
319660097 0 7096 8 0
319662012 0 7104 8 0
319663545 0 7112 8 0
319665580 0 7120 8 0
319667725 0 7128 8 0
319670772 0 7136 8 0
319672405 0 7144 8 0
319674103 0 7152 8 0
319675697 0 7160 8 0
319677736 0 7168 8 0
319679744 0 6976 8 0
319816219 0 6672 8 0
319829524 0 6680 8 0
319831640 0 6688 8 0
319833454 0 6696 8 0
319835283 0 6704 8 0
319837446 0 6712 8 0
319840342 0 6720 8 0
319841503 0 6728 8 0
319842780 0 6736 8 0
319844611 0 6744 8 0
319845742 0 6752 8 0
319846896 0 6760 8 0
319848021 0 6768 8 0
319849396 0 6776 8 0
319850872 0 6784 8 0
319852750 0 6792 8 0
319853904 0 6800 8 0
319854838 0 6808 8 0
319856220 0 6816 8 0
319857772 0 6824 8 0
319858978 0 6832 8 0
319860204 0 6840 8 0
319861676 0 6848 8 0
319862947 0 6856 8 0
319864430 0 6872 8 0
319865556 0 6880 8 0
319866610 0 6888 8 0
319867711 0 6896 8 0
319868700 0 6904 8 0
319869301 0 6864 8 0
320009061 0 591856 80 0
320032392 0 4504544 120 0
320196632 0 4503760 40 0
320685031 0 594384 176 0
322289419 0 593360 184 0
323275269 0 4502840 32 0
324649057 0 76488 8 0
357530612 0 76496 8 0
361769072 0 732016 16 0
366167857 0 592192 72 0
367795319 0 2192 8 0
368139582 0 77720 8 0
370078928 0 559232 72 0
384748100 0 754144 32 0
389245265 0 593800 72 0
389531456 0 750192 8 0
392803219 0 744792 8 0
394795325 0 752488 8 0
396717457 0 662872 24 0
400963215 0 743120 16 0
408540899 0 613896 8 0
410767827 0 7176 8 0
410780096 0 7184 8 0
410781541 0 7192 8 0
410782560 0 7200 8 0
410783843 0 7216 8 0
410784979 0 7224 8 0
410786067 0 7232 8 0
410787044 0 7240 8 0
410788454 0 7248 8 0
410790658 0 7256 8 0
410791922 0 7264 8 0
410792901 0 7272 8 0
410795160 0 7280 8 0
410796320 0 7288 8 0
410797717 0 7296 8 0
410798918 0 7304 8 0
410800001 0 7312 8 0
410801221 0 7320 8 0
410802421 0 7328 8 0
410803833 0 7336 8 0
410805196 0 7344 8 0
410806411 0 7352 8 0
410807731 0 7360 8 0
410808997 0 7368 8 0
410810343 0 7376 8 0
410811550 0 7384 8 0
410813486 0 7392 8 0
410814579 0 7400 8 0
410815850 0 7408 8 0
410817276 0 7416 8 0
410818604 0 7424 8 0
410819148 0 7208 8 0
410967230 0 993088 48 0
419864555 0 709344 72 0
432301900 0 988592 16 0
436825130 0 710272 32 0
442572526 0 750296 8 0
445149650 0 613904 40 0
454391436 0 614128 8 0
457748904 0 988800 48 0
468157184 0 662832 40 0
475295206 0 68464 8 0
477339474 0 75912 8 0
478947002 0 82408 8 0
480360635 0 75864 8 0
484539910 0 4511064 248 0
484557795 0 4511312 8 0
515161891 0 2064 8 0
515281953 0 264656 8 1
515305455 0 2096 8 0
515343922 0 1375936 72 1
515361120 0 2072 8 0
515416671 0 778752 16 1
515434995 0 265528 8 1
515448139 0 778768 8 1
515470251 0 778776 8 1
515479680 0 778784 16 1
515494967 0 1376008 24 1
515502456 0 778800 8 1
515519109 0 1376032 40 1
515545273 0 1376128 64 1
515553603 0 778808 8 1
515562561 0 1376072 24 1
515569536 0 1375544 8 1
515579849 0 1376192 48 1
515591589 0 1375440 8 1
515609815 0 1449984 40 1
515630048 0 1450024 40 1
515654124 0 3932160 8 1
515693558 0 3932168 8 1
515742245 0 3932176 8 1
515751078 0 3932184 8 1
515757355 0 3932192 8 1
515764371 0 3932200 8 1
515768781 0 3932208 8 1
515772604 0 3932216 8 1
515776001 0 3932224 8 1
515779859 0 3932232 8 1
515783071 0 3932240 8 1
515786485 0 3932248 8 1
515789858 0 3932256 8 1
515793010 0 3932264 8 1
515797103 0 3932272 8 1
515800791 0 3932280 8 1
515807962 0 3932288 8 1
515814608 0 3932296 8 1
515820853 0 3932304 8 1
515826945 0 3932312 8 1
515832655 0 3932320 8 1
515838812 0 3932328 8 1
515843979 0 3932336 8 1
515848166 0 3932344 8 1
515852289 0 3932352 8 1
515855847 0 3932360 8 1
515859646 0 3932368 8 1
515863092 0 3932376 8 1
515866233 0 3932384 8 1
515869543 0 3932392 8 1
515873272 0 3932400 8 1
515876633 0 3932408 8 1
515882262 0 3932416 8 1
515888479 0 3932424 8 1
515894914 0 3932432 8 1
515901013 0 3932440 8 1
515907154 0 3932448 8 1
515914669 0 3932456 8 1
515919046 0 3932464 8 1
515922592 0 3932472 8 1
515926051 0 3932480 8 1
515929796 0 3932488 8 1
515933106 0 3932496 8 1
515936584 0 3932504 8 1
515940074 0 3932512 8 1
515943916 0 3932520 8 1
515946877 0 3932528 8 1
515949997 0 3932536 8 1
515954295 0 3932544 8 1
515976102 0 3932552 8 1
526307520 0 0 8 1
526317279 0 8 8 1
526322682 0 2064 8 1
526327063 0 2072 8 1
526330806 0 2096 8 1
526335177 0 2192 8 1
526339381 0 2312 8 1
526343511 0 2352 8 1
526347366 0 2384 8 1
526351404 0 2408 8 1
526355398 0 2472 8 1
526359602 0 2664 8 1
526364305 0 2672 8 1
526368843 0 2824 8 1
526375570 0 6496 8 1
526380285 0 6544 8 1
526384737 0 6552 8 1
526388571 0 6560 8 1
526392336 0 6576 8 1
526396280 0 6712 8 1
526400333 0 6752 8 1
526404333 0 6776 8 1
526408318 0 6784 8 1
526412251 0 6856 8 1
526416297 0 6864 8 1
526420340 0 6976 8 1
526424554 0 6984 8 1
526428460 0 6992 8 1
526433884 0 7208 8 1
526438794 0 7224 8 1
526442968 0 7232 8 1
526448241 0 9152 8 1
526452680 0 9160 8 1
526456947 0 9168 8 1
526461078 0 67848 8 1
526465531 0 76496 8 1
526470091 0 77720 8 1
526474312 0 4194304 8 1
526478990 0 4194432 8 1
526483443 0 4194560 8 1
526488079 0 4194832 8 1
526492665 0 4194840 8 1
526498370 0 4194848 8 1
526502628 0 4194856 8 1
526507308 0 4194872 8 1
526512212 0 4194880 8 1
537212825 0 3932160 8 1
538995575 0 3932160 8 1
539864923 0 0 8 1
