0 0 67912 8 0
85409 0 8960 8 0
119706 0 8968 8 0
121165 0 8976 8 0
122165 0 8984 8 0
163658 0 8992 8 0
166227 0 9000 8 0
167243 0 9008 8 0
168197 0 9016 8 0
169549 0 9024 8 0
170587 0 9032 8 0
171561 0 9040 8 0
172762 0 9048 8 0
174106 0 9056 8 0
175161 0 9064 8 0
176317 0 9072 8 0
177164 0 9080 8 0
178327 0 9088 8 0
179271 0 9096 8 0
181084 0 9104 8 0
181956 0 9112 8 0
186068 0 9120 8 0
187029 0 9128 8 0
188064 0 9136 8 0
189207 0 9144 8 0
190298 0 9152 8 0
191298 0 9160 8 0
192350 0 9168 8 0
193536 0 9176 8 0
194560 0 9184 8 0
195571 0 9192 8 0
196577 0 9200 8 0
197667 0 9208 8 0
8245974 0 4194432 8 0
12030474 0 4194568 8 0
12067263 0 4194576 8 0
12068698 0 4194584 8 0
12069832 0 4194592 8 0
12071044 0 4194600 8 0
12072440 0 4194608 8 0
12074497 0 4194616 8 0
12075597 0 4194624 8 0
12076583 0 4194632 8 0
12077598 0 4194640 8 0
12078514 0 4194648 8 0
12079409 0 4194656 8 0
12080375 0 4194664 8 0
12082201 0 4194672 8 0
12083336 0 4194680 8 0
12084459 0 4194688 8 0
12085577 0 4194696 8 0
12086752 0 4194704 8 0
12087850 0 4194712 8 0
12088818 0 4194720 8 0
12090370 0 4194728 8 0
12091319 0 4194736 8 0
12095785 0 4194744 8 0
12096777 0 4194752 8 0
12097728 0 4194760 8 0
12098712 0 4194768 8 0
12099864 0 4194776 8 0
12100957 0 4194784 8 0
12102003 0 4194792 8 0
12102967 0 4194800 8 0
12103844 0 4194808 8 0
12104990 0 4194816 8 0
12105399 0 4194560 8 0
27175458 0 4194304 8 0
46625205 0 512992 8 0
86571807 0 4194832 8 0
86584334 0 4194840 8 0
86592487 0 4194848 8 0
86599485 0 4194856 8 0
86606032 0 4194864 8 0
86613023 0 4194872 8 0
86620185 0 4194880 8 0
86629599 0 4194888 8 0
86637064 0 4194896 8 0
86643218 0 4194904 8 0
86649494 0 4194912 8 0
86656056 0 4194920 8 0
86662915 0 4194928 8 0
86670180 0 4194936 8 0
86676980 0 4194944 8 0
86682413 0 4194952 8 0
86688299 0 4194960 8 0
86694522 0 4194968 8 0
86699899 0 4194976 8 0
86706036 0 4194984 8 0
86711776 0 4194992 8 0
86719456 0 4195000 8 0
86725587 0 4195008 8 0
86731580 0 4195016 8 0
86737388 0 4195024 8 0
86743605 0 4195032 8 0
86750240 0 4195040 8 0
86756862 0 4195048 8 0
86762980 0 4195056 8 0
86768965 0 4195064 8 0
86775460 0 4195072 8 0
86780693 0 4194824 8 0
86795568 0 4260496 8 0
88813900 0 4513344 32 0
93000787 0 4458320 144 0
48289603 0 512960 8 0
50207544 0 68520 8 0
52157252 0 2816 8 0
52168617 0 2824 8 0
52169858 0 2832 8 0
52171060 0 2840 8 0
52172195 0 2848 8 0
52173096 0 2856 8 0
52174140 0 2864 8 0
52175273 0 2872 8 0
52176828 0 2888 8 0
52178671 0 2896 8 0
52180303 0 2904 8 0
52181617 0 2912 8 0
52183114 0 2920 8 0
52185428 0 2928 8 0
52186621 0 2936 8 0
52187824 0 2944 8 0
52189199 0 2952 8 0
52190537 0 2960 8 0
52191669 0 2968 8 0
52192911 0 2976 8 0
52194024 0 2984 8 0
52195223 0 2992 8 0
52196383 0 3000 8 0
52197589 0 3008 8 0
52198822 0 3016 8 0
52199924 0 3024 8 0
52201314 0 3032 8 0
52203147 0 3040 8 0
52204165 0 3048 8 0
52205321 0 3056 8 0
52206592 0 3064 8 0
52207861 0 3072 8 0
52208261 0 2880 8 0
52384712 0 69136 8 0
57791082 0 69184 8 0
64261062 0 69144 8 0
65483650 0 69216 8 0
66644989 0 68528 8 0
69036919 0 74000 8 0
70196418 0 6144 8 0
70204247 0 6152 8 0
70205538 0 6160 8 0
70206771 0 6168 8 0
70207936 0 6176 8 0
70209222 0 6184 8 0
70210367 0 6192 8 0
70211448 0 6200 8 0
70213761 0 6208 8 0
70214813 0 6216 8 0
70215886 0 6224 8 0
70217212 0 6232 8 0
70218385 0 6240 8 0
70219609 0 6248 8 0
70220768 0 6256 8 0
70222083 0 6264 8 0
70223529 0 6272 8 0
70224615 0 6280 8 0
70225724 0 6288 8 0
70226741 0 6296 8 0
70227793 0 6304 8 0
70229349 0 6320 8 0
70231592 0 6328 8 0
70232875 0 6336 8 0
70233999 0 6344 8 0
70235095 0 6352 8 0
70236582 0 6360 8 0
70237825 0 6368 8 0
70238939 0 6376 8 0
70240278 0 6384 8 0
70241969 0 6392 8 0
70243555 0 6400 8 0
70244428 0 6312 8 0
75667461 0 330496 24 0
78381252 0 4260104 8 0
79709698 0 4456448 32 0
82921911 0 68424 8 0
85310444 0 4260120 8 0
100076341 0 4513480 144 0
107166545 0 4513376 104 0
107440537 0 4456480 240 0
120756771 0 323744 40 0
127235036 0 4521488 32 0
130701645 0 4521648 136 0
143964007 0 4521520 128 0
144370554 0 4598848 32 0
162944250 0 4599048 136 0
169388254 0 4514272 32 0
169458122 0 4514816 32 0
169498306 0 4518048 152 0
177549171 0 4598880 168 0
177714194 0 4514864 248 0
177714970 0 4515112 8 0
181942692 0 4456720 248 0
181987207 0 4456968 8 0
182066148 0 4515120 248 0
182108268 0 4515368 8 0
182131850 0 4514848 16 0
182188471 0 4515752 248 0
182237391 0 4516000 8 0
191300540 0 4516032 248 0
191334825 0 4516280 8 0
191356858 0 4517504 248 0
191389114 0 4517752 8 0
202669743 0 4516952 248 0
202702047 0 4517200 8 0
202892693 0 4516520 248 0
202925970 0 4516768 8 0
203050030 0 4457784 248 0
203091421 0 4458032 8 0
203141831 0 4515592 160 0
203192351 0 4457192 248 0
203232673 0 4457440 8 0
203258178 0 4458040 240 0
206503831 0 4517328 176 0
208307267 0 4516288 136 0
208375120 0 2576 8 0
208383836 0 2584 8 0
208388744 0 2592 8 0
208392675 0 2600 8 0
208396880 0 2608 8 0
208401214 0 2616 8 0
208405063 0 2624 8 0
208408874 0 2632 8 0
208412917 0 2648 8 0
208417994 0 2656 8 0
208422020 0 2664 8 0
208426035 0 2672 8 0
208430203 0 2680 8 0
208434667 0 2688 8 0
208438807 0 2696 8 0
208443058 0 2704 8 0
208447186 0 2712 8 0
208450828 0 2720 8 0
208454689 0 2728 8 0
208458331 0 2736 8 0
208463787 0 2744 8 0
208468097 0 2752 8 0
208471617 0 2760 8 0
208475980 0 2768 8 0
208480259 0 2776 8 0
208484033 0 2784 8 0
208487797 0 2792 8 0
208491794 0 2800 8 0
208495783 0 2808 8 0
208499736 0 2640 8 0
208510808 0 68552 8 0
209805192 0 68664 8 0
211511898 0 551184 248 0
211547293 0 551432 8 0
223136908 0 4457048 144 0
223577975 0 551440 136 0
223618904 0 551584 248 0
223651900 0 551832 8 0
223667938 0 554184 144 0
249170237 0 551840 168 0
249441226 0 553744 248 0
249447181 0 553992 8 0
258300279 0 4457472 248 0
258342831 0 4457720 8 0
258381242 0 4456976 72 0
258517561 0 4515376 216 0
258606942 0 4457448 24 0
258755521 0 68832 8 0
260084943 0 76504 8 0
261548025 0 68848 8 0
263123394 0 68864 8 0
265218351 0 314344 56 0
271820409 0 4260512 8 0
274240557 0 4195080 8 0
274247578 0 4195088 8 0
274251709 0 4195096 8 0
274255949 0 4195104 8 0
274259899 0 4195112 8 0
274264315 0 4195120 8 0
274268363 0 4195128 8 0
274272479 0 4195136 8 0
274276455 0 4195144 8 0
274280314 0 4195152 8 0
274285286 0 4195160 8 0
274289177 0 4195168 8 0
274295080 0 4195176 8 0
274302236 0 4195184 8 0
274306779 0 4195200 8 0
274311049 0 4195208 8 0
274314900 0 4195216 8 0
274318797 0 4195224 8 0
274322413 0 4195232 8 0
274326420 0 4195240 8 0
274330244 0 4195248 8 0
274539682 0 4195256 8 0
274546997 0 4195264 8 0
274551396 0 4195272 8 0
274555533 0 4195280 8 0
274559346 0 4195288 8 0
274563113 0 4195296 8 0
274567029 0 4195304 8 0
274571197 0 4195312 8 0
274575100 0 4195320 8 0
274578994 0 4195328 8 0
274582021 0 4195192 8 0
274601387 0 68472 8 0
277947009 0 4516784 168 0
278008292 0 265272 8 0
279909882 0 4592000 32 0
283354641 0 4592032 32 0
289968366 0 4521784 32 0
290036154 0 4521824 136 0
290092498 0 4521816 8 0
290184416 0 4592256 32 0
292154216 0 4592288 56 0
292204728 0 4592112 32 0
292253448 0 4592144 64 0
293199108 0 68488 8 0
296695154 0 4474240 32 0
306770768 0 7168 8 0
306780917 0 7176 8 0
306782218 0 7184 8 0
306783313 0 7192 8 0
306786266 0 7200 8 0
306787657 0 7208 8 0
306788612 0 7216 8 0
306789473 0 7224 8 0
306790688 0 7232 8 0
306792244 0 7240 8 0
306793536 0 7248 8 0
306795263 0 7256 8 0
306796622 0 7264 8 0
306798811 0 7272 8 0
306800371 0 7280 8 0
306803322 0 7288 8 0
306804726 0 7296 8 0
306805997 0 7304 8 0
306807374 0 7312 8 0
306808822 0 7320 8 0
306810141 0 7328 8 0
306811201 0 7336 8 0
306812126 0 7344 8 0
306813162 0 7352 8 0
306814428 0 7360 8 0
306815588 0 7368 8 0
306816460 0 7376 8 0
306818211 0 7384 8 0
306819484 0 7392 8 0
306820406 0 7400 8 0
306821329 0 7408 8 0
306822942 0 7424 8 0
306823358 0 7416 8 0
306863690 0 75296 8 0
316900013 0 75304 8 0
321521799 0 75312 8 0
322676328 0 7440 8 0
322688783 0 7448 8 0
322690183 0 7456 8 0
322691258 0 7464 8 0
322692442 0 7472 8 0
322693545 0 7480 8 0
322695129 0 7488 8 0
322696251 0 7496 8 0
322697616 0 7504 8 0
322699032 0 7512 8 0
322700187 0 7520 8 0
322701405 0 7528 8 0
322702568 0 7536 8 0
322708491 0 7544 8 0
322709835 0 7552 8 0
322711563 0 7560 8 0
322713290 0 7568 8 0
322714545 0 7576 8 0
322715763 0 7584 8 0
322717028 0 7592 8 0
322718235 0 7600 8 0
322719267 0 7608 8 0
322720447 0 7616 8 0
322721699 0 7624 8 0
322722744 0 7632 8 0
322723967 0 7640 8 0
322724939 0 7648 8 0
322726690 0 7656 8 0
322727974 0 7664 8 0
322729177 0 7672 8 0
322730497 0 7680 8 0
322730875 0 7432 8 0
322755644 0 75320 8 0
322806603 0 74320 8 0
324101335 0 288616 8 0
325744895 0 614800 16 0
328833146 0 75328 8 0
328872697 0 615448 32 0
331559088 0 621080 136 0
336670008 0 7688 8 0
336680117 0 7696 8 0
336687689 0 7704 8 0
336694538 0 7712 8 0
336700980 0 7720 8 0
336707394 0 7728 8 0
336714546 0 7736 8 0
336720808 0 7744 8 0
336727833 0 7752 8 0
336733598 0 7760 8 0
336737971 0 7768 8 0
336742197 0 7776 8 0
336746926 0 7784 8 0
336750752 0 7792 8 0
336754608 0 7800 8 0
336758609 0 7816 8 0
336765486 0 7824 8 0
336772790 0 7832 8 0
336779542 0 7840 8 0
336785887 0 7848 8 0
336792035 0 7856 8 0
336798334 0 7864 8 0
336804379 0 7872 8 0
336811532 0 7880 8 0
336817096 0 7888 8 0
336821011 0 7896 8 0
336825870 0 7904 8 0
336829926 0 7912 8 0
336833953 0 7920 8 0
336837704 0 7928 8 0
336841710 0 7936 8 0
336844779 0 7808 8 0
336876151 0 948784 32 0
341434402 0 948912 136 0
303138596 0 4474272 32 0
306318470 0 4516424 96 0
353176532 0 948816 96 0
353652288 0 4593632 32 0
353714671 0 4593696 208 0
374295202 0 4593664 32 0
374333676 0 76496 8 0
379272943 0 615480 224 0
384339624 0 67920 8 0
389041244 0 76392 8 0
390341945 0 766976 32 0
393024705 0 767864 136 0
398318709 0 942768 32 0
402177601 0 944936 144 0
406950624 0 942800 248 0
407132641 0 943048 8 0
412051360 0 4589472 32 0
418654090 0 4591392 136 0
424895793 0 4589504 224 0
431111546 0 981696 32 0
438219010 0 982056 144 0
443552259 0 981728 248 0
443681031 0 981976 8 0
443737136 0 4593904 32 0
447094017 0 4594352 136 0
447392808 0 4593936 224 0
447474594 0 4592608 32 0
447519835 0 4593352 136 0
447584102 0 4520608 32 0
447618265 0 4520752 136 0
447660893 0 4520640 112 0
447713173 0 4514056 32 0
447746906 0 4514088 104 0
447816313 0 4599424 32 0
447850106 0 4599504 136 0
447889442 0 4599456 48 0
447932313 0 4594688 32 0
447958510 0 4594720 32 0
448039036 0 4529232 32 0
459966879 0 4529272 136 0
466566545 0 4529264 8 0
466729251 0 615704 248 0
466788553 0 615952 8 0
466936538 0 4594160 192 0
467044629 0 4592640 248 0
467584695 0 4592888 8 0
467709982 0 4589728 248 0
467752249 0 4589976 8 0
467861955 0 767008 248 0
468016541 0 767256 8 0
468039101 0 767264 248 0
468039508 0 767512 8 0
503027970 0 620752 248 0
503083069 0 621000 8 0
512213655 0 621008 72 0
512256854 0 615960 248 0
512513462 0 616208 8 0
512589756 0 616216 248 0
512628647 0 616464 8 0
512793890 0 616472 248 0
512832291 0 616720 8 0
513169267 0 943056 248 0
513212024 0 943304 8 0
513240082 0 944656 248 0
513272168 0 944904 8 0
532397238 0 944472 184 0
539119932 0 619384 248 0
539168752 0 619632 8 0
546067446 0 617824 248 0
546112266 0 618072 8 0
546147952 0 618712 248 0
546187973 0 618960 8 0
546222801 0 619640 136 0
546321137 0 619928 248 0
546464725 0 620176 8 0
550975848 0 619776 152 0
551113198 0 264640 8 0
554359456 0 618560 152 0
554429512 0 620408 248 0
554472497 0 620656 8 0
554537539 0 264712 8 0
556080443 0 68464 8 0
557452677 0 616848 248 0
557500034 0 617096 8 0
557574654 0 617608 216 0
557660126 0 68512 8 0
559456650 0 2192 8 0
559489289 0 2056 8 0
559558544 0 618080 248 0
559644957 0 618328 8 0
559674724 0 617256 248 0
559758392 0 617504 8 0
560014899 0 617104 152 0
561165134 0 616728 120 0
561274894 0 617512 96 0
561336934 0 618336 192 0
561509930 0 4590248 248 0
561565334 0 4590496 8 0
561586887 0 4590504 200 0
561672012 0 75336 8 0
561795336 0 75808 8 0
601169496 0 75824 8 0
601237568 0 634528 16 0
606101725 0 636000 32 0
609932639 0 618528 32 0
612068816 0 635976 8 0
613785610 0 634544 248 0
613880274 0 634792 248 0
613881770 0 635040 16 0
620419079 0 635056 248 0
620620626 0 635304 8 0
620690328 0 635312 248 0
620690932 0 635560 8 0
623878942 0 635568 248 0
623912630 0 635816 8 0
623980988 0 635824 152 0
625153942 0 634480 16 0
637315097 0 4516008 24 0
641110197 0 618968 128 0
644014851 0 69176 8 0
645797393 0 7944 8 0
645805567 0 7952 8 0
645809873 0 7960 8 0
645813663 0 7968 8 0
645817482 0 7976 8 0
645821444 0 7984 8 0
645826634 0 7992 8 0
645830532 0 8000 8 0
645836672 0 8008 8 0
645841067 0 8016 8 0
645844991 0 8024 8 0
645848804 0 8032 8 0
645852716 0 8040 8 0
645856629 0 8048 8 0
645860626 0 8056 8 0
645864359 0 8064 8 0
645868000 0 8072 8 0
645871555 0 8080 8 0
645875415 0 8096 8 0
645879010 0 8104 8 0
645883367 0 8112 8 0
645887304 0 8120 8 0
645929026 0 8128 8 0
645930439 0 8136 8 0
645932024 0 8144 8 0
645933145 0 8152 8 0
645934603 0 8160 8 0
645935620 0 8168 8 0
645936557 0 8176 8 0
645937458 0 8184 8 0
645940195 0 8192 8 0
645940595 0 8088 8 0
649667631 0 77360 8 0
652746211 0 77368 8 0
654455092 0 76272 8 0
655638263 0 4195584 8 0
655646223 0 4195592 8 0
655650439 0 4195600 8 0
655654533 0 4195608 8 0
655658916 0 4195616 8 0
655662795 0 4195624 8 0
655666369 0 4195632 8 0
655670179 0 4195640 8 0
655675193 0 4195648 8 0
655679205 0 4195656 8 0
655682808 0 4195664 8 0
655686480 0 4195672 8 0
655689964 0 4195680 8 0
655694946 0 4195688 8 0
655698679 0 4195696 8 0
655702322 0 4195704 8 0
655706182 0 4195712 8 0
655709823 0 4195720 8 0
655713659 0 4195736 8 0
655717219 0 4195744 8 0
655720790 0 4195752 8 0
655724380 0 4195760 8 0
655728637 0 4195768 8 0
655732488 0 4195776 8 0
655735967 0 4195784 8 0
655739937 0 4195792 8 0
655743691 0 4195800 8 0
655747312 0 4195808 8 0
655751010 0 4195816 8 0
655754764 0 4195824 8 0
655758206 0 4195832 8 0
655762327 0 4195840 8 0
655765453 0 4195728 8 0
655776238 0 4262672 8 0
659852609 0 4195336 8 0
659863441 0 4195344 8 0
659868110 0 4195352 8 0
659872288 0 4195360 8 0
659876378 0 4195368 8 0
659880363 0 4195376 8 0
659885064 0 4195384 8 0
659889113 0 4195392 8 0
659892913 0 4195400 8 0
659896562 0 4195408 8 0
659900630 0 4195416 8 0
659904333 0 4195424 8 0
659907965 0 4195432 8 0
659911734 0 4195440 8 0
659915806 0 4195448 8 0
659919933 0 4195464 8 0
659923761 0 4195472 8 0
659927580 0 4195480 8 0
659931592 0 4195488 8 0
659935324 0 4195496 8 0
659940153 0 4195504 8 0
659944780 0 4195512 8 0
659948634 0 4195520 8 0
659952348 0 4195528 8 0
659956032 0 4195536 8 0
659959866 0 4195544 8 0
659963590 0 4195552 8 0
659967168 0 4195560 8 0
659970897 0 4195568 8 0
659974376 0 4195576 8 0
659977664 0 4195456 8 0
659986444 0 4261480 8 0
661540845 0 4261488 8 0
663354821 0 4550720 8 0
670401260 0 4550712 8 0
673905990 0 4195848 8 0
673917297 0 4195856 8 0
673922648 0 4195864 8 0
673926869 0 4195872 8 0
673931087 0 4195888 8 0
673935233 0 4195896 8 0
673939086 0 4195904 8 0
673942885 0 4195912 8 0
673946447 0 4195920 8 0
673950058 0 4195928 8 0
673953805 0 4195936 8 0
673957481 0 4195944 8 0
673961232 0 4195952 8 0
673965853 0 4195960 8 0
673969966 0 4195968 8 0
673973837 0 4195976 8 0
673977785 0 4195984 8 0
673981986 0 4195992 8 0
673985833 0 4196000 8 0
673989810 0 4196008 8 0
673993710 0 4196016 8 0
673997430 0 4196024 8 0
674000929 0 4196032 8 0
674004581 0 4196040 8 0
674008172 0 4196048 8 0
674033991 0 4196056 8 0
674039856 0 4196064 8 0
674046762 0 4196072 8 0
674051519 0 4196080 8 0
674055700 0 4196088 8 0
674059866 0 4196096 8 0
674062921 0 4195880 8 0
674072112 0 4262968 8 0
675469419 0 4262976 8 0
677177967 0 4586648 8 0
678978964 0 4586656 8 0
681598624 0 4262984 8 0
682081951 0 4586664 8 0
682902245 0 4621664 16 0
689387454 0 4621656 8 0
690841681 0 4620288 248 0
690882464 0 4620536 248 0
690883946 0 4620784 16 0
700854630 0 4620800 248 0
701086200 0 4621048 8 0
701156388 0 4621056 248 0
701156876 0 4621304 8 0
705150322 0 4621312 248 0
705186306 0 4621560 8 0
705252006 0 4621568 88 0
707566280 0 4263024 8 0
707713720 0 4586752 32 0
707769795 0 4586784 56 0
717795924 0 69224 8 0
719225358 0 3328 8 0
719232566 0 3336 8 0
719236914 0 3344 8 0
719240958 0 3352 8 0
719245377 0 3368 8 0
719249200 0 3376 8 0
719253045 0 3384 8 0
719256988 0 3392 8 0
719260850 0 3400 8 0
719265928 0 3408 8 0
719271060 0 3416 8 0
719274891 0 3424 8 0
719278786 0 3432 8 0
719282532 0 3440 8 0
719286344 0 3448 8 0
719290362 0 3456 8 0
719294047 0 3464 8 0
719298049 0 3472 8 0
719301755 0 3480 8 0
719305554 0 3488 8 0
719309286 0 3496 8 0
719313200 0 3504 8 0
719316909 0 3512 8 0
719320955 0 3520 8 0
719325286 0 3528 8 0
719329211 0 3536 8 0
719333627 0 3544 8 0
719337645 0 3552 8 0
719341935 0 3560 8 0
719345717 0 3568 8 0
719349405 0 3576 8 0
719353475 0 3584 8 0
719356446 0 3360 8 0
719366067 0 70456 8 0
721171688 0 5632 8 0
721179086 0 5640 8 0
721183805 0 5648 8 0
721188828 0 5656 8 0
721193081 0 5664 8 0
721206062 0 5672 8 0
721210648 0 5680 8 0
721215042 0 5688 8 0
721218898 0 5696 8 0
721222837 0 5704 8 0
721226630 0 5712 8 0
721230558 0 5720 8 0
721234346 0 5728 8 0
721238051 0 5736 8 0
721241774 0 5744 8 0
721245355 0 5752 8 0
721249168 0 5760 8 0
721253862 0 5768 8 0
721257631 0 5776 8 0
721261343 0 5784 8 0
721265377 0 5800 8 0
721269280 0 5808 8 0
721273166 0 5816 8 0
721277011 0 5824 8 0
721280640 0 5832 8 0
721284305 0 5840 8 0
721288356 0 5848 8 0
721292625 0 5856 8 0
721296762 0 5864 8 0
721300995 0 5872 8 0
721305099 0 5880 8 0
721309602 0 5888 8 0
721312743 0 5792 8 0
721332973 0 265736 8 0
722713213 0 4262712 8 0
724114513 0 4262720 8 0
726262363 0 4261496 8 0
726407844 0 4550728 8 0
728753144 0 4552736 32 0
735658668 0 4261520 8 0
735846934 0 4553744 32 0
742358477 0 4553776 40 0
745592422 0 4552704 8 0
747751839 0 4550752 248 0
747803324 0 4551000 248 0
747804127 0 4551248 16 0
755606560 0 4551264 248 0
755638894 0 4551512 8 0
755710745 0 4551520 248 0
755711225 0 4551768 8 0
756916256 0 4551776 248 0
756916756 0 4552024 8 0
762564658 0 4552032 248 0
762597772 0 4552280 8 0
762672700 0 4552288 248 0
762706937 0 4552536 8 0
762775670 0 4552544 160 0
801496688 0 4574952 8 0
803165857 0 68856 8 0
804684045 0 312448 24 0
807910108 0 265760 8 0
810193801 0 4260960 8 0
811442859 0 4260968 8 0
812753854 0 4520304 8 0
814306265 0 4520296 8 0
815251088 0 4260976 8 0
815357820 0 4523240 8 0
829122941 0 4261128 8 0
832821378 0 4261136 8 0
832871930 0 4524520 8 0
834432841 0 4524512 8 0
835472872 0 4261144 8 0
835559727 0 4524536 8 0
835930033 0 4524856 8 0
836652069 0 4524848 8 0
836692650 0 4524544 248 0
836736670 0 4524792 56 0
861569989 0 4261200 8 0
861690631 0 4540832 32 0
866778610 0 4541168 136 0
873257892 0 4540864 224 0
876311133 0 4541088 80 0
884950671 0 4261208 8 0
884967043 0 4261216 8 0
885012783 0 4541360 8 0
886729027 0 4541352 8 0
888809911 0 4261224 8 0
888901476 0 4541376 8 0
889274379 0 4541880 8 0
889861710 0 4541872 8 0
889901395 0 4541384 248 0
889945720 0 4541632 240 0
892379418 0 4261264 8 0
892486931 0 4543136 32 0
895790415 0 4543504 136 0
902319440 0 4543168 248 0
902445208 0 4543416 8 0
902533521 0 4543424 80 0
916412046 0 4262400 8 0
916428795 0 4262408 8 0
916474090 0 4617112 8 0
920227868 0 4617200 16 0
930677984 0 4262416 8 0
930766521 0 4617256 8 0
932541819 0 4619712 24 0
938268121 0 4619704 8 0
939890824 0 4617264 248 0
939932088 0 4617512 248 0
939933296 0 4617760 16 0
949484089 0 4617776 248 0
949623606 0 4618024 8 0
949756089 0 4618032 248 0
949756834 0 4618280 8 0
951895244 0 4618288 248 0
951920657 0 4618536 8 0
951990879 0 4618544 248 0
951991264 0 4618792 8 0
954393080 0 4618800 248 0
954537221 0 4619048 8 0
954607060 0 4619056 248 0
954607421 0 4619304 8 0
956868639 0 4619312 248 0
956894066 0 4619560 8 0
956959568 0 4619568 136 0
976218552 0 4262448 8 0
976374565 0 4557616 32 0
981238153 0 4558832 136 0
990497809 0 4557648 224 0
996668918 0 76376 8 0
998821947 0 840264 32 0
1039165554 0 4459304 32 0
1039584155 0 4459416 136 0
1039794512 0 4459336 80 0
1040160899 0 4517208 120 0
1040259400 0 74008 8 0
1001871886 0 851760 144 0
1008498677 0 840296 232 0
1017859134 0 840528 248 0
1017892658 0 840776 8 0
1018418679 0 4557872 248 0
1018455769 0 4558120 8 0
1018621870 0 4558632 200 0
1038541671 0 619144 240 0
1042441204 0 4465536 32 0
1046584637 0 4465568 88 0
1050628281 0 4593120 232 0
1050701302 0 850632 248 0
1050750255 0 850880 8 0
1060191806 0 981984 72 0
1106273437 0 3932160 8 1
1106307866 0 3932168 8 1
1106368715 0 3932176 8 1
1106369244 0 3932184 8 1
1106369575 0 3932192 8 1
1106369957 0 3932200 8 1
1106370325 0 3932208 8 1
1106370594 0 3932216 8 1
1106370952 0 3932224 8 1
1106371341 0 3932232 8 1
1106371690 0 3932240 8 1
1106371994 0 3932248 8 1
1106372321 0 3932256 8 1
1106372688 0 3932264 8 1
1106373040 0 3932272 8 1
1106373275 0 3932280 8 1
1106373622 0 3932288 8 1
1106373954 0 3932296 8 1
1106374189 0 3932304 8 1
1106374490 0 3932312 8 1
1106374761 0 3932320 8 1
1106375084 0 3932328 8 1
1106376049 0 3932336 8 1
1106376465 0 3932344 8 1
1106376806 0 3932352 8 1
1106377144 0 3932360 8 1
1106377490 0 3932368 8 1
1106377824 0 3932376 8 1
1106378165 0 3932384 8 1
1106378403 0 3932392 8 1
1106378859 0 3932400 8 1
1106379487 0 3932408 8 1
1106379952 0 3932416 8 1
1106380384 0 3932424 8 1
1106380749 0 3932432 8 1
1106381246 0 3932440 8 1
1106381874 0 3932448 8 1
1106382464 0 3932456 8 1
1106383465 0 3932464 8 1
1106383881 0 3932472 8 1
1106384300 0 3932480 8 1
1106384735 0 3932488 8 1
1106385171 0 3932496 8 1
1106385410 0 3932504 8 1
1106385649 0 3932512 8 1
1106385910 0 3932520 8 1
1106386232 0 3932528 8 1
1106386469 0 3932536 8 1
1106386707 0 3932544 8 1
1106386945 0 3932552 8 1
1106387191 0 3932560 8 1
1106387431 0 3932568 8 1
1106387679 0 3932576 8 1
1106388227 0 3932584 8 1
1106388731 0 3932592 8 1
1106389073 0 3932600 8 1
1106389410 0 3932608 8 1
1106389753 0 3932616 8 1
1106393260 0 3932624 8 1
1106393502 0 3932632 8 1
1106393741 0 3932640 8 1
1106566584 0 3932648 8 1
1113152480 0 0 8 1
1113165590 0 8 8 1
1113171539 0 2056 8 1
1113176659 0 2192 8 1
1113181055 0 2312 8 1
1113185584 0 2352 8 1
1113189836 0 2384 8 1
1113195375 0 2392 8 1
1113203905 0 2408 8 1
1113211731 0 2472 8 1
1113218675 0 2792 8 1
1113225797 0 2824 8 1
1113233244 0 5792 8 1
1113241898 0 6184 8 1
1113250193 0 6248 8 1
1113254855 0 6264 8 1
1113259122 0 6272 8 1
1113263261 0 6312 8 1
1113267489 0 6408 8 1
1113271680 0 7424 8 1
1113277084 0 7432 8 1
1113284680 0 7544 8 1
1113291810 0 7704 8 1
1113299052 0 7712 8 1
1113305917 0 7752 8 1
1113312408 0 7760 8 1
1113320266 0 7808 8 1
1113326418 0 7848 8 1
1113332578 0 7856 8 1
1113337020 0 9208 8 1
1113341495 0 67848 8 1
1113346041 0 68512 8 1
1113350214 0 4194304 8 1
1113354562 0 4194432 8 1
1113360753 0 4194560 8 1
1113369187 0 4194584 8 1
1113376574 0 4194600 8 1
1113383078 0 4194832 8 1
1113390434 0 4194840 8 1
1113397211 0 4194848 8 1
1113404389 0 4194856 8 1
1113409788 0 4194864 8 1
1113415383 0 4194872 8 1
1113419628 0 4194880 8 1
1113423670 0 4194888 8 1
1113427644 0 4195192 8 1
1113431666 0 4195288 8 1
1113436140 0 4195320 8 1
1113440962 0 4195392 8 1
1113449001 0 4195408 8 1
1113456868 0 4195456 8 1
1113463553 0 4195464 8 1
1113470590 0 4195640 8 1
1113477873 0 4195648 8 1
1113485160 0 4195656 8 1
1113491547 0 4195752 8 1
1113496914 0 4195888 8 1
1113501342 0 4195896 8 1
1123092955 0 3932160 8 1
1126003216 0 3932160 8 1
1126497140 0 0 8 1
