0 0 0 8 1
19835 0 480 8 0
37437 0 488 8 0
64134 0 496 8 0
89452 0 504 8 0
115331 0 768 8 0
141030 0 776 8 0
166691 0 784 8 0
192082 0 792 8 0
241019 0 800 8 0
286753 0 808 8 0
316146 0 816 8 0
351510 0 824 8 0
379712 0 832 8 0
405874 0 840 8 0
432389 0 848 8 0
457566 0 856 8 0
483861 0 864 8 0
510277 0 872 8 0
536184 0 880 8 0
578135 0 888 8 0
637075 0 896 8 0
668398 0 904 8 0
696679 0 912 8 0
724543 0 920 8 0
752573 0 928 8 0
780713 0 936 8 0
822868 0 944 8 0
854320 0 952 8 0
883639 0 960 8 0
912087 0 968 8 0
940740 0 976 8 0
969917 0 984 8 0
999069 0 992 8 0
1050848 0 1000 8 0
1082175 0 1008 8 0
1127185 0 1016 8 0
1162673 0 16 8 0
1192853 0 128 8 0
1223280 0 512 8 0
1255112 0 32 8 0
1288542 0 4096 8 0
1320421 0 56 8 0
1765466 0 8388480 8 0
1964160 0 8388592 8 0
1997839 0 8388600 8 0
2024282 0 8388344 8 0
2073657 0 8388544 8 0
2100700 0 8388352 8 0
2127073 0 8388208 8 0
2152271 0 8388016 8 0
2177183 0 8387928 8 0
2200863 0 8387872 8 0
2224502 0 8387696 8 0
2247749 0 8387632 8 0
2271425 0 8387616 8 0
2294435 0 8387656 8 0
2318944 0 8385520 8 0
2350717 0 2048 8 0
2380517 0 24 8 0
2407186 0 120 8 0
2441965 0 64 8 0
2469026 0 256 8 0
2493722 0 264 8 0
2518115 0 272 8 0
2541355 0 280 8 0
60734858 0 67848 8 0
60767377 0 6408 8 0
60950100 0 4194560 8 0
61023593 0 4194568 8 0
61025349 0 4194576 8 0
61026436 0 4194584 8 0
61032112 0 4194592 8 0
61033499 0 4194600 8 0
61034481 0 4194608 8 0
61035548 0 4194616 8 0
61036601 0 4194624 8 0
61037516 0 4194632 8 0
61039056 0 4194640 8 0
61040111 0 4194648 8 0
61041214 0 4194656 8 0
61042277 0 4194664 8 0
61043236 0 4194672 8 0
61044401 0 4194680 8 0
61045726 0 4194688 8 0
61047138 0 4194704 8 0
61048763 0 4194712 8 0
61049666 0 4194720 8 0
61050982 0 4194728 8 0
61052244 0 4194736 8 0
61053841 0 4194744 8 0
61054898 0 4194752 8 0
61055901 0 4194760 8 0
61056899 0 4194768 8 0
61057708 0 4194776 8 0
61058708 0 4194784 8 0
61060212 0 4194792 8 0
61061784 0 4194800 8 0
61062708 0 4194808 8 0
61063908 0 4194816 8 0
61064349 0 4194696 8 0
86985961 0 68320 8 0
87011578 0 68384 8 0
87022404 0 2576 8 0
87028105 0 2584 8 0
87032844 0 2592 8 0
87037324 0 2600 8 0
87041696 0 2608 8 0
87046572 0 2616 8 0
87052423 0 2624 8 0
87057414 0 2632 8 0
87062112 0 2640 8 0
87066199 0 2648 8 0
87070512 0 2656 8 0
87074749 0 2664 8 0
87078983 0 2672 8 0
87083370 0 2680 8 0
87087455 0 2688 8 0
87091555 0 2696 8 0
87095884 0 2704 8 0
87100425 0 2712 8 0
87105036 0 2728 8 0
87109266 0 2736 8 0
87114112 0 2744 8 0
87118348 0 2752 8 0
87122701 0 2760 8 0
87130486 0 2768 8 0
87138647 0 2776 8 0
87146509 0 2784 8 0
87152204 0 2792 8 0
87160455 0 2800 8 0
87167177 0 2808 8 0
87171761 0 2816 8 0
87175933 0 2720 8 0
87241741 0 67912 8 0
87297302 0 3072 8 0
87304067 0 3080 8 0
87309684 0 3088 8 0
87314312 0 3096 8 0
87319151 0 3104 8 0
87323482 0 3112 8 0
87327573 0 3120 8 0
87332495 0 3128 8 0
87623247 0 2184 8 0
87655197 0 2056 8 0
111914813 0 264608 8 0
114427567 0 4260104 8 0
116200368 0 4456448 32 0
119634338 0 4260296 8 0
124855129 0 4260120 8 0
108100553 0 280056 8 0
110374604 0 279904 8 0
126543761 0 4260280 8 0
127723837 0 4466360 32 0
132009838 0 4458216 144 0
138971664 0 4466392 64 0
139094725 0 4466480 152 0
144650054 0 4456480 224 0
166950314 0 4466456 24 0
167004705 0 285744 16 0
177620177 0 4479040 32 0
180976634 0 4479232 144 0
186737252 0 4470944 32 0
193933531 0 4467312 32 0
194002082 0 4470296 144 0
199301255 0 4467352 248 0
199351076 0 4467600 8 0
199423080 0 4467608 248 0
199471142 0 4467856 8 0
199492601 0 4467344 8 0
199588275 0 4468232 248 0
199638740 0 4468480 8 0
209009393 0 4479072 160 0
213681504 0 4456704 248 0
213728350 0 4456952 8 0
213988989 0 4469832 248 0
214073503 0 4470080 8 0
220212894 0 4469376 248 0
220250535 0 4469624 8 0
220277345 0 4468936 248 0
220315428 0 4469184 8 0
220437802 0 4457720 248 0
220480302 0 4457968 8 0
220535608 0 4468032 200 0
224047318 0 4457176 248 0
224088728 0 4457424 8 0
224117657 0 4457976 232 0
224174809 0 4469680 152 0
224220946 0 4469632 48 0
224261787 0 4457040 136 0
224627868 0 4470088 208 0
224870609 0 4468560 248 0
224911428 0 4468808 8 0
224925431 0 4456960 80 0
224961866 0 4457432 248 0
225000980 0 4457680 8 0
225110860 0 4467872 160 0
225295951 0 68280 8 0
250412215 0 4469192 136 0
250484679 0 265112 8 0
252567607 0 4473984 32 0
255773336 0 4474016 32 0
258127025 0 4473776 32 0
263351314 0 4473816 136 0
266557947 0 4473808 8 0
266650675 0 4474232 32 0
266697880 0 4474264 56 0
266741950 0 4474096 32 0
266772291 0 4474128 64 0
267132362 0 4467864 8 0
267400923 0 4260336 8 0
280399807 0 4260368 8 0
285302726 0 4198656 8 0
285337630 0 4198664 8 0
285339471 0 4198672 8 0
285341026 0 4198680 8 0
285344682 0 4198688 8 0
285346136 0 4198696 8 0
285347504 0 4198704 8 0
285348905 0 4198712 8 0
285350190 0 4198720 8 0
285351279 0 4198728 8 0
285352394 0 4198736 8 0
285357019 0 4198744 8 0
285358410 0 4198752 8 0
285359613 0 4198760 8 0
285360738 0 4198768 8 0
285362064 0 4198776 8 0
285363225 0 4198784 8 0
285364322 0 4198792 8 0
285366442 0 4198800 8 0
285367848 0 4198808 8 0
285369584 0 4198816 8 0
285370805 0 4198824 8 0
285371909 0 4198832 8 0
285373399 0 4198840 8 0
285374683 0 4198848 8 0
285376168 0 4198856 8 0
285377582 0 4198872 8 0
285378508 0 4198880 8 0
285380099 0 4198888 8 0
285381425 0 4198896 8 0
285382611 0 4198904 8 0
285383804 0 4198912 8 0
285384280 0 4198864 8 0
293757273 0 4266792 8 0
320507136 0 4458752 32 0
320675369 0 4458784 96 0
330140275 0 4654880 32 0
333597477 0 4657792 248 0
333605712 0 4658040 8 0
344857089 0 4655200 248 0
344866104 0 4655448 8 0
301562531 0 4266800 8 0
312397367 0 4194824 8 0
312407400 0 4194832 8 0
312412274 0 4194840 8 0
312416720 0 4194848 8 0
312421031 0 4194856 8 0
312427967 0 4194864 8 0
312433310 0 4194872 8 0
312439383 0 4194880 8 0
312443735 0 4194888 8 0
312448019 0 4194896 8 0
312452639 0 4194904 8 0
312456929 0 4194912 8 0
312460994 0 4194920 8 0
312465329 0 4194928 8 0
312469756 0 4194936 8 0
312473769 0 4194944 8 0
312477978 0 4194952 8 0
312481947 0 4194960 8 0
312485853 0 4194968 8 0
312489612 0 4194976 8 0
312493637 0 4194984 8 0
312498565 0 4194992 8 0
312502814 0 4195000 8 0
312506790 0 4195008 8 0
312510760 0 4195016 8 0
312515206 0 4195032 8 0
312519288 0 4195040 8 0
312523316 0 4195048 8 0
312527347 0 4195056 8 0
312531625 0 4195064 8 0
312535609 0 4195072 8 0
312539222 0 4195024 8 0
312549733 0 4260856 8 0
313971208 0 4260904 8 0
315238637 0 4260864 8 0
316484868 0 4260936 8 0
317691646 0 4260344 8 0
318865368 0 68312 8 0
322009364 0 4197888 8 0
322020818 0 4197896 8 0
322022102 0 4197904 8 0
322024773 0 4197912 8 0
322026047 0 4197920 8 0
322027273 0 4197928 8 0
322028383 0 4197936 8 0
322030973 0 4197944 8 0
322032250 0 4197952 8 0
322033815 0 4197960 8 0
322035027 0 4197968 8 0
322036383 0 4197976 8 0
322037659 0 4197984 8 0
322038829 0 4197992 8 0
322039858 0 4198000 8 0
322040982 0 4198008 8 0
322041936 0 4198016 8 0
322044105 0 4198024 8 0
322045369 0 4198032 8 0
322047212 0 4198048 8 0
322048449 0 4198056 8 0
322049672 0 4198064 8 0
322050747 0 4198072 8 0
322051949 0 4198080 8 0
322053028 0 4198088 8 0
322054179 0 4198096 8 0
322055143 0 4198104 8 0
322056185 0 4198112 8 0
322057176 0 4198120 8 0
322058239 0 4198128 8 0
322059150 0 4198136 8 0
322061115 0 4198144 8 0
322061368 0 4198040 8 0
362097840 0 4655008 192 0
369281260 0 4657640 152 0
379496093 0 4657040 248 0
379505781 0 4657288 8 0
387023389 0 4654912 96 0
387235341 0 4657296 248 0
387239617 0 4657544 8 0
387327554 0 4656584 248 0
387334625 0 4656832 8 0
387436959 0 4656080 248 0
387443888 0 4656328 8 0
387708469 0 4656840 200 0
389552172 0 4656376 208 0
389678312 0 4655512 248 0
389685184 0 4655760 8 0
389764303 0 4655808 248 0
389769762 0 4656056 8 0
389913534 0 4657552 88 0
390206566 0 4655768 40 0
390297807 0 4656336 40 0
390360278 0 4655456 56 0
390752124 0 4266808 8 0
390807828 0 4266816 8 0
390841198 0 4198920 8 0
390846061 0 4198928 8 0
390847409 0 4198936 8 0
390848624 0 4198944 8 0
390850458 0 4198952 8 0
390852181 0 4198968 8 0
390853953 0 4198976 8 0
390855018 0 4198984 8 0
390856372 0 4198992 8 0
390857475 0 4199000 8 0
390858631 0 4199008 8 0
390859884 0 4199016 8 0
390861918 0 4199024 8 0
390863264 0 4199032 8 0
390864389 0 4199040 8 0
390865811 0 4199048 8 0
390867405 0 4199056 8 0
390870521 0 4199064 8 0
390871985 0 4199072 8 0
390873308 0 4199080 8 0
390874398 0 4199088 8 0
390876036 0 4199096 8 0
390877445 0 4199104 8 0
390878435 0 4199112 8 0
390879515 0 4199120 8 0
390880947 0 4199128 8 0
390883053 0 4199136 8 0
390884205 0 4199144 8 0
390885428 0 4199152 8 0
390886614 0 4199160 8 0
390887880 0 4199168 8 0
390888348 0 4198960 8 0
390916988 0 4266864 8 0
431047600 0 4738288 16 0
437769321 0 4459264 32 0
437976259 0 4459336 144 0
438139727 0 4459296 40 0
445020937 0 4739792 16 0
438819091 0 4483584 32 0
442033579 0 4483616 32 0
449181634 0 4463600 32 0
456561628 0 4739784 8 0
459824604 0 2824 8 0
459838501 0 2832 8 0
459840634 0 2840 8 0
459844045 0 2848 8 0
459845805 0 2856 8 0
459847265 0 2864 8 0
459848821 0 2872 8 0
459850258 0 2880 8 0
459851692 0 2888 8 0
459853167 0 2896 8 0
459854679 0 2904 8 0
459856703 0 2912 8 0
459859088 0 2920 8 0
459861004 0 2928 8 0
459862657 0 2936 8 0
459864159 0 2944 8 0
459866004 0 2952 8 0
459870074 0 2960 8 0
459872078 0 2968 8 0
459873754 0 2976 8 0
459875864 0 2984 8 0
459877880 0 2992 8 0
459879277 0 3000 8 0
459880769 0 3008 8 0
459882580 0 3016 8 0
459884198 0 3024 8 0
459885996 0 3032 8 0
459887489 0 3040 8 0
459889096 0 3048 8 0
459891493 0 3064 8 0
459892930 0 3056 8 0
460749260 0 69944 8 0
452757437 0 4463632 56 0
498621287 0 4465600 32 0
492626781 0 68584 8 0
530810992 0 4265520 8 0
539056148 0 4265528 8 0
544987977 0 4670360 32 0
510319119 0 4465632 32 0
514878461 0 4462480 32 0
519521990 0 4462512 80 0
529788673 0 4475648 32 0
529847158 0 4475760 136 0
529903338 0 4475680 80 0
542316534 0 4660248 8 0
543510802 0 4463944 32 0
543657982 0 4463976 104 0
544381839 0 4468816 120 0
544861320 0 4265536 8 0
544918993 0 4265544 8 0
557495717 0 4670392 56 0
560897459 0 4472104 32 0
560986956 0 4473008 136 0
561166722 0 4472136 248 0
561176316 0 4472384 8 0
561470723 0 4472512 248 0
561480449 0 4472760 8 0
563192326 0 4670200 32 0
566034596 0 4670232 64 0
568149901 0 4470920 24 0
568827472 0 4665432 32 0
568937748 0 4670000 144 0
574060230 0 4669392 248 0
574096502 0 4669640 8 0
581221926 0 4665464 224 0
581584015 0 4479488 32 0
581630220 0 4479536 136 0
581671021 0 4479520 16 0
581702778 0 4474592 32 0
581743995 0 4474648 208 0
581810267 0 4474624 24 0
581857687 0 4475584 32 0
581897262 0 4475616 32 0
582002526 0 4665688 208 0
582610814 0 4668616 248 0
582661937 0 4668864 8 0
590103675 0 4665936 248 0
590145162 0 4666184 8 0
590231776 0 4666240 248 0
590274988 0 4666488 8 0
590337289 0 4668056 248 0
590442995 0 4668304 8 0
590488812 0 4667432 248 0
590605175 0 4667680 8 0
590750854 0 4669032 248 0
590784082 0 4669280 8 0
590903339 0 4668872 144 0
591100033 0 4669688 248 0
591134234 0 4669936 8 0
591158545 0 4667888 168 0
591495239 0 4667160 248 0
591587237 0 4667408 8 0
591631235 0 4666504 248 0
591679195 0 4666752 8 0
591712082 0 4665896 40 0
591756723 0 4667688 192 0
592639370 0 265024 8 0
594021398 0 4666760 208 0
595359128 0 4666968 192 0
595500218 0 4666192 48 0
595629435 0 4667416 16 0
595687754 0 4669016 16 0
595905574 0 4667880 8 0
597067342 0 4668312 128 0
597198550 0 4669944 56 0
611662321 0 4266824 8 0
611706774 0 4266832 8 0
611823457 0 4666496 8 0
612062188 0 4661056 16 0
612413984 0 4468488 72 0
612522466 0 4265552 8 0
612555797 0 4198400 8 0
612562737 0 4198408 8 0
612564305 0 4198416 8 0
612565759 0 4198424 8 0
612567222 0 4198440 8 0
612568287 0 4198448 8 0
612569691 0 4198456 8 0
612571357 0 4198464 8 0
612572728 0 4198472 8 0
612575277 0 4198480 8 0
612576858 0 4198488 8 0
612584862 0 4198496 8 0
612586457 0 4198504 8 0
612587667 0 4198512 8 0
612588813 0 4198520 8 0
612589792 0 4198528 8 0
612590820 0 4198536 8 0
612592478 0 4198544 8 0
612593653 0 4198552 8 0
612594650 0 4198560 8 0
612596392 0 4198568 8 0
612598450 0 4198576 8 0
612599803 0 4198584 8 0
612602037 0 4198592 8 0
612603490 0 4198600 8 0
612606442 0 4198608 8 0
612607592 0 4198616 8 0
612608692 0 4198624 8 0
612610093 0 4198632 8 0
612611658 0 4198640 8 0
612613070 0 4198648 8 0
612614349 0 4198432 8 0
612872501 0 4266048 8 0
618816374 0 4266600 8 0
623210010 0 4266840 8 0
623329129 0 4266056 8 0
624759864 0 4696496 16 0
632571807 0 4697152 24 0
636470641 0 4696544 24 0
641497446 0 4266608 8 0
643369863 0 4720648 72 0
602761388 0 4669648 40 0
654297874 0 4720624 24 0
657707921 0 4721504 48 0
664306936 0 4695576 136 0
675103098 0 4721152 168 0
677701895 0 4720776 72 0
679217755 0 4695552 24 0
682725258 0 4722368 48 0
689878438 0 4695712 32 0
690726910 0 4697952 24 0
696324293 0 4722816 104 0
698773568 0 4698208 48 0
747108074 0 4670144 32 0
708267059 0 4718560 32 0
712019752 0 4696848 136 0
721452051 0 4697480 112 0
736543508 0 4697440 40 0
737410779 0 4697904 16 0
737779852 0 4697280 112 0
739846215 0 4668440 176 0
740147250 0 4697744 56 0
745129201 0 4698112 32 0
745845768 0 4697680 48 0
748505020 0 4670528 32 0
749014217 0 4670560 56 0
749891229 0 264568 8 0
773047664 0 4720512 64 0
786216307 0 4696480 8 0
788060689 0 4698016 96 0
790377886 0 4697920 32 0
791197955 0 4696512 32 0
793547216 0 4695744 32 0
794511583 0 4696592 88 0
796578699 0 4697888 16 0
797153054 0 4696800 24 0
797988326 0 4696984 80 0
800835913 0 4696680 24 0
801730156 0 4695776 40 0
803260762 0 4717032 24 0
834533722 0 4720200 112 0
843489222 0 4720576 48 0
844546347 0 4697216 64 0
845968523 0 4722976 56 0
847227886 0 4695936 128 0
850735488 0 4265560 8 0
850920581 0 4265592 8 0
851017423 0 4265608 8 0
851086698 0 4265624 8 0
851164386 0 4265640 8 0
851239635 0 4198160 8 0
851247781 0 4198168 8 0
851252841 0 4198176 8 0
851257000 0 4198184 8 0
851261192 0 4198192 8 0
851265434 0 4198200 8 0
851269981 0 4198208 8 0
851274049 0 4198216 8 0
851277786 0 4198224 8 0
851281913 0 4198232 8 0
851285606 0 4198240 8 0
851289451 0 4198248 8 0
851293662 0 4198256 8 0
851297845 0 4198264 8 0
851301665 0 4198272 8 0
851306556 0 4198280 8 0
851310808 0 4198288 8 0
851317016 0 4198296 8 0
851321212 0 4198304 8 0
851325659 0 4198312 8 0
851329899 0 4198320 8 0
851334004 0 4198328 8 0
851338124 0 4198336 8 0
851341788 0 4198344 8 0
851345735 0 4198352 8 0
851349544 0 4198360 8 0
851353491 0 4198368 8 0
851357415 0 4198376 8 0
851361523 0 4198384 8 0
851366481 0 4198392 8 0
851370433 0 4198152 8 0
851379571 0 4265656 8 0
851451771 0 4265688 8 0
854857444 0 4265704 8 0
854932410 0 4265720 8 0
855001525 0 4265736 8 0
855072213 0 4265768 8 0
855150490 0 4265792 8 0
855220849 0 4265816 8 0
855293601 0 4265832 8 0
855355822 0 4265928 8 0
855596204 0 4265944 8 0
855666051 0 4265960 8 0
855736902 0 4265976 8 0
855808557 0 4265992 8 0
855881665 0 4266008 8 0
855998273 0 4266096 8 0
856075292 0 4266112 8 0
856141474 0 4266144 8 0
856206145 0 4266184 8 0
856278645 0 4266240 8 0
857879753 0 4266288 8 0
857950672 0 4266304 8 0
858038340 0 4266384 8 0
858116791 0 4266400 8 0
858189589 0 4266448 8 0
858254907 0 4266480 8 0
858334573 0 4266568 8 0
858405036 0 4266584 8 0
858518279 0 4266624 8 0
858582985 0 4266640 8 0
858649793 0 4266680 8 0
858717934 0 4266736 8 0
865524894 0 4265600 8 0
866640362 0 4698256 24 0
867405271 0 4722768 16 0
868034937 0 4698384 8 0
868622500 0 4698280 56 0
870155039 0 4697984 16 0
870926651 0 4722176 32 0
871987682 0 4718512 24 0
878048655 0 4717248 64 0
886215718 0 4718208 128 0
895458006 0 4721408 24 0
896129716 0 4696704 64 0
897863878 0 4733136 16 0
901265222 0 4732960 24 0
905356135 0 4722944 32 0
906322962 0 4698000 16 0
909827397 0 4721568 32 0
910780128 0 4718080 128 0
919310456 0 4720848 40 0
920181874 0 264560 8 0
922287774 0 4720888 48 0
923471720 0 4720000 128 0
932667939 0 4719176 248 0
932719291 0 4719424 248 0
932720836 0 4719672 16 0
944467537 0 4719688 80 0
949679908 0 4732440 96 0
987154193 0 4661072 16 0
1076330432 0 4707664 16 0
1076236668 0 4266456 8 0
1077289266 0 4707696 8 0
1078083066 0 4707248 8 0
1078845360 0 4707344 16 0
1079738402 0 4717216 32 0
1084345091 0 4707456 144 0
1088049905 0 4707680 16 0
1090583305 0 4266752 8 0
1092070280 0 4729824 8 0
1101240309 0 4730448 88 0
1110150370 0 4730432 16 0
1115791536 0 4719960 40 0
1117935462 0 4266744 8 0
1118083738 0 4266688 8 0
1118205966 0 4266656 8 0
1118336256 0 4266632 8 0
1118461138 0 4266592 8 0
1118602102 0 4266576 8 0
1118755035 0 4266496 8 0
1118947858 0 4266408 8 0
1119071582 0 4266392 8 0
1119190419 0 4266312 8 0
1119341999 0 4266296 8 0
1119464861 0 4266248 8 0
1119602659 0 4266192 8 0
1119733333 0 4266152 8 0
1119949322 0 4266120 8 0
1120065330 0 4266104 8 0
1120214534 0 4266016 8 0
1120393406 0 4266000 8 0
1120524716 0 4265984 8 0
1120688035 0 4265968 8 0
1120816157 0 4265952 8 0
1121008159 0 4265840 8 0
1121133276 0 4265824 8 0
1121245956 0 4265800 8 0
1121378188 0 4265784 8 0
1121551506 0 4265744 8 0
1121673379 0 4265728 8 0
1121843845 0 4265712 8 0
1121974642 0 4265696 8 0
1122131198 0 4265664 8 0
1122163878 0 4265672 8 0
1122217576 0 4265680 8 0
1122465972 0 4265648 8 0
1122649424 0 4265632 8 0
1122815381 0 4265616 8 0
1123090209 0 4265568 8 0
1123286795 0 4732904 56 0
1124786760 0 4732544 64 0
1127431588 0 4698488 200 0
1133033877 0 4699368 104 0
1137860513 0 4698472 8 0
1139685665 0 4699712 64 0
1141567648 0 4720456 40 0
1142958362 0 4731808 24 0
1147718876 0 4729952 104 0
1166951859 0 4730080 72 0
1197928969 0 4733960 24 0
1202423200 0 4731760 16 0
1170111408 0 4699904 248 0
1170120038 0 4700152 8 0
1179081815 0 4698704 96 0
1183436791 0 4720936 56 0
1191769585 0 4733752 24 0
1196850395 0 4732608 32 0
1231995374 0 4735872 8 0
1232275044 0 4736416 8 0
1233625777 0 4736232 8 0
1234000743 0 4736464 8 0
1234554662 0 4736424 32 0
1234628278 0 4736456 8 0
1243299319 0 4736632 8 0
1244934642 0 4736832 8 0
1223644567 0 4735304 8 0
1223782473 0 4735296 8 0
1208838077 0 4732984 40 0
1210343633 0 4266856 8 0
1212395495 0 4723072 128 0
1216416470 0 4734864 8 0
1220683162 0 4734856 8 0
1223145705 0 4734392 8 0
1226860181 0 4735048 8 0
1227312310 0 4735504 8 0
1227403538 0 4735496 8 0
1228521194 0 4736024 8 0
1228599581 0 4736016 8 0
1235003268 0 4736488 8 0
1236217854 0 4736472 16 0
1236580899 0 4736512 8 0
1236669413 0 4736504 8 0
1237784453 0 4736808 8 0
1239501929 0 4736800 8 0
1247490054 0 4736824 8 0
1249429041 0 4738128 8 0
1250848424 0 4738096 8 0
1253670660 0 4738104 24 0
1284171772 0 4738368 8 0
1284669959 0 4738576 8 0
1286120765 0 4738432 32 0
1286548927 0 4738616 8 0
1288297095 0 4738592 8 0
1294396478 0 4739088 8 0
1275006191 0 4738176 8 0
1279746640 0 4738240 8 0
1298570559 0 4739272 8 0
1298653330 0 4739264 8 0
1272112933 0 4737440 8 0
1276339058 0 4738136 32 0
1276821414 0 4738264 8 0
1278392327 0 4738256 8 0
1280142080 0 4738424 8 0
1288684821 0 4738800 8 0
1288798788 0 4738792 8 0
1290824593 0 4738672 8 0
1291216066 0 4738936 8 0
1292299569 0 4739032 8 0
1292383673 0 4739024 8 0
1296211853 0 4739040 32 0
1296674606 0 4739128 8 0
1301263854 0 4739456 8 0
1301376041 0 4739448 8 0
1309349503 0 4739488 8 0
1316592549 0 4684952 8 0
1325018254 0 4726416 8 0
1329176052 0 4717952 32 0
1339584956 0 4722304 40 0
1342750366 0 4703632 8 0
1345848302 0 4700208 16 0
1348675997 0 4699352 8 0
1352638382 0 4700168 40 0
1305629968 0 4739776 8 0
1305725346 0 4739768 8 0
1321772678 0 4694288 8 0
1327108302 0 4717768 40 0
1333790275 0 4729872 16 0
1350353332 0 4699152 24 0
1358764211 0 4700160 8 0
1364995019 0 4700248 176 0
1385286241 0 4699896 8 0
1396890531 0 4703648 16 0
1397744233 0 4266760 8 0
1397788457 0 4728976 8 0
1402824994 0 4733648 16 0
1355139038 0 4699544 96 0
1360356994 0 4699776 80 0
1373530332 0 4699176 112 0
1378152367 0 4698912 152 0
1383252153 0 4698904 8 0
1387265070 0 4699064 88 0
1390679052 0 4699360 8 0
1392768795 0 4698800 104 0
1399966916 0 4722784 32 0
1404275888 0 4721032 72 0
1400800459 0 4732104 8 0
1415671106 0 4695288 8 0
1425662654 0 4696232 40 0
1432344831 0 4696384 48 0
1436394151 0 4696488 8 0
1440733477 0 4696832 16 0
1444493152 0 4697392 16 0
1451846850 0 4697200 16 0
1406709475 0 4717008 24 0
1429157766 0 4696272 112 0
1439836732 0 4696768 32 0
1446236242 0 4697408 32 0
1422309488 0 4695816 120 0
1426777476 0 4695400 8 0
1435295058 0 4696432 16 0
1437208896 0 4696568 24 0
1442579485 0 4697088 64 0
1445161788 0 4697184 16 0
1418127451 0 4696064 168 0
1433872736 0 4696448 32 0
1441545283 0 4697072 16 0
1452609130 0 4697592 88 0
1456273904 0 4697800 72 0
1463639514 0 4697976 8 0
1472033227 0 4698688 16 0
1475977344 0 4699288 8 0
1483170182 0 4699640 72 0
1487983364 0 4699872 24 0
1494407134 0 4703456 32 0
1501679820 0 4703664 24 0
1459090604 0 4697176 8 0
1470003850 0 4698392 24 0
1455222726 0 4697728 16 0
1458164168 0 4697872 16 0
1462246843 0 4698176 32 0
1467702157 0 4698336 48 0
1477784443 0 4699312 40 0
1480100255 0 4699472 72 0
1486035812 0 4699856 16 0
1489852406 0 4700224 24 0
1491821892 0 4703488 64 0
1497031758 0 4703552 64 0
1499995154 0 4703616 16 0
1503633317 0 4703696 16 0
1460547656 0 4698144 32 0
1474071339 0 4699296 16 0
1506084231 0 4729864 8 0
1509190404 0 4729904 24 0
1514040457 0 4730152 80 0
1516069619 0 4730232 8 0
1516641425 0 4730240 32 0
1517694697 0 4730272 8 0
1522198816 0 4730352 16 0
1523659248 0 4730408 24 0
1532144105 0 4730672 8 0
1532734757 0 4730680 8 0
1533295252 0 4730696 8 0
1533856760 0 4730720 32 0
1537300951 0 4730712 8 0
1538350429 0 4730936 24 0
1542408171 0 4731056 56 0
1543889072 0 4731112 160 0
1547870496 0 4731272 24 0
1548509273 0 4731296 16 0
1552406086 0 4731368 8 0
1505300083 0 4703712 24 0
1508504629 0 4729888 16 0
1511439428 0 4729928 8 0
1512014998 0 4729936 16 0
1512737725 0 4730056 8 0
1513378028 0 4730064 16 0
1518247619 0 4730280 8 0
1520358355 0 4730336 16 0
1521129915 0 4730368 32 0
1522976262 0 4730400 8 0
1524652255 0 4730536 24 0
1525657596 0 4730560 24 0
1526654183 0 4730584 88 0
1529018360 0 4730752 128 0
1534902889 0 4730704 8 0
1536122863 0 4730896 16 0
1536710239 0 4730912 16 0
1537825871 0 4730928 8 0
1539297834 0 4730960 8 0
1539890545 0 4730976 32 0
1540827356 0 4731008 32 0
1541666858 0 4731040 16 0
1549279951 0 4730968 8 0
1550756897 0 4731336 8 0
1551539604 0 4731344 24 0
1553152619 0 4731376 8 0
1518867220 0 4730288 48 0
1535483178 0 4730880 16 0
1549890191 0 4731312 24 0
1553783734 0 4731392 64 0
1558783443 0 4731536 24 0
1559618304 0 4731384 8 0
1560230514 0 4731560 24 0
1560905716 0 4731584 16 0
1565211302 0 4731696 16 0
1566626664 0 4731728 24 0
1573089379 0 4731992 112 0
1575123598 0 4732112 16 0
1575921586 0 4732128 32 0
1577106386 0 4732160 24 0
1582212200 0 4732296 8 0
1583852845 0 4732320 16 0
1591949829 0 4732800 16 0
1592725809 0 4732816 16 0
1593524924 0 4732536 8 0
1594174928 0 4732832 24 0
1599916547 0 4733072 16 0
1601809284 0 4733064 8 0
1555630462 0 4731456 16 0
1556307067 0 4731488 32 0
1557255757 0 4731472 16 0
1558047303 0 4731520 16 0
1561673733 0 4731600 16 0
1563889226 0 4731680 16 0
1564599537 0 4731672 8 0
1566003781 0 4731712 16 0
1567361142 0 4731752 8 0
1568046023 0 4731776 32 0
1569613262 0 4731832 8 0
1570304157 0 4731840 152 0
1578095601 0 4732192 16 0
1580451809 0 4732256 40 0
1581591939 0 4732184 8 0
1583073579 0 4732304 16 0
1584593478 0 4732336 80 0
1586688812 0 4732416 24 0
1587745819 0 4732640 16 0
1588615713 0 4732656 136 0
1595211129 0 4732856 48 0
1597511957 0 4733024 32 0
1598997834 0 4733056 8 0
1600573434 0 4733088 40 0
1603014585 0 4733152 16 0
1603766567 0 4733168 72 0
1562348302 0 4731616 56 0
1579002579 0 4732208 48 0
1596712076 0 4732792 8 0
1606336186 0 4733264 40 0
1607681513 0 4733312 16 0
1608346283 0 4733328 96 0
1610527763 0 4733424 120 0
1616151034 0 4733240 8 0
1617690535 0 4733632 16 0
1621679337 0 4733776 40 0
1622852290 0 4733816 144 0
1626139552 0 4733984 24 0
1626977717 0 4734016 32 0
1633317570 0 4733624 8 0
1634617174 0 4734008 8 0
1638690207 0 4734288 16 0
1650191185 0 4707440 16 0
1605635300 0 4733248 16 0
1613105125 0 4733552 16 0
1614741135 0 4733128 8 0
1615362534 0 4733584 16 0
1616738609 0 4733600 24 0
1618346033 0 4733664 32 0
1619192245 0 4733696 32 0
1620330578 0 4733728 24 0
1621107579 0 4733304 8 0
1628118209 0 4734048 32 0
1629807519 0 4734080 96 0
1632485287 0 4734176 16 0
1633922543 0 4734192 16 0
1635253834 0 4734208 24 0
1636231462 0 4734240 32 0
1637283648 0 4734272 16 0
1638065227 0 4734232 8 0
1641405375 0 4707328 16 0
1642551515 0 4707256 8 0
1647947069 0 4707360 72 0
1651357843 0 4707600 48 0
1653139184 0 4707656 8 0
1654218329 0 4707712 16 0
1613948672 0 4733568 16 0
1629113392 0 4733544 8 0
1639741766 0 4707296 32 0
1655267444 0 4707728 24 0
1657524862 0 4707760 16 0
1670331690 0 4707944 80 0
1676565663 0 4717120 88 0
1686567696 0 4717568 32 0
1692195158 0 4717824 128 0
1701233234 0 4717720 48 0
1656599064 0 4707704 8 0
1658727839 0 4707776 168 0
1672840139 0 4708024 40 0
1674535383 0 4717056 64 0
1680795488 0 4717312 240 0
1688085085 0 4717208 8 0
1689001948 0 4717600 120 0
1695470868 0 4718592 232 0
1702910821 0 4717984 48 0
1704769910 0 4716688 16 0
1728505687 0 4717552 16 0
1731256082 0 4718336 96 0
1744744762 0 4718464 24 0
1749832691 0 4719880 80 0
1729745141 0 4718048 32 0
1734247238 0 4718432 32 0
1735357203 0 4718824 248 0
1735375079 0 4719072 104 0
1746255537 0 4719768 112 0
1752288988 0 4718488 24 0
1753653734 0 4720128 72 0
1756359560 0 4720312 144 0
1762280806 0 4720992 40 0
1766634615 0 4718032 16 0
1768500704 0 4721320 88 0
1773742660 0 4720496 16 0
1776395203 0 4721600 248 0
1776471806 0 4721848 56 0
1791909011 0 4722240 64 0
1797636871 0 4722352 16 0
1760222000 0 4720720 56 0
1763914400 0 4721104 48 0
1765531240 0 4717808 16 0
1767585788 0 4718536 8 0
1771196833 0 4718544 16 0
1772165183 0 4721432 48 0
1774743520 0 4721480 24 0
1783468290 0 4721904 248 0
1783478259 0 4722152 24 0
1790858876 0 4721552 8 0
1794016513 0 4722432 128 0
1798741015 0 4722208 24 0
1800046741 0 4722560 200 0
1804742533 0 4723040 32 0
1807665926 0 4726464 32 0
1811678029 0 4726528 16 0
1815276152 0 4726624 16 0
1819832107 0 4726752 24 0
1835546537 0 4727336 248 0
1835598407 0 4727584 24 0
1848096565 0 4727880 248 0
1848149242 0 4728128 24 0
1821146329 0 4726776 24 0
1806339496 0 4726432 24 0
1809058895 0 4726456 8 0
1810119112 0 4726496 32 0
1812786114 0 4726544 80 0
1816461218 0 4726640 112 0
1822649454 0 4726800 248 0
1822658535 0 4727048 24 0
1829468904 0 4727072 248 0
1829483846 0 4727320 16 0
1841698617 0 4727608 248 0
1841709952 0 4727856 24 0
1854646547 0 4728160 16 0
1856135245 0 4728176 248 0
1856184324 0 4728424 168 0
1869152585 0 4728608 8 0
1871738244 0 4728672 32 0
1875330849 0 4728760 8 0
1881110113 0 4728824 144 0
1885589704 0 4728992 32 0
1888265165 0 4729088 248 0
1888314639 0 4729336 200 0
1903626729 0 4472768 144 0
1876477699 0 4728656 8 0
1866631290 0 4728152 8 0
1867868190 0 4728592 16 0
1870042733 0 4728616 40 0
1873292026 0 4728704 56 0
1877716961 0 4728768 56 0
1879885404 0 4728664 8 0
1883317705 0 4729024 64 0
1887121054 0 4728968 8 0
1899074830 0 4729600 128 0
2021912067 0 4459600 32 0
2022042769 0 4459640 136 0
2022217599 0 4459632 8 0
2156568348 0 3932160 8 1
2156599533 0 3932168 8 1
2156665319 0 3932176 8 1
2156665730 0 3932184 8 1
2156666098 0 3932192 8 1
2156666489 0 3932200 8 1
2156667015 0 3932208 8 1
2156667485 0 3932216 8 1
2156667924 0 3932224 8 1
2156668424 0 3932232 8 1
2156668840 0 3932240 8 1
2156669192 0 3932248 8 1
2156669618 0 3932256 8 1
2156669971 0 3932264 8 1
2156670382 0 3932272 8 1
2156670657 0 3932280 8 1
2156671247 0 3932288 8 1
2156671747 0 3932296 8 1
2156672178 0 3932304 8 1
2156672874 0 3932312 8 1
2156673298 0 3932320 8 1
2156673671 0 3932328 8 1
2156674013 0 3932336 8 1
2156674255 0 3932344 8 1
2156674493 0 3932352 8 1
2156674917 0 3932360 8 1
2156675357 0 3932368 8 1
2156675595 0 3932376 8 1
2156676013 0 3932384 8 1
2156676350 0 3932392 8 1
2156676925 0 3932400 8 1
2156677343 0 3932408 8 1
2156677756 0 3932416 8 1
2156678177 0 3932424 8 1
2156678608 0 3932432 8 1
2156678953 0 3932440 8 1
2156679285 0 3932448 8 1
2156679642 0 3932456 8 1
2156679966 0 3932464 8 1
2156680205 0 3932472 8 1
2156680527 0 3932480 8 1
2156680857 0 3932488 8 1
2156681188 0 3932496 8 1
2156681426 0 3932504 8 1
2156681749 0 3932512 8 1
2156682070 0 3932520 8 1
2156682399 0 3932528 8 1
2156682638 0 3932536 8 1
2156682960 0 3932544 8 1
2156683293 0 3932552 8 1
2156684041 0 3932560 8 1
2156684440 0 3932568 8 1
2156684775 0 3932576 8 1
2156685111 0 3932584 8 1
2156685348 0 3932592 8 1
2156685698 0 3932600 8 1
2156686210 0 3932608 8 1
2156686625 0 3932616 8 1
2156686965 0 3932624 8 1
2156687300 0 3932632 8 1
2156687537 0 3932640 8 1
2156687778 0 3932648 8 1
2156688017 0 3932656 8 1
2156688258 0 3932664 8 1
2156688498 0 3932672 8 1
2156688839 0 3932680 8 1
2156689078 0 3932688 8 1
2156689328 0 3932696 8 1
2156689866 0 3932704 8 1
2156690287 0 3932712 8 1
2156690647 0 3932720 8 1
2156690984 0 3932728 8 1
2156691225 0 3932736 8 1
2156691582 0 3932744 8 1
2156692176 0 3932752 8 1
2156692448 0 3932760 8 1
2156692782 0 3932768 8 1
2156693124 0 3932776 8 1
2156693369 0 3932784 8 1
2156693706 0 3932792 8 1
2156694030 0 3932800 8 1
2156694346 0 3932808 8 1
2156694679 0 3932816 8 1
2156694919 0 3932824 8 1
2156695158 0 3932832 8 1
2156695396 0 3932840 8 1
2156695752 0 3932848 8 1
2156696328 0 3932856 8 1
2156696742 0 3932864 8 1
2156697078 0 3932872 8 1
2156697418 0 3932880 8 1
2156698498 0 3932888 8 1
2156698982 0 3932896 8 1
2156699399 0 3932904 8 1
2156894881 0 3932912 8 1
2162374717 0 0 8 1
2162382955 0 8 8 1
2162388694 0 2056 8 1
2162393638 0 2184 8 1
2162398726 0 2312 8 1
2162403279 0 2352 8 1
2162407487 0 2360 8 1
2162411598 0 2384 8 1
2162415559 0 2392 8 1
2162419537 0 2400 8 1
2162423731 0 2712 8 1
2162428275 0 3128 8 1
2162433133 0 67848 8 1
2162437815 0 4194560 8 1
2162444865 0 4194568 8 1
2162449168 0 4194576 8 1
2162453367 0 4194584 8 1
2162458236 0 4194632 8 1
2162462785 0 4194640 8 1
2162466705 0 4194648 8 1
2162470681 0 4194656 8 1
2162474644 0 4194664 8 1
2162478550 0 4194672 8 1
2162482928 0 4194696 8 1
2162486915 0 4194720 8 1
2162491460 0 4198040 8 1
2162496086 0 4198056 8 1
2162500353 0 4198064 8 1
2162505744 0 4198072 8 1
2162510110 0 4198088 8 1
2162514765 0 4198112 8 1
2162518871 0 4198128 8 1
2162523968 0 4198136 8 1
2162528877 0 4198152 8 1
2162533285 0 4198208 8 1
2162537709 0 4198232 8 1
2162541796 0 4198240 8 1
2162545737 0 4198256 8 1
2162549800 0 4198264 8 1
2162553771 0 4198288 8 1
2162557818 0 4198304 8 1
2162561819 0 4198336 8 1
2162566761 0 4198344 8 1
2162570816 0 4198352 8 1
2162575050 0 4198376 8 1
2162579045 0 4198392 8 1
2162583550 0 4198416 8 1
2162588204 0 4198432 8 1
2162592300 0 4198440 8 1
2162596292 0 4198448 8 1
2162600721 0 4198456 8 1
2162604713 0 4198464 8 1
2162608627 0 4198472 8 1
2162612587 0 4198480 8 1
2162616497 0 4198488 8 1
2162620411 0 4198496 8 1
2162624925 0 4198552 8 1
2162629088 0 4198560 8 1
2162633062 0 4198568 8 1
2162637164 0 4198576 8 1
2162641607 0 4198592 8 1
2162646367 0 4198600 8 1
2162651094 0 4198624 8 1
2162655830 0 4198632 8 1
2162660046 0 4198720 8 1
2162664457 0 4198736 8 1
2162668606 0 4198760 8 1
2162672411 0 4198768 8 1
2162676218 0 4198776 8 1
2162680142 0 4198784 8 1
2162684555 0 4198792 8 1
2162688510 0 4198800 8 1
2162692607 0 4198808 8 1
2162696439 0 4198824 8 1
2162700326 0 4198832 8 1
2162704259 0 4198840 8 1
2162708239 0 4198848 8 1
2162712097 0 4198856 8 1
2162716045 0 4198864 8 1
2162719959 0 4198872 8 1
2162723907 0 4198880 8 1
2162727952 0 4198888 8 1
2162731937 0 4198896 8 1
2162735864 0 4198904 8 1
2162740276 0 4198912 8 1
2162744614 0 4198920 8 1
2162749024 0 4198928 8 1
2162753178 0 4198936 8 1
2162757240 0 4198944 8 1
2162761336 0 4198952 8 1
2162765759 0 4198960 8 1
2171958505 0 3932160 8 1
2172589251 0 3932160 8 1
2173424656 0 0 8 1
1266874889709462528 0 448 8 0
1266874889709483520 0 456 8 0
1266874889709515008 0 464 8 0
1266874889709543680 0 472 8 0
