0 0 67912 8 0
256759 0 8704 8 0
355426 0 8712 8 0
357347 0 8720 8 0
361094 0 8728 8 0
362145 0 8736 8 0
364038 0 8744 8 0
365152 0 8752 8 0
366094 0 8760 8 0
367421 0 8776 8 0
367951 0 8768 8 0
38031611 0 4194432 8 0
39615920 0 4194568 8 0
39710736 0 4194576 8 0
39712311 0 4194584 8 0
39713723 0 4194592 8 0
39715047 0 4194600 8 0
39716161 0 4194608 8 0
39717236 0 4194616 8 0
39718296 0 4194624 8 0
39719290 0 4194632 8 0
39720460 0 4194640 8 0
39723469 0 4194648 8 0
39725164 0 4194656 8 0
39726704 0 4194664 8 0
39727826 0 4194672 8 0
39728992 0 4194680 8 0
39730096 0 4194688 8 0
39730988 0 4194696 8 0
39731907 0 4194704 8 0
39732873 0 4194712 8 0
39733812 0 4194720 8 0
39734949 0 4194728 8 0
39735983 0 4194736 8 0
39737070 0 4194744 8 0
39738294 0 4194752 8 0
39739868 0 4194760 8 0
39740931 0 4194768 8 0
39742104 0 4194776 8 0
39743274 0 4194784 8 0
39744241 0 4194792 8 0
39745287 0 4194800 8 0
39746535 0 4194808 8 0
39747626 0 4194816 8 0
39748009 0 4194560 8 0
69514413 0 4194304 8 0
72187226 0 264632 8 0
82527576 0 264616 8 0
86028258 0 68520 8 0
87232574 0 2816 8 0
87240247 0 2824 8 0
87245264 0 2832 8 0
87249520 0 2840 8 0
87253967 0 2848 8 0
87258232 0 2856 8 0
87262508 0 2864 8 0
87266447 0 2872 8 0
87271274 0 2888 8 0
87275315 0 2896 8 0
87279324 0 2904 8 0
87283260 0 2912 8 0
87287265 0 2920 8 0
87291953 0 2928 8 0
87296113 0 2936 8 0
87300278 0 2944 8 0
87304366 0 2952 8 0
87308627 0 2960 8 0
87312375 0 2968 8 0
87316575 0 2976 8 0
87320517 0 2984 8 0
87324693 0 2992 8 0
87331191 0 3000 8 0
87335316 0 3008 8 0
87339626 0 3016 8 0
87343606 0 3024 8 0
87347741 0 3032 8 0
87352347 0 3040 8 0
87357877 0 3048 8 0
87362345 0 3056 8 0
87366623 0 3064 8 0
87371298 0 3072 8 0
87375146 0 2880 8 0
87385436 0 69136 8 0
88616682 0 69184 8 0
106192976 0 69144 8 0
107905166 0 69216 8 0
109115053 0 68528 8 0
110479339 0 75776 8 0
111900228 0 8448 8 0
111937185 0 8456 8 0
111938664 0 8464 8 0
111939754 0 8472 8 0
111942340 0 8480 8 0
111943690 0 8488 8 0
111948255 0 8496 8 0
111949411 0 8504 8 0
111950470 0 8512 8 0
111952062 0 8520 8 0
111954215 0 8536 8 0
111955452 0 8544 8 0
111956557 0 8552 8 0
111957638 0 8560 8 0
111958753 0 8568 8 0
111960035 0 8576 8 0
111961199 0 8584 8 0
111962427 0 8592 8 0
111964439 0 8600 8 0
111965516 0 8608 8 0
111966450 0 8616 8 0
111967369 0 8624 8 0
111968400 0 8632 8 0
111969302 0 8640 8 0
111970139 0 8648 8 0
111970958 0 8656 8 0
111971998 0 8664 8 0
111973101 0 8672 8 0
111973957 0 8680 8 0
111974791 0 8688 8 0
111975730 0 8696 8 0
111976947 0 8528 8 0
118018198 0 265688 8 0
120803197 0 4260104 8 0
122295760 0 4459304 32 0
128137629 0 68424 8 0
129661965 0 4260120 8 0
131184292 0 4194832 8 0
131191738 0 4194840 8 0
131196425 0 4194848 8 0
131201144 0 4194856 8 0
131205720 0 4194864 8 0
131209963 0 4194872 8 0
131214084 0 4194880 8 0
131220121 0 4194888 8 0
131224396 0 4194896 8 0
131228947 0 4194904 8 0
131233219 0 4194912 8 0
131237337 0 4194920 8 0
131241396 0 4194928 8 0
131246368 0 4194936 8 0
131254981 0 4194944 8 0
131262390 0 4194952 8 0
131268797 0 4194960 8 0
131275559 0 4194968 8 0
131282889 0 4194976 8 0
131289379 0 4194984 8 0
131296102 0 4194992 8 0
131304673 0 4195000 8 0
131311757 0 4195008 8 0
131318786 0 4195016 8 0
131326172 0 4195024 8 0
131333123 0 4195032 8 0
131339965 0 4195040 8 0
131346869 0 4195048 8 0
131353722 0 4195056 8 0
131360774 0 4195064 8 0
131367209 0 4195072 8 0
131372232 0 4194824 8 0
131386788 0 4260496 8 0
132696307 0 4513344 32 0
136712353 0 4459416 136 0
141263295 0 4513480 144 0
147089882 0 4513376 104 0
147373936 0 702624 32 0
159327877 0 4514816 32 0
159373076 0 4518048 152 0
167076157 0 4514864 248 0
167108481 0 4515112 8 0
167126147 0 4459336 80 0
167346107 0 4515120 248 0
167382387 0 4515368 8 0
167398178 0 4514848 16 0
167441764 0 4515752 248 0
167477728 0 4516000 8 0
182301678 0 4516032 248 0
182338114 0 4516280 8 0
182362801 0 4517504 248 0
182401972 0 4517752 8 0
192907496 0 4516952 248 0
192939885 0 4517200 8 0
193047894 0 4516520 248 0
193080918 0 4516768 8 0
193202576 0 4516288 128 0
193292170 0 4515376 128 0
193341944 0 4517344 160 0
196008366 0 4517208 136 0
196191516 0 702656 32 0
196496053 0 2576 8 0
196506290 0 2584 8 0
196511032 0 2592 8 0
196515039 0 2600 8 0
196519346 0 2608 8 0
196523776 0 2616 8 0
196528800 0 2624 8 0
196534612 0 2632 8 0
196539418 0 2648 8 0
196543551 0 2656 8 0
196547610 0 2664 8 0
196551869 0 2672 8 0
196555891 0 2680 8 0
196559714 0 2688 8 0
196564254 0 2696 8 0
196568493 0 2704 8 0
196572260 0 2712 8 0
196575999 0 2720 8 0
196580021 0 2728 8 0
196584213 0 2736 8 0
196588696 0 2744 8 0
196592543 0 2752 8 0
196596541 0 2760 8 0
196600261 0 2768 8 0
196603829 0 2776 8 0
196607559 0 2784 8 0
196611515 0 2792 8 0
196615290 0 2800 8 0
196618990 0 2808 8 0
196622730 0 2640 8 0
196631930 0 68552 8 0
198102699 0 819200 32 0
202859157 0 826384 248 0
202890206 0 826632 8 0
210832091 0 819232 232 0
217600505 0 4589472 32 0
224361901 0 4591392 136 0
230154226 0 4589504 224 0
238471025 0 4593632 32 0
242907663 0 4593696 208 0
251855385 0 4593664 32 0
252132642 0 4594688 32 0
253940769 0 4594720 32 0
253992003 0 4514272 32 0
254101944 0 819464 248 0
254142559 0 819712 8 0
254284083 0 4589728 248 0
254318592 0 4589976 8 0
254362121 0 825264 248 0
254394371 0 825512 8 0
276703273 0 825520 248 0
276737153 0 825768 8 0
276765999 0 819720 248 0
277012605 0 819968 8 0
277063540 0 825776 248 0
277455865 0 826024 8 0
277496962 0 819976 248 0
277497628 0 820224 8 0
277569776 0 820232 248 0
277570166 0 820480 8 0
289756555 0 826032 248 0
289790186 0 826280 8 0
289841212 0 820488 248 0
289883825 0 820736 8 0
289953451 0 820744 248 0
289993675 0 820992 8 0
290053450 0 826288 96 0
290086103 0 821000 248 0
290330757 0 821248 8 0
290433956 0 821256 248 0
290434369 0 821504 8 0
298743606 0 821512 248 0
298749858 0 821760 8 0
299089143 0 822440 248 0
299089690 0 822688 8 0
310769657 0 821768 224 0
310819712 0 822696 176 0
310906849 0 821992 248 0
310939670 0 822240 8 0
310981361 0 822280 160 0
311016491 0 822872 176 0
311116548 0 822248 32 0
311203932 0 824264 248 0
311209256 0 824512 8 0
317675027 0 823464 248 0
317709463 0 823712 8 0
317740824 0 824616 248 0
317757705 0 824864 8 0
319747896 0 824520 96 0
319786633 0 825016 248 0
319914777 0 824872 144 0
320288465 0 78704 8 0
322267367 0 78744 8 0
323545270 0 78936 8 0
325190439 0 719616 32 0
328374674 0 78712 8 0
329739909 0 78720 8 0
331299119 0 707304 24 0
334387318 0 707328 96 0
337320064 0 716640 176 0
347627065 0 708704 248 0
347696228 0 708952 8 0
359494806 0 709392 184 0
364172962 0 714440 248 0
364216170 0 714688 8 0
372031880 0 714696 48 0
372148008 0 714200 240 0
381882937 0 4515600 152 0
382469148 0 707424 248 0
382608217 0 707672 8 0
382917725 0 707952 200 0
387442264 0 707680 248 0
387484852 0 707928 8 0
388862077 0 707936 16 0
389001316 0 713328 248 0
389046437 0 713576 8 0
434860117 0 713952 248 0
440440099 0 706944 128 0
494086322 0 707072 232 0
498855359 0 713584 248 0
498898755 0 713832 8 0
499083847 0 713840 112 0
502962457 0 708960 136 0
503106297 0 709096 248 0
503148732 0 709344 8 0
505274050 0 709352 40 0
505653592 0 78728 8 0
505740878 0 788488 248 0
505772552 0 788736 8 0
542845772 0 788744 128 0
543144453 0 788872 248 0
543180131 0 789120 8 0
543433593 0 789128 248 0
543628523 0 789376 8 0
544215992 0 794360 248 0
544216459 0 794608 8 0
592168956 0 708152 248 0
592212720 0 708400 8 0
592470913 0 708536 168 0
593241137 0 708408 128 0
594147632 0 709576 248 0
594188033 0 709824 8 0
594580963 0 709832 248 0
594622050 0 710080 8 0
595090902 0 710816 248 0
595129492 0 711064 8 0
595308853 0 712720 160 0
595851751 0 712296 136 0
597207705 0 710088 248 0
597249098 0 710336 8 0
597853988 0 712880 248 0
597894756 0 713128 8 0
598258811 0 713136 192 0
598481877 0 712224 72 0
599329728 0 794616 16 0
599560166 0 789712 248 0
599603980 0 789960 8 0
599626444 0 789968 160 0
599701899 0 790128 136 0
600038411 0 790504 248 0
600078001 0 790752 8 0
600334296 0 791280 248 0
600375130 0 791528 8 0
601686356 0 790264 240 0
601786071 0 789384 248 0
601824867 0 789632 8 0
605088163 0 791144 136 0
605308400 0 789640 72 0
606759436 0 791008 136 0
608405858 0 790872 136 0
609972830 0 790760 112 0
626148116 0 791536 248 0
626198765 0 791784 8 0
626985866 0 794088 248 0
627033854 0 794336 8 0
627201795 0 706744 40 0
630844115 0 712432 248 0
630886305 0 712680 8 0
632022685 0 78752 8 0
632142263 0 78944 8 0
635129797 0 719080 32 0
638321629 0 719112 48 0
641765975 0 791824 248 0
641811299 0 792072 8 0
642523252 0 802816 248 0
642578146 0 803064 8 0
651878106 0 804904 248 0
651919315 0 805152 8 0
663165113 0 805160 248 0
663202704 0 805408 8 0
663444803 0 805416 248 0
663708687 0 805664 8 0
664622084 0 805672 248 0
664622801 0 805920 8 0
668517349 0 805928 248 0
668554140 0 806176 8 0
669380665 0 803072 248 0
669418655 0 803320 8 0
669481467 0 803328 248 0
669596574 0 803576 8 0
669824561 0 803584 248 0
669859678 0 803832 8 0
670101905 0 803840 248 0
670136298 0 804088 8 0
670346695 0 804096 248 0
670383036 0 804344 8 0
670616304 0 804352 248 0
670836676 0 804600 8 0
671043429 0 804608 248 0
671044044 0 804856 8 0
678501979 0 804864 40 0
680068329 0 800376 248 0
680115867 0 800624 8 0
693570287 0 800632 248 0
693604314 0 800880 8 0
693783014 0 800888 248 0
693900719 0 801136 8 0
694578807 0 4195584 8 0
694581107 0 4195592 8 0
694583357 0 4195600 8 0
694584820 0 4195608 8 0
694586187 0 4195616 8 0
694587515 0 4195624 8 0
694588889 0 4195632 8 0
694589982 0 4195640 8 0
694591334 0 4195648 8 0
694592437 0 4195656 8 0
694593384 0 4195664 8 0
694594615 0 4195672 8 0
694595600 0 4195680 8 0
694596632 0 4195688 8 0
694598023 0 4195696 8 0
694599433 0 4195712 8 0
694601095 0 4195720 8 0
694602028 0 4195728 8 0
694602962 0 4195736 8 0
694603892 0 4195744 8 0
694604824 0 4195752 8 0
694606031 0 4195760 8 0
694607130 0 4195768 8 0
694608050 0 4195776 8 0
694609061 0 4195784 8 0
694610165 0 4195792 8 0
694611384 0 4195800 8 0
694612467 0 4195808 8 0
694613489 0 4195816 8 0
694614505 0 4195824 8 0
694616188 0 4195832 8 0
694618883 0 4195840 8 0
694619254 0 4195704 8 0
697934787 0 4261760 8 0
701145401 0 711104 248 0
701765124 0 711352 8 0
701999958 0 711360 160 0
702184674 0 711520 248 0
702223659 0 711768 8 0
702656731 0 712008 216 0
702894807 0 711776 232 0
708513592 0 794696 248 0
708559686 0 794944 8 0
708589631 0 808080 248 0
708629771 0 808328 8 0
708663511 0 808352 248 0
708704199 0 808600 8 0
708738949 0 808608 168 0
708793048 0 808776 144 0
708844333 0 808920 128 0
708891026 0 807832 248 0
708954872 0 810280 248 0
709012772 0 810528 8 0
709052249 0 807640 192 0
709105030 0 809752 248 0
709147324 0 810000 8 0
709174782 0 810008 184 0
709280048 0 807232 248 0
709321622 0 807480 8 0
709368333 0 818232 248 0
709433476 0 818480 8 0
753855518 0 818488 232 0
753918550 0 818720 176 0
753979856 0 807024 208 0
754078789 0 806352 248 0
754120206 0 806600 8 0
754182270 0 810192 88 0
754262601 0 806216 136 0
754360581 0 806184 32 0
754446442 0 815112 248 0
754481652 0 815360 8 0
766427779 0 816312 248 0
766433579 0 816560 8 0
777517388 0 812152 248 0
777598188 0 812400 8 0
792651975 0 811488 248 0
792686299 0 811736 8 0
814517658 0 815856 248 0
814564528 0 816104 8 0
814601635 0 811744 136 0
814680396 0 811880 248 0
814721172 0 812128 8 0
814770928 0 815368 248 0
814818496 0 815616 8 0
814870909 0 812816 248 0
815125061 0 813064 8 0
815167489 0 816112 136 0
815281476 0 809048 248 0
815436985 0 809296 8 0
815468400 0 813152 248 0
815504630 0 813400 8 0
815545628 0 813624 248 0
815748163 0 813872 8 0
821457182 0 810536 184 0
830008502 0 816592 248 0
830049760 0 816840 8 0
830087242 0 815624 176 0
830161840 0 816848 176 0
830197253 0 813072 80 0
830343737 0 812136 16 0
830539569 0 808336 16 0
830875328 0 796576 248 0
830919203 0 796824 8 0
844401566 0 810736 248 0
844442452 0 810984 8 0
868357854 0 817112 248 0
868399718 0 817360 8 0
868424796 0 811016 248 0
868456179 0 811264 8 0
868484659 0 817608 248 0
868523995 0 817856 8 0
868987705 0 810720 16 0
869156007 0 812648 168 0
869272985 0 812408 240 0
869516516 0 809304 168 0
869567416 0 813880 240 0
869899420 0 797008 248 0
869935739 0 797256 8 0
870178031 0 817368 208 0
870246986 0 817864 248 0
870284136 0 818112 8 0
870459675 0 811272 128 0
872072659 0 809488 248 0
872115161 0 809736 8 0
872145995 0 814408 248 0
872186999 0 814656 8 0
873108469 0 813408 216 0
873193848 0 814968 144 0
873462944 0 816248 64 0
873828041 0 807496 144 0
874022952 0 815800 56 0
874052114 0 814768 200 0
874134130 0 814120 192 0
874435031 0 806608 144 0
874556744 0 807488 8 0
874604326 0 806872 152 0
875020521 0 806752 120 0
876071195 0 809472 16 0
876133713 0 814312 96 0
876757164 0 811400 88 0
876811527 0 818120 112 0
877165749 0 794952 128 0
878578829 0 797264 136 0
878731019 0 799432 248 0
878737589 0 799680 8 0
885181964 0 810992 24 0
904895547 0 798096 248 0
905014441 0 798344 8 0
906356146 0 798352 136 0
906678847 0 818896 248 0
906731112 0 819144 8 0
908298494 0 798488 240 0
910068876 0 817024 88 0
913127780 0 799184 248 0
917066827 0 799688 184 0
917358478 0 814664 104 0
918113625 0 809744 8 0
919041205 0 799968 248 0
919081600 0 800216 8 0
923194943 0 796864 144 0
923412457 0 819152 48 0
923426873 0 794632 64 0
927348539 0 816568 24 0
932223416 0 817576 32 0
962657593 0 795080 248 0
962709703 0 795328 8 0
965391101 0 795688 248 0
965437557 0 795936 8 0
965533263 0 797616 248 0
965575868 0 797864 8 0
965740933 0 795368 248 0
965784364 0 795616 8 0
966083033 0 797872 128 0
966594606 0 797400 216 0
966858854 0 798000 96 0
975248483 0 798728 136 0
975582937 0 796168 248 0
975647542 0 796416 8 0
976041277 0 823968 248 0
976080679 0 824216 8 0
979904488 0 796832 32 0
980482036 0 795624 64 0
981176433 0 4590248 248 0
981219772 0 4590496 8 0
983660784 0 798872 248 0
983705939 0 799120 8 0
984192974 0 795944 200 0
992440752 0 796424 136 0
992841072 0 800224 152 0
993954652 0 798864 8 0
1022474979 0 265168 8 0
1042764633 0 799128 56 0
1046429126 0 68464 8 0
1070283017 0 792080 144 0
1075208409 0 792224 144 0
1075958273 0 793416 248 0
1076001164 0 793664 8 0
1076474895 0 793048 248 0
1076517776 0 793296 8 0
1077446710 0 792368 160 0
1077556507 0 793304 112 0
1078165276 0 794344 16 0
1084914343 0 710672 144 0
1135891061 0 3932160 8 1
1135921661 0 3932168 8 1
1135944875 0 3932176 8 1
1135945494 0 3932184 8 1
1135946027 0 3932192 8 1
1135946825 0 3932200 8 1
1135947765 0 3932208 8 1
1135948226 0 3932216 8 1
1135948927 0 3932224 8 1
1135949565 0 3932232 8 1
1135950291 0 3932240 8 1
1135950715 0 3932248 8 1
1135951140 0 3932256 8 1
1135951579 0 3932264 8 1
1135952188 0 3932272 8 1
1135952626 0 3932280 8 1
1135953064 0 3932288 8 1
1135953594 0 3932296 8 1
1135953934 0 3932304 8 1
1135954255 0 3932312 8 1
1135954521 0 3932320 8 1
1135954854 0 3932328 8 1
1135955726 0 3932336 8 1
1135956165 0 3932344 8 1
1135956503 0 3932352 8 1
1136019141 0 3932360 8 1
1139620210 0 0 8 1
1139629744 0 8 8 1
1139646442 0 2312 8 1
1139652129 0 2352 8 1
1139656596 0 2384 8 1
1139661147 0 2408 8 1
1139665677 0 2472 8 1
1139670313 0 8528 8 1
1139675131 0 8704 8 1
1139679555 0 8712 8 1
1139683857 0 8760 8 1
1139688303 0 8768 8 1
1139692809 0 67848 8 1
1139697339 0 4194304 8 1
1139704825 0 4194432 8 1
1139709564 0 4194560 8 1
1139713834 0 4194584 8 1
1139718134 0 4194832 8 1
1139722410 0 4194840 8 1
1139726364 0 4194848 8 1
1139730474 0 4194856 8 1
1139734862 0 4194872 8 1
1145632963 0 3932160 8 1
1146445158 0 3932160 8 1
1147297466 0 0 8 1
