0 0 67848 8 0
28565 0 6408 8 0
1266874889707039744 0 2 2 0
1266874889707076352 0 0 8 0
1266874889707111424 0 8 8 0
1266874889707167232 0 2320 8 0
1266874889707174144 0 2328 8 0
1266874889707175424 0 2336 8 0
1266874889707176704 0 2344 8 0
1266874889707177984 0 2352 8 0
1266874889707179264 0 2360 8 0
1266874889707182592 0 2368 8 0
1266874889707183872 0 2376 8 0
1266874889707184896 0 2384 8 0
1266874889707185920 0 2392 8 0
1266874889707186944 0 2400 8 0
1266874889707188992 0 2408 8 0
1266874889707190528 0 2416 8 0
1266874889707192064 0 2424 8 0
1266874889707193600 0 2432 8 0
1266874889707194880 0 2440 8 0
1266874889707195904 0 2448 8 0
1266874889707197440 0 2456 8 0
1266874889707198720 0 2464 8 0
1266874889707199744 0 2472 8 0
1266874889707200768 0 2480 8 0
1266874889707202048 0 2488 8 0
1266874889707203072 0 2496 8 0
1266874889707204352 0 2504 8 0
1266874889707205376 0 2512 8 0
1266874889707207168 0 2520 8 0
1266874889707208192 0 2528 8 0
1266874889707209216 0 2536 8 0
1266874889707209984 0 2544 8 0
1266874889707211008 0 2552 8 0
1266874889707212032 0 2560 8 0
1266874889707213056 0 2568 8 0
1266874889707213568 0 2312 8 0
1266874889707253248 0 3932160 8 0
1266874889707450112 0 0 8 1
69143331 0 67912 8 0
69263619 0 2816 8 0
69275832 0 2824 8 0
69281214 0 2832 8 0
69285414 0 2840 8 0
69289411 0 2848 8 0
69293551 0 2856 8 0
69297399 0 2864 8 0
69301401 0 2872 8 0
69305345 0 2880 8 0
69309211 0 2888 8 0
69313034 0 2896 8 0
69316879 0 2904 8 0
69320668 0 2912 8 0
69325761 0 2920 8 0
69329992 0 2928 8 0
69333940 0 2936 8 0
69337930 0 2944 8 0
69341993 0 2952 8 0
69345826 0 2960 8 0
69349859 0 2968 8 0
69353874 0 2976 8 0
69358166 0 2984 8 0
69361978 0 2992 8 0
69365989 0 3000 8 0
69649976 0 3008 8 0
69658330 0 3016 8 0
69663580 0 3024 8 0
69668055 0 3032 8 0
69672150 0 3040 8 0
69676099 0 3048 8 0
69978366 0 2192 8 0
70018425 0 2056 8 0
82978308 0 280056 8 0
86750267 0 280024 8 0
88804576 0 279840 8 0
90268303 0 4260104 8 0
91562161 0 4456448 32 0
94719795 0 4260296 8 0
96210102 0 4260120 8 0
55377717 0 4194560 8 0
55401873 0 4194568 8 0
55403674 0 4194576 8 0
55405051 0 4194584 8 0
55406275 0 4194592 8 0
55407562 0 4194600 8 0
55408990 0 4194608 8 0
55410442 0 4194616 8 0
55411543 0 4194624 8 0
55412831 0 4194632 8 0
55413914 0 4194640 8 0
55414963 0 4194648 8 0
55416289 0 4194656 8 0
55417448 0 4194664 8 0
55418442 0 4194672 8 0
55420394 0 4194680 8 0
55421350 0 4194688 8 0
55422699 0 4194704 8 0
55424143 0 4194712 8 0
55425517 0 4194720 8 0
55426933 0 4194728 8 0
55427986 0 4194736 8 0
55432236 0 4194744 8 0
55433576 0 4194752 8 0
55434587 0 4194760 8 0
55435642 0 4194768 8 0
55436583 0 4194776 8 0
55437647 0 4194784 8 0
55438616 0 4194792 8 0
55440666 0 4194800 8 0
55442048 0 4194808 8 0
55443331 0 4194816 8 0
55443745 0 4194696 8 0
133958672 0 4479040 32 0
137710895 0 4479232 144 0
98577907 0 4260280 8 0
99932271 0 4466360 32 0
104416535 0 4458216 144 0
110635641 0 4466392 64 0
110741673 0 4466480 152 0
119428686 0 4456480 224 0
130245204 0 4466456 24 0
130300664 0 264992 16 0
146087986 0 4470944 32 0
150024694 0 4467312 32 0
150071081 0 4470296 144 0
156742976 0 4467352 248 0
156784607 0 4467600 8 0
156846507 0 4467608 248 0
156887327 0 4467856 8 0
156904075 0 4467344 8 0
156958517 0 4468232 248 0
156994354 0 4468480 8 0
167409813 0 4479072 160 0
171992572 0 4456704 248 0
172041808 0 4456952 8 0
172177468 0 4469832 248 0
172249963 0 4470080 8 0
178860973 0 4469376 248 0
178905707 0 4469624 8 0
178942355 0 4468936 248 0
178978756 0 4469184 8 0
179103527 0 4457720 248 0
179151042 0 4457968 8 0
179199805 0 4468032 200 0
182801174 0 4457176 248 0
182841770 0 4457424 8 0
182869766 0 4457976 232 0
182925234 0 4469680 152 0
182967729 0 4469632 48 0
183002445 0 4457040 136 0
183355711 0 4470088 208 0
183617719 0 4468560 248 0
183656699 0 4468808 8 0
183672303 0 4456960 80 0
183714185 0 4457432 248 0
183752478 0 4457680 8 0
183856686 0 4467872 160 0
184020692 0 68320 8 0
198174878 0 2576 8 0
198182603 0 2584 8 0
198187963 0 2592 8 0
198192576 0 2600 8 0
198198362 0 2608 8 0
198202809 0 2616 8 0
198209568 0 2624 8 0
198216231 0 2632 8 0
198222665 0 2640 8 0
198230523 0 2648 8 0
198239300 0 2656 8 0
198247016 0 2664 8 0
198254453 0 2672 8 0
198262094 0 2680 8 0
198268595 0 2688 8 0
198273295 0 2696 8 0
198277947 0 2704 8 0
198284637 0 2720 8 0
198290225 0 2728 8 0
198294216 0 2736 8 0
198298791 0 2744 8 0
198302856 0 2752 8 0
198307909 0 2760 8 0
198313006 0 2768 8 0
198317005 0 2776 8 0
198321065 0 2784 8 0
198325212 0 2792 8 0
198329306 0 2800 8 0
198333199 0 2808 8 0
198336934 0 2712 8 0
198361102 0 68280 8 0
211268061 0 4469192 136 0
211333249 0 265112 8 0
214023618 0 4473984 32 0
217543110 0 4474016 32 0
219980608 0 4473776 32 0
224337507 0 4473816 136 0
228964738 0 4473808 8 0
229042968 0 4474232 32 0
229076673 0 4474264 56 0
229124656 0 4474096 32 0
229155458 0 4474128 64 0
229505890 0 4467864 8 0
229757624 0 4260336 8 0
233302468 0 4194824 8 0
233309946 0 4194832 8 0
233314478 0 4194840 8 0
233319144 0 4194848 8 0
233323980 0 4194856 8 0
233328220 0 4194864 8 0
233332890 0 4194872 8 0
233338079 0 4194880 8 0
233342645 0 4194888 8 0
233346905 0 4194896 8 0
233351277 0 4194904 8 0
233355843 0 4194912 8 0
233360838 0 4194920 8 0
233364864 0 4194928 8 0
233369245 0 4194936 8 0
233373802 0 4194944 8 0
233377892 0 4194952 8 0
233382325 0 4194960 8 0
233386417 0 4194968 8 0
233390546 0 4194976 8 0
233394582 0 4194984 8 0
233399045 0 4194992 8 0
233403363 0 4195000 8 0
233407512 0 4195008 8 0
233411436 0 4195016 8 0
233415718 0 4195032 8 0
233419725 0 4195040 8 0
233424820 0 4195048 8 0
233429151 0 4195056 8 0
233433111 0 4195064 8 0
233437341 0 4195072 8 0
233441079 0 4195024 8 0
233450413 0 4260856 8 0
249005763 0 4260904 8 0
272024063 0 4658344 32 0
278638875 0 4661192 248 0
278688044 0 4661440 8 0
287808139 0 4658544 248 0
287829133 0 4658792 8 0
258396277 0 4458752 32 0
258521637 0 4458784 96 0
250906100 0 4260864 8 0
253473065 0 4260936 8 0
254883713 0 4260344 8 0
256497103 0 68312 8 0
259503662 0 4197888 8 0
259512874 0 4197896 8 0
259514110 0 4197904 8 0
259515500 0 4197912 8 0
259516760 0 4197920 8 0
259517964 0 4197928 8 0
259519059 0 4197936 8 0
259520050 0 4197944 8 0
259521240 0 4197952 8 0
259522277 0 4197960 8 0
259523267 0 4197968 8 0
259524215 0 4197976 8 0
259525251 0 4197984 8 0
259527131 0 4197992 8 0
259528172 0 4198000 8 0
259529012 0 4198008 8 0
259529954 0 4198016 8 0
259530902 0 4198024 8 0
259531966 0 4198032 8 0
259532822 0 4198040 8 0
259533699 0 4198048 8 0
259534486 0 4198056 8 0
299451772 0 4658408 136 0
304633886 0 4658376 32 0
304831954 0 4660392 248 0
304836816 0 4660640 8 0
311679345 0 4660648 248 0
311701138 0 4660896 8 0
311719713 0 4661024 168 0
313888815 0 4659504 248 0
313923982 0 4659752 8 0
313947485 0 4659912 248 0
313988132 0 4660160 8 0
314024594 0 4660904 120 0
314177550 0 4658832 248 0
314213836 0 4659080 8 0
314237262 0 4659120 248 0
314897924 0 4659368 8 0
314916435 0 4659376 128 0
314954455 0 4659760 152 0
315069827 0 4660256 136 0
315178317 0 4660168 88 0
315290399 0 4659088 32 0
315311364 0 4658800 32 0
315597645 0 4671104 32 0
351980458 0 4672928 248 0
352033192 0 4673176 8 0
363017774 0 4671136 232 0
363115909 0 4472104 32 0
363157860 0 4473008 136 0
363246587 0 4474592 32 0
363287413 0 4474648 208 0
363340980 0 4474624 24 0
363402518 0 4671368 248 0
363442135 0 4671616 8 0
363517655 0 4472136 248 0
363559264 0 4472384 8 0
363878901 0 4472512 248 0
363922399 0 4472760 8 0
363950534 0 4672472 248 0
363989914 0 4672720 8 0
372650542 0 4672112 248 0
372682690 0 4672360 8 0
379491486 0 4672728 168 0
379539147 0 4672368 104 0
380054820 0 4671808 248 0
380094312 0 4672056 8 0
387693904 0 4671624 184 0
392238225 0 4672896 32 0
392322007 0 4468488 72 0
392372115 0 265024 8 0
393453619 0 4469328 48 0
393664208 0 4672064 48 0
450099328 0 3932160 8 1
450131546 0 3932168 8 1
450154722 0 3932176 8 1
450155273 0 3932184 8 1
450155697 0 3932192 8 1
450155936 0 3932200 8 1
450156268 0 3932208 8 1
450156649 0 3932216 8 1
450157010 0 3932224 8 1
450157311 0 3932232 8 1
450157634 0 3932240 8 1
450158048 0 3932248 8 1
450158422 0 3932256 8 1
450158742 0 3932264 8 1
450159064 0 3932272 8 1
450159465 0 3932280 8 1
450159744 0 3932288 8 1
450160047 0 3932296 8 1
450160292 0 3932304 8 1
450160606 0 3932312 8 1
450161010 0 3932320 8 1
450161353 0 3932328 8 1
450161635 0 3932336 8 1
450162036 0 3932344 8 1
450162303 0 3932352 8 1
450220810 0 3932360 8 1
453228591 0 0 8 1
453240223 0 8 8 1
453246009 0 2056 8 1
453250891 0 2192 8 1
453255443 0 2312 8 1
453260421 0 2352 8 1
453264794 0 2384 8 1
453269078 0 2392 8 1
453273225 0 2400 8 1
453277934 0 2712 8 1
453282271 0 3040 8 1
453286599 0 6408 8 1
453291540 0 67848 8 1
453296240 0 4194560 8 1
453303600 0 4194632 8 1
453308016 0 4194640 8 1
453312205 0 4194648 8 1
453316340 0 4194656 8 1
453320652 0 4194664 8 1
453324957 0 4194672 8 1
453329504 0 4194696 8 1
453333868 0 4198056 8 1
457736286 0 3932160 8 1
459279469 0 3932160 8 1
459945583 0 0 8 1
