0 0 67848 8 0
74968 0 4194560 8 0
83550 0 4194568 8 0
85217 0 4194576 8 0
86741 0 4194584 8 0
87960 0 4194592 8 0
90511 0 4194600 8 0
92343 0 4194608 8 0
94025 0 4194616 8 0
95169 0 4194624 8 0
96389 0 4194632 8 0
97487 0 4194640 8 0
100760 0 4194648 8 0
101763 0 4194656 8 0
102731 0 4194664 8 0
103807 0 4194672 8 0
104888 0 4194680 8 0
105858 0 4194688 8 0
106945 0 4194696 8 0
108189 0 4194704 8 0
110102 0 4194712 8 0
111079 0 4194720 8 0
112062 0 4194728 8 0
113030 0 4194736 8 0
113874 0 4194744 8 0
115868 0 4194752 8 0
116892 0 4194760 8 0
118792 0 4194768 8 0
119941 0 4194776 8 0
121278 0 4194792 8 0
122190 0 4194800 8 0
123304 0 4194808 8 0
124458 0 4194816 8 0
124860 0 4194784 8 0
8687118 0 6416 8 0
8697488 0 6424 8 0
8699422 0 6432 8 0
8701063 0 6440 8 0
8707643 0 6448 8 0
8709337 0 6456 8 0
8710855 0 6464 8 0
8712438 0 6472 8 0
8714267 0 6480 8 0
8718003 0 6488 8 0
8719454 0 6496 8 0
8721456 0 6504 8 0
8723081 0 6512 8 0
8724814 0 6520 8 0
8726284 0 6528 8 0
8728444 0 6536 8 0
8730169 0 6544 8 0
8731856 0 6552 8 0
8733371 0 6560 8 0
8735159 0 6568 8 0
8736996 0 6576 8 0
8739458 0 6584 8 0
8741057 0 6592 8 0
8744446 0 6600 8 0
8746232 0 6608 8 0
8747718 0 6616 8 0
8749407 0 6624 8 0
8751026 0 6632 8 0
8752407 0 6640 8 0
8753817 0 6648 8 0
8755510 0 6656 8 0
8757236 0 6664 8 0
8757835 0 6408 8 0
21775625 0 67920 8 0
21820474 0 2576 8 0
21830146 0 2584 8 0
21832017 0 2600 8 0
21833589 0 2608 8 0
21835059 0 2616 8 0
21836749 0 2624 8 0
21840319 0 2632 8 0
21842180 0 2640 8 0
21843915 0 2648 8 0
21846023 0 2656 8 0
21847776 0 2664 8 0
21849649 0 2672 8 0
21851619 0 2680 8 0
21853543 0 2688 8 0
21855244 0 2696 8 0
21856887 0 2704 8 0
21858852 0 2712 8 0
21860800 0 2720 8 0
21862368 0 2728 8 0
21864022 0 2736 8 0
21867314 0 2744 8 0
21869350 0 2752 8 0
21871375 0 2760 8 0
21881156 0 2768 8 0
21889188 0 2776 8 0
21891153 0 2784 8 0
21893115 0 2792 8 0
21900557 0 2800 8 0
21902536 0 2808 8 0
21904353 0 2816 8 0
21905086 0 2592 8 0
22217448 0 4194432 8 0
26862406 0 4194304 8 0
51472705 0 266576 8 0
53448193 0 265048 8 0
55072888 0 68824 8 0
56653191 0 3584 8 0
56660952 0 3592 8 0
56665506 0 3600 8 0
56666680 0 3608 8 0
56667914 0 3616 8 0
56669266 0 3624 8 0
56670728 0 3632 8 0
56672112 0 3640 8 0
56674713 0 3648 8 0
56675734 0 3656 8 0
56677171 0 3664 8 0
56678366 0 3672 8 0
56679601 0 3680 8 0
56680868 0 3688 8 0
56682209 0 3696 8 0
56683379 0 3704 8 0
56684492 0 3712 8 0
56685405 0 3720 8 0
56686585 0 3728 8 0
56687925 0 3744 8 0
56689011 0 3752 8 0
56690004 0 3760 8 0
56691838 0 3768 8 0
56692792 0 3776 8 0
56693803 0 3784 8 0
56694805 0 3792 8 0
56695950 0 3800 8 0
56697686 0 3808 8 0
56698849 0 3816 8 0
56699907 0 3824 8 0
56701019 0 3832 8 0
56702177 0 3840 8 0
56702464 0 3736 8 0
56749161 0 70992 8 0
58213738 0 71056 8 0
59872216 0 71000 8 0
61754600 0 8192 8 0
61762763 0 8200 8 0
61764112 0 8208 8 0
61765232 0 8216 8 0
61766668 0 8224 8 0
61767768 0 8232 8 0
61768795 0 8240 8 0
61769726 0 8248 8 0
61770868 0 8256 8 0
61771798 0 8264 8 0
61772705 0 8272 8 0
61773676 0 8280 8 0
61775742 0 8288 8 0
61776617 0 8296 8 0
61777556 0 8304 8 0
61778617 0 8312 8 0
61779636 0 8320 8 0
61780473 0 8328 8 0
61781487 0 8336 8 0
61782492 0 8344 8 0
61783438 0 8352 8 0
61784721 0 8368 8 0
61785800 0 8376 8 0
61787069 0 8384 8 0
61788029 0 8392 8 0
61788881 0 8400 8 0
61790788 0 8408 8 0
61791732 0 8416 8 0
61792670 0 8424 8 0
61793673 0 8432 8 0
61794719 0 8440 8 0
61795659 0 8448 8 0
61796060 0 8360 8 0
70319667 0 536168 8 0
72669994 0 68832 8 0
77568316 0 77960 8 0
79046303 0 6912 8 0
79055348 0 6920 8 0
79057049 0 6928 8 0
79058268 0 6936 8 0
79059518 0 6944 8 0
79060613 0 6952 8 0
79062565 0 6960 8 0
79066214 0 6968 8 0
79067580 0 6976 8 0
79068627 0 6984 8 0
79069815 0 6992 8 0
79070976 0 7000 8 0
79072575 0 7016 8 0
79074115 0 7024 8 0
79075420 0 7032 8 0
79076691 0 7040 8 0
79078213 0 7048 8 0
79079586 0 7056 8 0
79080888 0 7064 8 0
79082109 0 7072 8 0
79083756 0 7080 8 0
79085724 0 7088 8 0
79087034 0 7096 8 0
79088775 0 7104 8 0
79090133 0 7112 8 0
79091413 0 7120 8 0
79092758 0 7128 8 0
79094576 0 7136 8 0
79095801 0 7144 8 0
79096894 0 7152 8 0
79097874 0 7160 8 0
79098952 0 7168 8 0
79099326 0 7008 8 0
79177459 0 68840 8 0
81074259 0 555040 32 0
84718216 0 4260400 8 0
86341673 0 4260120 8 0
88129974 0 4260368 8 0
89631707 0 4479448 32 0
93455802 0 561448 136 0
100310761 0 4479600 144 0
106657278 0 4479480 120 0
106855864 0 560512 248 0
106860770 0 560760 8 0
122832527 0 555072 224 0
128276425 0 532640 32 0
134955478 0 4498616 32 0
139372497 0 4498688 208 0
153749741 0 4498648 40 0
154090306 0 4480704 32 0
154165301 0 4484152 152 0
177189933 0 4480752 248 0
177197542 0 4481000 8 0
177409363 0 4489856 32 0
181563301 0 4504264 24 0
184603827 0 4504424 32 0
192203124 0 4504488 136 0
192322461 0 4504456 32 0
192361029 0 4492704 32 0
198917671 0 4494664 136 0
204904075 0 4492736 224 0
211574655 0 4481008 248 0
211580784 0 4481256 8 0
211609433 0 555296 248 0
211610024 0 555544 8 0
211617515 0 4480736 16 0
211814275 0 4481696 248 0
211823816 0 4481944 8 0
219069968 0 4481992 248 0
219078139 0 4482240 8 0
222639033 0 4483616 248 0
222646646 0 4483864 8 0
233713773 0 4483056 248 0
233722966 0 4483304 8 0
233815887 0 4492960 248 0
233822541 0 4493208 8 0
234001104 0 4482496 248 0
234007661 0 4482744 8 0
234115600 0 4482752 192 0
234328962 0 557888 248 0
234337172 0 558136 8 0
245235845 0 558456 248 0
245240947 0 558704 8 0
247301600 0 555760 248 0
247307026 0 556008 8 0
247415283 0 561296 152 0
247488701 0 560960 248 0
247492087 0 561208 8 0
247795960 0 558712 184 0
247885993 0 559200 248 0
247889476 0 559448 8 0
249563221 0 4481480 216 0
249775609 0 555576 184 0
250018116 0 557240 248 0
250021398 0 557488 8 0
267080484 0 557040 200 0
267143478 0 561216 80 0
267238283 0 558176 248 0
267245137 0 558424 8 0
267310376 0 560768 128 0
267373961 0 556816 224 0
267453753 0 557496 224 0
267530308 0 4483392 224 0
267902489 0 556464 248 0
267906478 0 556712 8 0
267990089 0 557720 168 0
268080792 0 556256 208 0
269003438 0 560896 64 0
269271039 0 4481264 152 0
269395567 0 77968 8 0
286488538 0 68872 8 0
291031978 0 3072 8 0
291040299 0 3080 8 0
291041301 0 3088 8 0
291042483 0 3096 8 0
291047459 0 3104 8 0
291048769 0 3112 8 0
291049881 0 3120 8 0
291051293 0 3136 8 0
291052471 0 3144 8 0
291055229 0 3152 8 0
291057101 0 3160 8 0
291058492 0 3168 8 0
291059748 0 3176 8 0
291060880 0 3184 8 0
291062310 0 3192 8 0
291063548 0 3200 8 0
291064588 0 3208 8 0
291066035 0 3216 8 0
291067495 0 3224 8 0
291068808 0 3232 8 0
291069902 0 3240 8 0
291071263 0 3248 8 0
291072546 0 3256 8 0
291074474 0 3264 8 0
291075819 0 3272 8 0
291077077 0 3280 8 0
291078140 0 3288 8 0
291079350 0 3296 8 0
291080324 0 3304 8 0
291081581 0 3312 8 0
291082498 0 3320 8 0
291083668 0 3328 8 0
291084248 0 3128 8 0
291119065 0 70168 8 0
292607945 0 79216 8 0
294030910 0 8704 8 0
294037939 0 8712 8 0
294040084 0 8720 8 0
294041085 0 8728 8 0
294042070 0 8736 8 0
294043070 0 8744 8 0
294044456 0 8760 8 0
294045363 0 8768 8 0
294046303 0 8776 8 0
294047330 0 8784 8 0
294048285 0 8792 8 0
294049361 0 8800 8 0
294050465 0 8808 8 0
294051923 0 8816 8 0
294053305 0 8824 8 0
294054224 0 8832 8 0
294055863 0 8840 8 0
294056791 0 8848 8 0
294057843 0 8856 8 0
294058659 0 8864 8 0
294059690 0 8872 8 0
294060744 0 8880 8 0
294062383 0 8888 8 0
294063542 0 8896 8 0
294065301 0 8904 8 0
294066533 0 8912 8 0
294067699 0 8920 8 0
294068827 0 8928 8 0
294069855 0 8936 8 0
294070987 0 8944 8 0
294072711 0 8952 8 0
294076098 0 8960 8 0
294076503 0 8752 8 0
294316866 0 79208 8 0
301838136 0 8456 8 0
301846557 0 8464 8 0
301847729 0 8472 8 0
301848886 0 8480 8 0
301849990 0 8488 8 0
301851081 0 8496 8 0
301852141 0 8504 8 0
301853473 0 8512 8 0
301858144 0 8520 8 0
301860711 0 8528 8 0
301862174 0 8536 8 0
301863460 0 8544 8 0
301864740 0 8552 8 0
301865845 0 8560 8 0
301866863 0 8568 8 0
301867974 0 8576 8 0
301869173 0 8584 8 0
301870285 0 8592 8 0
301871812 0 8608 8 0
301872975 0 8616 8 0
301874377 0 8624 8 0
301875519 0 8632 8 0
301876889 0 8640 8 0
301878754 0 8648 8 0
301879982 0 8656 8 0
301881174 0 8664 8 0
301882257 0 8672 8 0
301883619 0 8680 8 0
301884708 0 8688 8 0
301885874 0 8696 8 0
301886588 0 8600 8 0
301941669 0 4481952 40 0
302026711 0 556016 192 0
302103496 0 4483312 80 0
302565610 0 558144 32 0
302686554 0 4482248 128 0
302860606 0 556208 48 0
302911254 0 558432 24 0
302956679 0 79120 8 0
308987598 0 79112 8 0
311272764 0 819304 32 0
314530326 0 819336 8 0
314845362 0 556720 96 0
314984500 0 816240 32 0
318117781 0 816272 24 0
320977786 0 555552 24 0
321149758 0 4481416 64 0
321312763 0 4482944 112 0
321433175 0 817568 24 0
325739849 0 819736 8 0
327678223 0 784776 8 0
329235426 0 822496 32 0
332520830 0 813096 8 0
334265222 0 821800 8 0
336416916 0 7936 8 0
336428585 0 7944 8 0
336429766 0 7952 8 0
336430833 0 7960 8 0
336431862 0 7968 8 0
336432883 0 7976 8 0
336433885 0 7984 8 0
336439738 0 7992 8 0
336441136 0 8000 8 0
336442363 0 8008 8 0
336443827 0 8016 8 0
336445057 0 8024 8 0
336446230 0 8032 8 0
336447342 0 8040 8 0
336448381 0 8048 8 0
336449455 0 8056 8 0
336450716 0 8064 8 0
336451990 0 8072 8 0
336453274 0 8080 8 0
336454304 0 8088 8 0
336455665 0 8096 8 0
336457404 0 8104 8 0
336458949 0 8112 8 0
336460777 0 8128 8 0
336461998 0 8136 8 0
336463249 0 8144 8 0
336464519 0 8152 8 0
336465710 0 8160 8 0
336467183 0 8168 8 0
336468419 0 8176 8 0
336469639 0 8184 8 0
336471034 0 8120 8 0
337059474 0 638384 24 0
383602471 0 638632 32 0
394518186 0 638664 24 0
397358596 0 684240 16 0
401728479 0 684192 24 0
406216133 0 687680 16 0
409843825 0 821768 24 0
413256324 0 820608 32 0
416486143 0 820640 8 0
416839173 0 818528 32 0
420017722 0 819712 24 0
423200213 0 819816 32 0
425479093 0 819848 8 0
425670446 0 819744 16 0
426126061 0 716776 8 0
430581598 0 4196872 8 0
430627830 0 4196880 8 0
430629328 0 4196888 8 0
430630571 0 4196896 8 0
430631616 0 4196904 8 0
430632713 0 4196912 8 0
430636769 0 4196920 8 0
430638203 0 4196928 8 0
430639280 0 4196936 8 0
430640382 0 4196944 8 0
430641393 0 4196952 8 0
430643729 0 4196960 8 0
430644815 0 4196968 8 0
430645896 0 4196976 8 0
430646997 0 4196984 8 0
430648110 0 4196992 8 0
430649022 0 4197000 8 0
430650036 0 4197008 8 0
430651143 0 4197016 8 0
430652520 0 4197024 8 0
430653543 0 4197032 8 0
430654584 0 4197040 8 0
430655536 0 4197048 8 0
430656539 0 4197056 8 0
430657466 0 4197064 8 0
430659126 0 4197072 8 0
430660120 0 4197080 8 0
430661164 0 4197088 8 0
430662084 0 4197096 8 0
430663083 0 4197104 8 0
430664377 0 4197112 8 0
430666267 0 4197120 8 0
430666741 0 4196864 8 0
443893822 0 4262304 8 0
445767983 0 4546168 32 0
449116619 0 4546200 8 0
449796774 0 4260440 8 0
451408098 0 71032 8 0
452599482 0 4262424 8 0
453893204 0 4262432 8 0
455912321 0 4198400 8 0
455923189 0 4198416 8 0
455928057 0 4198424 8 0
455932046 0 4198432 8 0
455938551 0 4198440 8 0
455942451 0 4198448 8 0
455946208 0 4198456 8 0
455949907 0 4198464 8 0
455953699 0 4198472 8 0
455957377 0 4198480 8 0
455961119 0 4198488 8 0
455964830 0 4198496 8 0
455968736 0 4198504 8 0
455972381 0 4198512 8 0
455976644 0 4198520 8 0
455981275 0 4198528 8 0
455985593 0 4198536 8 0
455989580 0 4198544 8 0
455993713 0 4198552 8 0
455997568 0 4198560 8 0
456001516 0 4198568 8 0
456005432 0 4198576 8 0
456042179 0 4198584 8 0
456043881 0 4198592 8 0
456045096 0 4198600 8 0
456047144 0 4198608 8 0
456048330 0 4198616 8 0
456049702 0 4198624 8 0
456050677 0 4198632 8 0
456051596 0 4198640 8 0
456052677 0 4198648 8 0
456056767 0 4198656 8 0
456057220 0 4198408 8 0
459854469 0 4543272 8 0
462530601 0 4197888 8 0
462541509 0 4197896 8 0
462545760 0 4197904 8 0
462549749 0 4197912 8 0
462553528 0 4197920 8 0
462557298 0 4197928 8 0
462560916 0 4197936 8 0
462564566 0 4197944 8 0
462568332 0 4197952 8 0
462571911 0 4197960 8 0
462576108 0 4197968 8 0
462581001 0 4197976 8 0
462585617 0 4197984 8 0
462589444 0 4197992 8 0
462593491 0 4198000 8 0
462597453 0 4198008 8 0
462601997 0 4198016 8 0
462605755 0 4198024 8 0
462609460 0 4198032 8 0
462613052 0 4198040 8 0
462616900 0 4198048 8 0
462620380 0 4198056 8 0
462624359 0 4198064 8 0
462627918 0 4198072 8 0
462631778 0 4198080 8 0
462637000 0 4198088 8 0
462641092 0 4198096 8 0
462645131 0 4198104 8 0
462649282 0 4198112 8 0
462655180 0 4198120 8 0
462659830 0 4198136 8 0
462663783 0 4198144 8 0
462666974 0 4198128 8 0
462676493 0 4264624 8 0
466131584 0 4264640 8 0
468187605 0 4628616 8 0
470756579 0 4198664 8 0
470767576 0 4198672 8 0
470772354 0 4198680 8 0
470776425 0 4198688 8 0
470780347 0 4198696 8 0
470784159 0 4198704 8 0
470787868 0 4198712 8 0
470791538 0 4198720 8 0
470795214 0 4198728 8 0
470798912 0 4198736 8 0
470949902 0 4198744 8 0
470957369 0 4198752 8 0
470961481 0 4198760 8 0
470965876 0 4198768 8 0
470969796 0 4198776 8 0
470973688 0 4198784 8 0
470977381 0 4198792 8 0
470981087 0 4198800 8 0
470985040 0 4198808 8 0
470989099 0 4198816 8 0
470992952 0 4198824 8 0
470996700 0 4198832 8 0
471000459 0 4198840 8 0
471005059 0 4198848 8 0
471008760 0 4198856 8 0
471012531 0 4198864 8 0
471016220 0 4198872 8 0
471019887 0 4198880 8 0
471024104 0 4198896 8 0
471028157 0 4198904 8 0
471032149 0 4198912 8 0
471035224 0 4198888 8 0
471059830 0 4655000 8 0
475585564 0 70176 8 0
476981565 0 775320 8 0
481806634 0 6672 8 0
481817960 0 6680 8 0
481822593 0 6688 8 0
481827383 0 6704 8 0
481831768 0 6712 8 0
481836110 0 6720 8 0
481840231 0 6728 8 0
481844160 0 6736 8 0
481847920 0 6744 8 0
481851626 0 6752 8 0
481855250 0 6760 8 0
481859054 0 6768 8 0
481863243 0 6776 8 0
481867982 0 6784 8 0
481872248 0 6792 8 0
481876356 0 6800 8 0
481880466 0 6808 8 0
481884441 0 6816 8 0
481888495 0 6824 8 0
481892382 0 6832 8 0
481896425 0 6840 8 0
481900258 0 6848 8 0
481904170 0 6856 8 0
481908117 0 6864 8 0
481912129 0 6872 8 0
481916800 0 6880 8 0
481921072 0 6888 8 0
481926197 0 6896 8 0
481930106 0 6904 8 0
481934348 0 6696 8 0
481943839 0 76656 8 0
483471824 0 817688 8 0
483568453 0 79152 8 0
485012654 0 79144 8 0
486434993 0 4265416 8 0
487903993 0 79080 8 0
489110280 0 79088 8 0
490562727 0 79096 8 0
490654009 0 780096 16 0
495110413 0 686104 32 0
498053459 0 686136 40 0
500832442 0 780160 24 0
505463911 0 558896 248 0
505510235 0 559144 8 0
505584547 0 780112 8 0
506067169 0 4628928 32 0
509932320 0 4628960 64 0
510022214 0 4629024 120 0
515476827 0 786328 8 0
521190948 0 266096 8 0
522834149 0 823248 32 0
526163402 0 823280 56 0
529083039 0 820048 8 0
529238478 0 819224 32 0
533946844 0 819256 8 0
534156496 0 784624 8 0
535891858 0 686248 32 0
536050248 0 686280 24 0
536372963 0 804376 8 0
538673469 0 785408 32 0
545985485 0 820000 32 0
546015336 0 820032 8 0
548718723 0 785072 16 0
552238879 0 817064 32 0
555268340 0 817096 8 0
555470642 0 821536 8 0
557097628 0 820496 8 0
558682263 0 817216 32 0
563837091 0 817248 48 0
567427670 0 817344 32 0
567455276 0 817376 8 0
567834799 0 808208 32 0
572785078 0 808288 136 0
581525322 0 808240 48 0
582994316 0 79064 8 0
600506513 0 779288 8 0
602622879 0 79072 8 0
603911071 0 779832 8 0
605242382 0 779976 8 0
606637660 0 779536 24 0
609798017 0 779480 8 0
611783605 0 779776 32 0
615206591 0 779808 24 0
617778062 0 822336 16 0
620983169 0 779424 32 0
624334440 0 779376 16 0
628338673 0 780056 24 0
629088367 0 685008 24 0
632383208 0 818432 32 0
632414451 0 818464 24 0
632612323 0 638576 16 0
636150800 0 785344 16 0
639431019 0 807224 32 0
642286038 0 807256 16 0
645176673 0 4485080 32 0
645219182 0 4488712 144 0
645279290 0 4485304 248 0
645321942 0 4485552 8 0
645356672 0 4488416 248 0
645398557 0 4488664 8 0
645432325 0 4485560 248 0
645980317 0 4485808 8 0
646006882 0 4488672 40 0
646034888 0 4485816 248 0
646075175 0 4486064 8 0
646162681 0 4485160 144 0
646202459 0 4485112 48 0
646255244 0 4486072 248 0
646298024 0 4486320 8 0
646449729 0 4487624 248 0
646491061 0 4487872 8 0
646573128 0 4486904 248 0
646615664 0 4487152 8 0
646649819 0 4487880 240 0
646751146 0 4486688 216 0
646860687 0 4493672 248 0
646903970 0 4493920 8 0
646946734 0 4493504 168 0
647256764 0 819648 32 0
677924042 0 807848 32 0
677965345 0 807880 48 0
682645367 0 4502976 32 0
682689148 0 4503592 136 0
690821860 0 4503008 224 0
690930561 0 4503232 248 0
690971755 0 4503480 8 0
691387055 0 4486328 152 0
691704981 0 4487184 248 0
691759200 0 4487432 8 0
691969086 0 4487440 184 0
692110030 0 4486480 128 0
692663865 0 4503488 104 0
693542803 0 821928 32 0
695359454 0 821960 64 0
695436413 0 822024 8 0
698163100 0 822272 32 0
702597350 0 819896 32 0
702626662 0 819928 8 0
702783844 0 821248 24 0
712127159 0 779328 32 0
722227044 0 685632 32 0
726134232 0 685664 24 0
729049597 0 813304 32 0
740674509 0 813336 64 0
740745423 0 813400 8 0
750215976 0 818336 16 0
750344070 0 779464 8 0
751595155 0 780008 24 0
752330259 0 779672 8 0
753169606 0 821168 32 0
756882230 0 821200 8 0
757286935 0 808680 32 0
757337721 0 808712 120 0
762065906 0 4198152 8 0
762078384 0 4198160 8 0
762083685 0 4198168 8 0
762088160 0 4198176 8 0
762092822 0 4198184 8 0
762098376 0 4198192 8 0
762102414 0 4198200 8 0
762106795 0 4198208 8 0
762111085 0 4198216 8 0
762115197 0 4198224 8 0
762119242 0 4198232 8 0
762123181 0 4198240 8 0
762127125 0 4198248 8 0
762130930 0 4198256 8 0
762134882 0 4198264 8 0
762138731 0 4198272 8 0
762142860 0 4198280 8 0
762149070 0 4198288 8 0
762152882 0 4198296 8 0
762157433 0 4198304 8 0
762161354 0 4198312 8 0
762166046 0 4198320 8 0
762170968 0 4198336 8 0
762175193 0 4198344 8 0
762179237 0 4198352 8 0
762183277 0 4198360 8 0
762187139 0 4198368 8 0
762191011 0 4198376 8 0
762194946 0 4198384 8 0
762198766 0 4198392 8 0
762202779 0 4198328 8 0
762688236 0 4198920 8 0
762697555 0 4198928 8 0
762703388 0 4198936 8 0
762707907 0 4198944 8 0
762712041 0 4198952 8 0
762716344 0 4198960 8 0
762720360 0 4198968 8 0
762724975 0 4198984 8 0
762728988 0 4198992 8 0
762733358 0 4199000 8 0
762737307 0 4199008 8 0
762741507 0 4199016 8 0
762745197 0 4199024 8 0
762749367 0 4199032 8 0
762753061 0 4199040 8 0
762756950 0 4199048 8 0
762761502 0 4199056 8 0
762767086 0 4199064 8 0
762771058 0 4199072 8 0
762775288 0 4199080 8 0
762779131 0 4199088 8 0
762783154 0 4199096 8 0
762786927 0 4199104 8 0
762790756 0 4199112 8 0
762794537 0 4199120 8 0
762798399 0 4199128 8 0
762802364 0 4199136 8 0
762806189 0 4199144 8 0
762810138 0 4199152 8 0
762813957 0 4199160 8 0
762818697 0 4199168 8 0
762822013 0 4198976 8 0
763866281 0 4196608 8 0
763909798 0 4196616 8 0
763911324 0 4196624 8 0
763912346 0 4196632 8 0
763913596 0 4196640 8 0
763914699 0 4196648 8 0
763916021 0 4196656 8 0
763916985 0 4196664 8 0
763918107 0 4196672 8 0
763919767 0 4196680 8 0
763920974 0 4196688 8 0
763922873 0 4196696 8 0
763924002 0 4196704 8 0
763925364 0 4196712 8 0
763926827 0 4196728 8 0
763929811 0 4196736 8 0
763930994 0 4196744 8 0
763932053 0 4196752 8 0
763933516 0 4196760 8 0
763934541 0 4196768 8 0
763936103 0 4196776 8 0
763937349 0 4196784 8 0
763938579 0 4196792 8 0
763939493 0 4196800 8 0
763940581 0 4196808 8 0
763942517 0 4196816 8 0
763943587 0 4196824 8 0
763944505 0 4196832 8 0
763945499 0 4196840 8 0
763946405 0 4196848 8 0
763947311 0 4196856 8 0
763947811 0 4196720 8 0
801009408 0 4260104 8 0
806033067 0 4459792 32 0
810430524 0 4459896 136 0
776849746 0 4264944 8 0
778161603 0 4543368 8 0
782236490 0 4264144 8 0
783568645 0 4577952 8 0
785400325 0 684640 32 0
791548388 0 4577968 16 0
797314752 0 822656 32 0
820118653 0 4459824 72 0
820908919 0 71088 8 0
836463643 0 4260504 8 0
838768621 0 4468736 32 0
842453689 0 4468768 32 0
845379404 0 4482376 120 0
846029932 0 4264704 8 0
848211685 0 4633608 168 0
857996195 0 4264768 8 0
859944456 0 4264744 8 0
861296460 0 4265656 8 0
862704379 0 4659600 56 0
870102554 0 4264760 8 0
871822785 0 4265352 8 0
873263014 0 4608736 16 0
876728199 0 4265280 8 0
878155130 0 4607888 8 0
879559182 0 4262160 8 0
880834123 0 4544400 8 0
882336032 0 4264824 8 0
883658492 0 4264808 8 0
885734301 0 4264656 8 0
885808121 0 4628688 8 0
887616961 0 4265288 8 0
889061039 0 4265360 8 0
890485689 0 4262176 8 0
891926536 0 4541656 8 0
893887671 0 4264784 8 0
895308733 0 4543640 8 0
896912383 0 4264728 8 0
898222662 0 4264672 8 0
899963842 0 4264616 8 0
901144867 0 4587152 16 0
904792541 0 4264752 8 0
906691855 0 4628680 8 0
908776195 0 4264880 8 0
910459015 0 4543352 8 0
912544303 0 4262168 8 0
914083669 0 4264776 8 0
915626269 0 4265584 8 0
917047249 0 79008 8 0
918378713 0 4262296 8 0
919855396 0 4262144 8 0
923824719 0 4543336 8 0
925655858 0 4543080 8 0
927151948 0 684672 32 0
927252204 0 684704 64 0
927268631 0 684768 32 0
927913432 0 687640 24 0
928320195 0 785216 32 0
933491476 0 79048 8 0
935077159 0 776216 8 0
936463934 0 778192 16 0
939884321 0 778032 16 0
943359793 0 777744 8 0
944950592 0 778264 8 0
946488042 0 785136 16 0
950082350 0 809048 32 0
950150930 0 809080 24 0
950403834 0 79184 8 0
950475321 0 813528 32 0
950531453 0 813560 64 0
950546295 0 813624 16 0
951066979 0 821376 32 0
951121294 0 821408 56 0
957489808 0 684624 8 0
959253048 0 4264928 8 0
960537989 0 4543112 8 0
961980719 0 4543128 8 0
963811153 0 4199176 8 0
963827980 0 4199184 8 0
963829149 0 4199192 8 0
963830308 0 4199200 8 0
963831427 0 4199208 8 0
963832634 0 4199216 8 0
963833994 0 4199224 8 0
963835369 0 4199240 8 0
963836467 0 4199248 8 0
963836850 0 4199232 8 0
964042117 0 4265880 8 0
968853837 0 4679824 24 0
976193156 0 4680096 8 0
981452386 0 4680672 16 0
985154063 0 4680112 16 0
988389419 0 4680216 8 0
989915830 0 4680200 8 0
994042025 0 4680336 16 0
1005202658 0 4680568 32 0
1008757554 0 4680600 40 0
1011121989 0 4680288 32 0
1015699954 0 4679872 16 0
1015904412 0 4679944 32 0
1016060620 0 4679976 16 0
1018260616 0 4680448 16 0
1026162577 0 4679992 8 0
1028783292 0 4680128 32 0
1028867030 0 4680160 32 0
1030841006 0 4680656 16 0
1031057262 0 4680416 32 0
1031516978 0 4679208 8 0
1082458626 0 11008 8 0
1082473152 0 11016 8 0
1082474634 0 11024 8 0
1082476187 0 11032 8 0
1082477419 0 11040 8 0
1082478152 0 11048 8 0
1084154307 0 536176 8 0
1096304874 0 4265296 8 0
1098145808 0 4607952 8 0
1099758215 0 4265304 8 0
1099803495 0 4644016 8 0
1101262327 0 4644120 8 0
1102716012 0 4644752 8 0
1104216135 0 4607984 16 0
1107813925 0 4608416 32 0
1147769846 0 809024 24 0
1148036454 0 804160 32 0
1153300701 0 804192 48 0
1157328199 0 688096 16 0
1161812692 0 815936 16 0
1168484481 0 821600 32 0
1179379779 0 685760 32 0
1179407991 0 685792 32 0
1180053102 0 814576 16 0
1201510286 0 818752 32 0
1203327611 0 818784 32 0
1206359599 0 4608320 32 0
1212761764 0 4265344 8 0
1214226270 0 4608456 8 0
1214570975 0 79128 8 0
1214617640 0 786136 8 0
1216019698 0 4644168 32 0
1220413464 0 4644200 8 0
1220730087 0 4608264 8 0
1222343696 0 4608368 16 0
1222944204 0 4644608 32 0
1225872789 0 4644640 64 0
1225939380 0 4644704 24 0
1234966080 0 4644736 8 0
1240508538 0 4644784 24 0
1242161046 0 813712 32 0
1242190836 0 813744 24 0
1242427949 0 813864 32 0
1242458567 0 813896 48 0
1243346853 0 638264 32 0
1248628064 0 638296 16 0
1252663717 0 4608592 16 0
1252958196 0 4265272 8 0
1254268068 0 4641144 8 0
1255543091 0 4606872 32 0
1258818499 0 4606904 24 0
1261412981 0 4643840 32 0
1266157014 0 4643872 136 0
1269609627 0 4606784 32 0
1272898277 0 4606816 8 0
1273301436 0 4607792 16 0
1276833690 0 4607024 8 0
1276961790 0 4607072 32 0
1277000362 0 4607104 8 0
1277203640 0 685184 8 0
1277325333 0 4643808 32 0
1280619205 0 4606960 16 0
1280734036 0 4641152 32 0
1283844198 0 4641184 232 0
1289165041 0 4641416 248 0
1289197989 0 4641664 8 0
1289804215 0 4607392 16 0
1290095173 0 4641888 32 0
1291995486 0 4607456 32 0
1292024374 0 4607488 16 0
1293333666 0 4607552 32 0
1297552826 0 4607160 32 0
1297578118 0 4607192 16 0
1298340264 0 4265312 8 0
1298512959 0 4644816 8 0
1298613927 0 4608056 24 0
1298892436 0 4608104 8 0
1299098687 0 4608000 16 0
1299413384 0 4608016 16 0
1300494522 0 4608088 8 0
1300630261 0 4608160 24 0
1300845319 0 4644832 8 0
1300951622 0 78896 8 0
1304631305 0 687816 32 0
1305602678 0 687848 8 0
1306194441 0 806584 32 0
1346004952 0 806712 144 0
1353761757 0 806616 96 0
1354241863 0 3336 8 0
1354250469 0 3344 8 0
1354256230 0 3352 8 0
1354261041 0 3360 8 0
1354265109 0 3368 8 0
1354269683 0 3376 8 0
1354274003 0 3384 8 0
1354278724 0 3392 8 0
1354283022 0 3400 8 0
1354287090 0 3408 8 0
1354291102 0 3416 8 0
1354295007 0 3424 8 0
1354298798 0 3432 8 0
1354302815 0 3440 8 0
1354306637 0 3448 8 0
1354310669 0 3456 8 0
1354315231 0 3464 8 0
1354319575 0 3472 8 0
1354323594 0 3480 8 0
1354327888 0 3488 8 0
1354331675 0 3496 8 0
1354335606 0 3504 8 0
1354339318 0 3512 8 0
1354345350 0 3520 8 0
1354349926 0 3528 8 0
1354354445 0 3536 8 0
1354358687 0 3544 8 0
1354362932 0 3552 8 0
1354366978 0 3560 8 0
1354370975 0 3568 8 0
1354375298 0 3576 8 0
1354387711 0 70936 8 0
1367528143 0 340224 32 0
1373240651 0 340256 32 0
1377257013 0 753512 8 0
1379240718 0 687888 16 0
1381055322 0 4511432 8 0
1383317919 0 4513184 32 0
1386600311 0 4514904 144 0
1393282714 0 4513216 224 0
1399211487 0 4513720 248 0
1399219426 0 4513968 8 0
1403653828 0 4514568 248 0
1403667588 0 4514816 8 0
1403778704 0 4514072 248 0
1403786821 0 4514320 8 0
1403864872 0 4514328 232 0
1404015404 0 4513440 128 0
1404091447 0 4513568 136 0
1404158017 0 4514824 80 0
1404349359 0 4513704 16 0
1404402053 0 4513976 96 0
1406695376 0 4608496 16 0
1407112978 0 4608528 16 0
1407402614 0 4608712 8 0
1409818726 0 4608280 8 0
1412300074 0 68816 8 0
1414267634 0 2200 8 0
1415842412 0 4607000 24 0
1416311465 0 4607504 8 0
1416509898 0 4606944 16 0
1416954395 0 4607728 8 0
1417168832 0 684160 16 0
1380869330 0 4194832 8 0
1380883015 0 4194840 8 0
1380888925 0 4194848 8 0
1380893954 0 4194856 8 0
1380898417 0 4194864 8 0
1380902652 0 4194872 8 0
1380906748 0 4194880 8 0
1380911485 0 4194888 8 0
1380915344 0 4194896 8 0
1380919193 0 4194904 8 0
1380922803 0 4194912 8 0
1380928133 0 4194920 8 0
1380932419 0 4194928 8 0
1380936529 0 4194936 8 0
1380941086 0 4194944 8 0
1380945481 0 4194952 8 0
1380949809 0 4194960 8 0
1380953769 0 4194968 8 0
1380958151 0 4194976 8 0
1380962113 0 4194984 8 0
1380966339 0 4194992 8 0
1380970098 0 4195000 8 0
1380974026 0 4195008 8 0
1380978367 0 4195016 8 0
1380982608 0 4195024 8 0
1380987313 0 4195032 8 0
1380991452 0 4195040 8 0
1380995249 0 4195048 8 0
1381000908 0 4195056 8 0
1381005169 0 4195064 8 0
1381009028 0 4195072 8 0
1381012472 0 4194824 8 0
1421122451 0 4607360 8 0
1421448963 0 4607680 32 0
1421518232 0 4607712 16 0
1421925924 0 4606720 24 0
1425383447 0 4641920 32 0
1425459118 0 4641952 96 0
1426319084 0 820312 32 0
1426380725 0 820344 56 0
1426790495 0 816632 32 0
1426848848 0 816664 48 0
1429868387 0 4603904 32 0
1434980890 0 4604360 248 0
1434988873 0 4604608 8 0
1445945881 0 4603936 224 0
1451402606 0 4604160 200 0
1451991715 0 817624 16 0
1451992325 0 817616 8 0
1452748732 0 779896 8 0
1452935079 0 785592 8 0
1452936313 0 785584 8 0
1456521292 0 779944 8 0
1456792032 0 779880 8 0
1457129621 0 779960 8 0
1457381330 0 779680 32 0
1457921318 0 559152 48 0
1459185994 0 779560 24 0
1459999280 0 779864 8 0
1460174306 0 819440 8 0
1460174721 0 819448 8 0
1460687494 0 779912 8 0
1461039680 0 779928 8 0
1462095582 0 4543264 8 0
1510715399 0 4264896 8 0
1524029223 0 4542608 8 0
1525701790 0 4542624 8 0
1529281036 0 4264904 8 0
1533249933 0 4542632 8 0
1533379432 0 4542680 8 0
1555919144 0 4608776 8 0
1556320920 0 4633816 8 0
1558408725 0 4541632 8 0
1561629669 0 4654944 8 0
1564482842 0 4545912 8 0
1566370316 0 4540896 8 0
1567924603 0 4542568 8 0
1569443593 0 4543232 8 0
1569443935 0 4543240 24 0
1581396939 0 4676248 8 0
1587417187 0 638344 8 0
1573067212 0 4264960 8 0
1574931471 0 4543416 8 0
1576406721 0 4265848 8 0
1578118240 0 4676208 8 0
1578118717 0 4676216 8 0
1581396538 0 4676240 8 0
1581397830 0 4676256 8 0
1587417118 0 638352 8 0
1587417563 0 638336 8 0
1587718784 0 4678008 8 0
1587718912 0 4678016 24 0
1589179592 0 4678040 16 0
1595533764 0 4676320 32 0
1596073927 0 783512 8 0
1597793845 0 4679480 32 0
1601783098 0 4679512 64 0
1601798984 0 4679576 64 0
1604696361 0 4678216 32 0
1604809408 0 4678248 40 0
1605153576 0 822136 8 0
1605154707 0 822144 8 0
1605163456 0 822160 8 0
1605164070 0 822152 8 0
1605211956 0 822168 64 0
1605792672 0 785768 8 0
1605793644 0 785776 8 0
1605801510 0 785792 8 0
1605801996 0 785784 8 0
1605847402 0 785800 40 0
1609432887 0 4677160 24 0
1609432984 0 4677152 8 0
1614545752 0 4677184 64 0
1614565362 0 4677248 128 0
1619983376 0 814640 32 0
1620047898 0 814672 8 0
1631055059 0 785576 8 0
1634603246 0 4610712 8 0
1634606883 0 4610728 8 0
1634655058 0 4610736 64 0
1635013889 0 4611400 8 0
1635017970 0 4611416 8 0
1635067409 0 4611424 56 0
1670490575 0 4678624 32 0
1629578862 0 4678136 8 0
1629823444 0 4679720 32 0
1629875136 0 4679752 48 0
1630557132 0 4679280 32 0
1630611588 0 4679312 16 0
1631055519 0 785568 8 0
1634359745 0 4265368 8 0
1634445112 0 4608848 8 0
1634602090 0 4610704 8 0
1634607405 0 4610720 8 0
1635013288 0 4611392 8 0
1635018524 0 4611408 8 0
1639881386 0 4612608 8 0
1639882074 0 4612616 24 0
1643708022 0 4609040 8 0
1643708716 0 4609048 8 0
1645471462 0 4265408 8 0
1647149256 0 4612704 32 0
1647404708 0 4612560 8 0
1649057834 0 4612784 8 0
1649063790 0 4612800 8 0
1652880387 0 4612816 24 0
1656102852 0 4611008 32 0
1656222063 0 4611040 40 0
1656515131 0 4611656 8 0
1656515812 0 4611664 8 0
1656520069 0 4611672 8 0
1656559452 0 4611680 16 0
1656770059 0 4610816 8 0
1657614626 0 4611744 16 0
1657943728 0 4611136 32 0
1657977727 0 4611168 16 0
1661341507 0 4611280 8 0
1661467688 0 4612648 8 0
1661644303 0 4610432 32 0
1661706782 0 4610464 64 0
1662490028 0 4611224 32 0
1662541650 0 4611256 8 0
1663054468 0 4610272 32 0
1667589739 0 4639008 96 0
1670419479 0 4678528 32 0
1670472895 0 4678560 64 0
1670971038 0 822400 32 0
1671018403 0 822432 16 0
1621664633 0 4679128 32 0
1625983955 0 4679160 48 0
1629503425 0 4678104 32 0
1641784405 0 4612640 8 0
1649058508 0 4612792 8 0
1649063431 0 4612808 8 0
1654404831 0 4610600 8 0
1656515923 0 4611648 8 0
1656769900 0 4610824 8 0
1660997768 0 4611584 32 0
1661039341 0 4611616 32 0
1661738661 0 4610528 16 0
1663420493 0 4638976 32 0
1675003575 0 4504384 32 0
1675075170 0 4504416 8 0
1677482283 0 4639296 8 0
1677483415 0 4639304 16 0
1677487546 0 4639320 8 0
1677540594 0 4639328 32 0
1677929679 0 4639496 8 0
1678170318 0 4264816 8 0
1679788334 0 4638208 8 0
1681672612 0 4638336 32 0
1685069250 0 4638272 16 0
1688922064 0 4638240 16 0
1695522519 0 687488 16 0
1695965791 0 4639208 8 0
1696058519 0 4678336 32 0
1696082994 0 4678368 16 0
1696552612 0 4543432 8 0
1700438958 0 4639376 24 0
1700721121 0 4608960 32 0
1700748091 0 4608992 40 0
1701035901 0 785456 16 0
1701315999 0 4264712 8 0
1703016720 0 4633904 32 0
1703047207 0 4633936 16 0
1703225376 0 717232 32 0
1709810645 0 717264 64 0
1709889705 0 717328 128 0
1713656976 0 717456 112 0
1716588207 0 815904 32 0
1722315602 0 4634496 16 0
1726780385 0 4633952 32 0
1726990602 0 4633984 224 0
1727071664 0 4634208 72 0
1727617309 0 4634336 32 0
1730819356 0 4634288 8 0
1733537357 0 782648 8 0
1733985180 0 784320 8 0
1734323152 0 4634424 8 0
1734324906 0 4634432 8 0
1734326423 0 4634448 8 0
1734343068 0 4634440 8 0
1734356801 0 4634456 8 0
1739040053 0 4641040 16 0
1742451092 0 4639136 8 0
1742452371 0 4639144 8 0
1742823706 0 4638936 8 0
1742824479 0 4638928 8 0
1750270220 0 4639104 32 0
1750501018 0 4639416 8 0
1750595689 0 4638880 8 0
1750595778 0 4638872 8 0
1750596016 0 4638888 16 0
1752071185 0 4638904 16 0
1755388387 0 4639456 32 0
1755806464 0 4639528 8 0
1755807383 0 4639520 8 0
1756438671 0 4262184 8 0
1758198073 0 4542328 8 0
1759477692 0 4635144 24 0
1759478012 0 4635136 8 0
1764564198 0 4635880 248 0
1764628245 0 4636128 8 0
1773265960 0 4635168 8 0
1773267517 0 4635176 8 0
1773268154 0 4635192 8 0
1773275276 0 4635200 8 0
1773275495 0 4635208 96 0
1773280487 0 4635312 80 0
1773295199 0 4635184 8 0
1773395377 0 4635304 8 0
1780272183 0 4635392 248 0
1780277957 0 4635640 8 0
1780641860 0 4635648 8 0
1780643047 0 4635664 8 0
1780643507 0 4635656 8 0
1780649211 0 4635680 128 0
1780649849 0 4635672 8 0
1782198432 0 4635808 8 0
1782198954 0 4635816 8 0
1782210305 0 4635824 8 0
1782211795 0 4635856 24 0
1782212048 0 4635832 24 0
1782875475 0 4638056 8 0
1788787880 0 4544256 8 0
1788788516 0 4544264 8 0
1788793012 0 4544272 8 0
1824300065 0 4544336 16 0
1824300215 0 4544328 8 0
1824300380 0 4544320 8 0
1842638375 0 4544288 16 0
1843252939 0 4544072 8 0
1849062265 0 716640 32 0
1855719679 0 716672 16 0
1865837476 0 4544352 8 0
1866275439 0 4544368 16 0
1867172109 0 4542408 8 0
1876686128 0 4541920 8 0
1895097302 0 4541728 32 0
1926680318 0 4541760 8 0
1927026136 0 4541792 32 0
1941700273 0 4541904 16 0
1987514106 0 4542232 8 0
1987515881 0 4542248 8 0
1993711085 0 4542256 64 0
1998456110 0 4541936 8 0
1999024445 0 4544096 24 0
2005951388 0 4264736 8 0
2006202571 0 4542032 8 0
1978738160 0 4541848 32 0
1978763194 0 4541880 8 0
1979048483 0 4544032 32 0
1987197137 0 4544064 8 0
1987512643 0 4542224 8 0
1987551802 0 4542240 8 0
2023866424 0 4544168 8 0
2024208077 0 4541984 32 0
2073666915 0 4542112 8 0
2085225328 0 4544200 32 0
2087193981 0 4544232 8 0
2087451219 0 4542016 8 0
2087773146 0 4542144 8 0
2088120185 0 4544144 16 0
2088823039 0 4544240 8 0
2089232591 0 4542128 8 0
2089576975 0 684896 32 0
2089772346 0 684928 8 0
2090108346 0 4638072 8 0
2090536622 0 4638032 16 0
2090826502 0 4542352 16 0
2091271835 0 4638008 8 0
2091582769 0 784984 32 0
2091609146 0 785016 40 0
2092354973 0 4542376 8 0
2093028775 0 823040 32 0
2096574579 0 823072 56 0
2099471857 0 785312 32 0
2100602420 0 4262352 8 0
2102016306 0 4549032 8 0
2103530510 0 4262376 8 0
2107239099 0 4549920 8 0
2108981346 0 4549936 8 0
2113437799 0 808832 8 0
2113438726 0 808840 8 0
2113442909 0 808848 8 0
2113463305 0 808856 8 0
2113501610 0 808864 104 0
2113588826 0 4489984 32 0
2113636699 0 4490184 136 0
2113691859 0 4490016 168 0
2114147131 0 4542392 8 0
2114586844 0 4265592 8 0
2139744921 0 4655016 8 0
2141994891 0 4265600 8 0
2158318780 0 4656016 8 0
2160053140 0 4265616 8 0
2160214772 0 4658544 8 0
2182376489 0 4658696 8 0
2199638833 0 4658728 16 0
2200206307 0 638056 8 0
2205902162 0 4658776 8 0
2206291858 0 4265632 8 0
2206342385 0 4658896 8 0
2208256220 0 4265640 8 0
2208308314 0 4659016 8 0
2210014969 0 4658976 32 0
2182376008 0 4658704 24 0
2200206616 0 638064 16 0
2205902869 0 4658768 8 0
2225135691 0 4658624 16 0
2249344322 0 4265648 8 0
2249776015 0 4659176 8 0
2264544338 0 4659192 8 0
2270858560 0 4659208 8 0
2271118908 0 4659224 8 0
2290304840 0 4658864 8 0
2291989132 0 784488 8 0
2292404854 0 4659144 24 0
2312891020 0 4658576 8 0
2281340692 0 4659328 16 0
2282673272 0 4658880 8 0
2290305292 0 4658872 8 0
2312890922 0 4658584 16 0
2280725271 0 4659248 8 0
2281000655 0 4659280 24 0
2282291624 0 4659104 16 0
2356133643 0 4659064 24 0
2360701169 0 4658816 24 0
2361093011 0 4659512 32 0
2361345805 0 4659544 8 0
2361811252 0 4655768 8 0
2363156071 0 4655784 8 0
2365310284 0 4656032 8 0
2357021714 0 4265624 8 0
2357198355 0 4658552 8 0
2365162198 0 4265608 8 0
2376170708 0 687512 24 0
2376246154 0 687536 64 0
2376254896 0 687600 16 0
2381670390 0 638512 8 0
2381671170 0 638520 8 0
2381839823 0 638552 8 0
2381840693 0 638544 8 0
2382009222 0 4658936 16 0
2382009316 0 4658928 8 0
2389729476 0 4655832 32 0
2395574289 0 4655864 8 0
2396028260 0 4659456 16 0
2396384321 0 4655880 8 0
2404666119 0 4655960 32 0
2404708549 0 4655992 16 0
2407988931 0 4655896 8 0
2408092060 0 4655136 16 0
2418982579 0 4659440 8 0
2419493282 0 4655104 8 0
2422191328 0 4659392 8 0
2422214251 0 4659416 8 0
2422235107 0 4659424 8 0
2422433390 0 4655072 32 0
2376170972 0 687504 8 0
2418982418 0 4659448 8 0
2419492915 0 4655112 8 0
2422191843 0 4659400 16 0
2426270375 0 4264632 8 0
2427643176 0 4587296 8 0
2429706696 0 4587360 8 0
2431826312 0 79136 8 0
2431907075 0 786368 32 0
2432060213 0 804248 16 0
2432567302 0 807360 32 0
2432613116 0 807392 80 0
2432865118 0 804328 8 0
2432866042 0 804344 8 0
2433542691 0 4264936 8 0
2436141816 0 4543144 8 0
2446211673 0 4264912 8 0
2448032881 0 4542784 8 0
2448125099 0 4542832 16 0
2448383174 0 4197640 8 0
2448394087 0 4197648 8 0
2448398982 0 4197656 8 0
2448403099 0 4197664 8 0
2448407117 0 4197672 8 0
2448411988 0 4197680 8 0
2448416254 0 4197688 8 0
2448420571 0 4197696 8 0
2448424444 0 4197704 8 0
2448428570 0 4197712 8 0
2448433716 0 4197720 8 0
2448437999 0 4197728 8 0
2448442054 0 4197736 8 0
2448446200 0 4197744 8 0
2448450751 0 4197752 8 0
2448454833 0 4197760 8 0
2448459151 0 4197768 8 0
2448463057 0 4197776 8 0
2448467166 0 4197784 8 0
2448471315 0 4197792 8 0
2448475259 0 4197800 8 0
2448479315 0 4197808 8 0
2448483252 0 4197816 8 0
2448489320 0 4197824 8 0
2448494385 0 4197832 8 0
2448498510 0 4197840 8 0
2448502522 0 4197848 8 0
2448506857 0 4197856 8 0
2448510775 0 4197864 8 0
2448514724 0 4197872 8 0
2448518901 0 4197880 8 0
2448522727 0 4197632 8 0
2448536572 0 4261584 8 0
2450147213 0 4263832 8 0
2451289242 0 4625808 16 0
2432061292 0 804240 8 0
2432364034 0 804312 8 0
2432863897 0 804320 8 0
2432869786 0 804336 8 0
2436266289 0 4587392 32 0
2443045889 0 4587432 8 0
2495891997 0 4629680 8 0
2496217466 0 4629856 8 0
2496706328 0 4629784 24 0
2497352435 0 4587448 8 0
2500351885 0 4543176 24 0
2500653050 0 4543048 8 0
2500831292 0 4587488 16 0
2503795732 0 4542720 32 0
2504009471 0 4542816 8 0
2504208745 0 4542920 24 0
2504462717 0 4264792 8 0
2504507996 0 4543696 8 0
2504781837 0 4264800 8 0
2504829629 0 4543744 32 0
2504851912 0 4543776 8 0
2505024443 0 4543784 32 0
2505070577 0 4543816 136 0
2507181896 0 4492432 8 0
2507200625 0 4492448 8 0
2507234203 0 4492576 8 0
2507283914 0 4492592 8 0
2507600056 0 4543024 8 0
2507908661 0 4543064 8 0
2508085071 0 820888 16 0
2508130445 0 820904 64 0
2517842861 0 4542880 8 0
2486709984 0 4542648 8 0
2486824834 0 4542664 8 0
2487211715 0 4542976 16 0
2487416693 0 4542800 8 0
2487602480 0 4264664 8 0
2487665970 0 4629152 8 0
2487784452 0 4629384 32 0
2487842127 0 4629416 64 0
2487862355 0 4629480 120 0
2488606822 0 4629168 16 0
2488920854 0 4629696 32 0
2488976369 0 4629728 32 0
2489321788 0 778784 16 0
2507183087 0 4492440 8 0
2507184731 0 4492456 8 0
2507233387 0 4492568 8 0
2507242314 0 4492584 8 0
2507304172 0 4492464 104 0
2507599579 0 4543032 8 0
2508085820 0 820880 8 0
2508136003 0 820968 8 0
2508137236 0 820984 8 0
2508138860 0 821000 24 0
2517231018 0 4543096 8 0
2517344106 0 4264920 8 0
2517841593 0 4542888 8 0
2518349083 0 4265800 8 0
2518449069 0 4666472 8 0
2522993925 0 4672232 16 0
2507240750 0 4492600 104 0
2507600671 0 4543040 8 0
2508086190 0 820872 8 0
2508137284 0 820976 8 0
2508139258 0 820992 8 0
2517420060 0 4542856 8 0
2518150375 0 4265664 8 0
2518237786 0 4659712 8 0
2519919001 0 4670816 16 0
2522994473 0 4672224 8 0
2528537144 0 4265832 8 0
2528616866 0 4674496 8 0
2530291036 0 4674680 8 0
2530291379 0 4674672 8 0
2533690723 0 716536 8 0
2533691325 0 716528 8 0
2533691555 0 716544 8 0
2533696355 0 716552 8 0
2536319958 0 716560 24 0
2541543393 0 4674560 32 0
2544934002 0 4674592 64 0
2547729409 0 4674800 32 0
2550058148 0 4674832 64 0
2550577741 0 4664376 8 0
2550578169 0 4664384 8 0
2550578524 0 4664368 8 0
2550583110 0 4664392 8 0
2554839818 0 4664400 8 0
2556270828 0 4674712 8 0
2556271156 0 4674704 8 0
2556662785 0 4671720 24 0
2556662970 0 4671712 8 0
2561317869 0 4671744 8 0
2561535673 0 4673160 24 0
2561536105 0 4673152 8 0
2566099603 0 4673184 64 0
2566114723 0 4673248 32 0
2567292284 0 4673288 8 0
2567292307 0 4673280 8 0
2567292485 0 4673296 8 0
2567297607 0 4673304 8 0
2567348913 0 4673312 48 0
2570886358 0 4671872 32 0
2574132947 0 4671904 32 0
2578832243 0 4671400 32 0
2582370958 0 4671432 64 0
2582386103 0 4671496 128 0
2585067241 0 4671624 40 0
2586570843 0 4665176 8 0
2590144569 0 4670280 8 0
2590144901 0 4670272 8 0
2593047457 0 4670336 8 0
2593047477 0 4670344 24 0
2594309962 0 4670368 24 0
2600684020 0 4671008 24 0
2605055766 0 4672728 32 0
2605112213 0 4672760 64 0
2605127815 0 4672824 136 0
2610260713 0 4669664 16 0
2616707946 0 4659864 8 0
2616708127 0 4659872 8 0
2616708153 0 4659856 8 0
2616708183 0 4659848 8 0
2616835396 0 4659880 48 0
2616916487 0 4265768 8 0
2617010405 0 4663984 8 0
2618202127 0 4664000 8 0
2618203072 0 4664008 8 0
2619802232 0 4664112 16 0
2619803096 0 4664104 8 0
2621996059 0 4664072 24 0
2621996249 0 4664064 8 0
2622039582 0 4664096 8 0
2622243164 0 4664184 8 0
2622246347 0 4664176 8 0
2625324544 0 4664152 8 0
2625325161 0 4664144 8 0
2627784755 0 4672264 24 0
2627784775 0 4672256 8 0
2627856425 0 4672288 224 0
2628421900 0 4670912 32 0
2628465573 0 4670944 40 0
2629531046 0 4674936 8 0
2633303501 0 4671104 8 0
2633303937 0 4671112 8 0
2633304576 0 4671120 8 0
2633308899 0 4671128 8 0
2633381712 0 4671136 32 0
2639598936 0 4673360 32 0
2639674383 0 4673392 16 0
2640183427 0 4671760 16 0
2640481888 0 4664264 32 0
2650620791 0 4664296 48 0
2653054578 0 4670160 32 0
2657898830 0 4670192 64 0
2660345998 0 4665728 8 0
2660346062 0 4665736 8 0
2663720415 0 4665696 32 0
2666404827 0 4674912 16 0
2667239607 0 4265760 8 0
2667333952 0 4663040 32 0
2670316314 0 4663072 8 0
2670458701 0 4663544 8 0
2670460168 0 4663552 8 0
2670467435 0 4663568 8 0
2670468027 0 4663560 8 0
2672838635 0 4663576 40 0
2676869423 0 4670616 32 0
2677018834 0 4670648 160 0
2679378970 0 4663216 32 0
2684116600 0 4663248 64 0
2684128922 0 4663312 40 0
2687714890 0 4663896 8 0
2688244023 0 4660032 32 0
2688365314 0 4660064 16 0
2688703281 0 4663784 24 0
2688703527 0 4663776 8 0
2688749653 0 4663808 40 0
2689058999 0 4659928 32 0
2689216213 0 4659960 72 0
2689939387 0 4663872 24 0
2690163270 0 4663920 16 0
2690398269 0 4663952 24 0
2690566705 0 4265688 8 0
2690653466 0 4660104 8 0
2695953782 0 4674480 8 0
2696113105 0 4666008 8 0
2699419710 0 4663424 32 0
2699467277 0 4663456 32 0
2702838374 0 4663664 32 0
2702886878 0 4663696 8 0
2703890339 0 4265776 8 0
2703984888 0 4664416 8 0
2704143508 0 4265784 8 0
2704261875 0 4664904 24 0
2704262614 0 4664896 8 0
2704336464 0 4664928 64 0
2708659309 0 4665032 32 0
2708784514 0 4665064 16 0
2709029365 0 4265792 8 0
2709128222 0 4665760 24 0
2709308257 0 4667112 8 0
2709308367 0 4667104 8 0
2718113216 0 4667640 32 0
2720159680 0 4667672 64 0
2720176283 0 4667736 64 0
2720743802 0 4667208 24 0
2720744565 0 4667200 8 0
2721274506 0 4667232 8 0
2721476939 0 4666240 32 0
2721660293 0 4666272 96 0
2722147838 0 4666048 32 0
2724639651 0 4667280 32 0
2724693115 0 4667312 16 0
2724882328 0 4667800 24 0
2725342003 0 4669400 32 0
2728868104 0 4669432 16 0
2731836371 0 4665896 32 0
2732557205 0 4665928 80 0
2733839432 0 4667392 8 0
2733840722 0 4667400 8 0
2733845650 0 4667408 8 0
2733867152 0 4667416 8 0
2734039490 0 4670000 32 0
2734064276 0 4670032 40 0
2734638701 0 4667936 24 0
2735114003 0 4666560 32 0
2735145316 0 4666592 24 0
2735869051 0 4668760 32 0
2739372557 0 4668792 64 0
2739445261 0 4668856 96 0
2744746983 0 4666496 32 0
2744775612 0 4666528 32 0
2744991660 0 4665304 8 0
2745096768 0 4669880 32 0
2745119262 0 4669912 16 0
2745388283 0 4667968 32 0
2745418351 0 4668000 32 0
2745640956 0 4666784 16 0
2747007809 0 4666664 32 0
2747037654 0 4666696 24 0
2747234825 0 4668296 32 0
2751149059 0 4668328 64 0
2751195319 0 4668392 144 0
2760360164 0 4669184 32 0
2760435911 0 4669216 64 0
2760458197 0 4669280 80 0
2760814638 0 4667144 16 0
2760815671 0 4667136 8 0
2761713427 0 4668976 16 0
2761941437 0 4669568 24 0
2761942415 0 4669560 8 0
2762002532 0 4669592 56 0
2764344333 0 4669760 32 0
2764394729 0 4669792 40 0
2765113990 0 4666752 32 0
2765571889 0 4666936 32 0
2765639377 0 4666968 120 0
2773988201 0 4665120 8 0
2773989983 0 4665128 8 0
2773991673 0 4665144 8 0
2774007747 0 4665136 8 0
2774235270 0 4665184 32 0
2778983542 0 4265744 8 0
2779054594 0 4662568 8 0
2783310359 0 4662656 8 0
2783310978 0 4662664 8 0
2783316012 0 4662672 8 0
2783357897 0 4662680 8 0
2785314778 0 4662688 48 0
2793400041 0 4662784 32 0
2793938558 0 4262320 8 0
2796436922 0 4547816 8 0
2797737171 0 4547832 8 0
2799477907 0 807680 32 0
2799666896 0 807712 136 0
2799771601 0 344344 8 0
2799772414 0 344368 8 0
2799773074 0 344352 8 0
2799809265 0 344360 8 0
2801100333 0 345680 144 0
2813556044 0 344376 224 0
2823461738 0 344600 248 0
2823552874 0 344848 8 0
2824029903 0 345456 224 0
2828685119 0 344856 232 0
2828922812 0 345088 152 0
2829118601 0 345240 24 0
2827981915 0 345264 192 0
2831838696 0 2080 8 0
2831867968 0 962560 8 1
2831898231 0 3932160 8 1
2831916527 0 3932168 8 1
2832107856 0 3932176 8 1
2832108457 0 3932184 8 1
2832108817 0 3932192 8 1
2832109141 0 3932200 8 1
2832109537 0 3932208 8 1
2832109948 0 3932216 8 1
2832110303 0 3932224 8 1
2832110854 0 3932232 8 1
2832111274 0 3932240 8 1
2832111794 0 3932248 8 1
2832115542 0 3932256 8 1
2832115856 0 3932264 8 1
2832116108 0 3932272 8 1
2832116416 0 3932280 8 1
2832116727 0 3932288 8 1
2832117044 0 3932296 8 1
2832117282 0 3932304 8 1
2832117583 0 3932312 8 1
2832117894 0 3932320 8 1
2832118203 0 3932328 8 1
2832118441 0 3932336 8 1
2832118746 0 3932344 8 1
2832119053 0 3932352 8 1
2832119365 0 3932360 8 1
2832119605 0 3932368 8 1
2832119843 0 3932376 8 1
2832120083 0 3932384 8 1
2832120495 0 3932392 8 1
2832120733 0 3932400 8 1
2832121039 0 3932408 8 1
2832121365 0 3932416 8 1
2832124442 0 3932424 8 1
2832124708 0 3932432 8 1
2832125025 0 3932440 8 1
2832125335 0 3932448 8 1
2832125650 0 3932456 8 1
2832125889 0 3932464 8 1
2832126211 0 3932472 8 1
2832126527 0 3932480 8 1
2832126840 0 3932488 8 1
2832127078 0 3932496 8 1
2832127315 0 3932504 8 1
2832127553 0 3932512 8 1
2832127794 0 3932520 8 1
2832128031 0 3932528 8 1
2832128267 0 3932536 8 1
2832128505 0 3932544 8 1
2832128744 0 3932552 8 1
2832128989 0 3932560 8 1
2832129227 0 3932568 8 1
2832129467 0 3932576 8 1
2832129715 0 3932584 8 1
2832132624 0 3932592 8 1
2832132862 0 3932600 8 1
2832133098 0 3932608 8 1
2832133336 0 3932616 8 1
2832133575 0 3932624 8 1
2832133812 0 3932632 8 1
2832134053 0 3932640 8 1
2832134291 0 3932648 8 1
2832134529 0 3932656 8 1
2832134767 0 3932664 8 1
2832135004 0 3932672 8 1
2832135240 0 3932680 8 1
2832135480 0 3932688 8 1
2832135717 0 3932696 8 1
2832135955 0 3932704 8 1
2832136194 0 3932712 8 1
2832136433 0 3932720 8 1
2832136678 0 3932728 8 1
2832136916 0 3932736 8 1
2832137170 0 3932744 8 1
2832137417 0 3932752 8 1
2832139862 0 3932760 8 1
2832140097 0 3932768 8 1
2832140335 0 3932776 8 1
2832140573 0 3932784 8 1
2832140811 0 3932792 8 1
2832141048 0 3932800 8 1
2832141285 0 3932808 8 1
2832141523 0 3932816 8 1
2832141760 0 3932824 8 1
2832141997 0 3932832 8 1
2832142235 0 3932840 8 1
2832142473 0 3932848 8 1
2832142710 0 3932856 8 1
2832142948 0 3932864 8 1
2832143184 0 3932872 8 1
2832143425 0 3932880 8 1
2832143664 0 3932888 8 1
2832143910 0 3932896 8 1
2832144147 0 3932904 8 1
2832144384 0 3932912 8 1
2832144630 0 3932920 8 1
2832147443 0 3932928 8 1
2832147680 0 3932936 8 1
2832147918 0 3932944 8 1
2832148153 0 3932952 8 1
2832148390 0 3932960 8 1
2832148628 0 3932968 8 1
2832148863 0 3932976 8 1
2832149099 0 3932984 8 1
2832149337 0 3932992 8 1
2832149574 0 3933000 8 1
2832149810 0 3933008 8 1
2832150048 0 3933016 8 1
2832150282 0 3933024 8 1
2832150520 0 3933032 8 1
2832150758 0 3933040 8 1
2832150996 0 3933048 8 1
2832151234 0 3933056 8 1
2832151479 0 3933064 8 1
2832151715 0 3933072 8 1
2832495161 0 3933080 8 1
2832499303 0 3933088 8 1
2832503095 0 3933096 8 1
2832506292 0 3933104 8 1
2832509871 0 3933112 8 1
2832513675 0 3933120 8 1
2832517276 0 3933128 8 1
2832520454 0 3933136 8 1
2832523823 0 3933144 8 1
2832527171 0 3933152 8 1
2832530751 0 3933160 8 1
2832533983 0 3933168 8 1
2832537155 0 3933176 8 1
2832540253 0 3933184 8 1
2832543585 0 3933192 8 1
2832546955 0 3933200 8 1
2832550095 0 3933208 8 1
2832553150 0 3933216 8 1
2832557305 0 3933224 8 1
2832607651 0 3933232 8 1
2832613003 0 3933240 8 1
2832616637 0 3933248 8 1
2832620248 0 3933256 8 1
2832623947 0 3933264 8 1
2832630358 0 3933272 8 1
2832636147 0 3933280 8 1
2832642347 0 3933288 8 1
2832647943 0 3933296 8 1
2832653120 0 3933304 8 1
2832658110 0 3933312 8 1
2832663696 0 3933320 8 1
2832668827 0 3933328 8 1
2832674488 0 3933336 8 1
2832679544 0 3933344 8 1
2832684292 0 3933352 8 1
2832689705 0 3933360 8 1
2832696034 0 3933368 8 1
2832701977 0 3933376 8 1
2832707890 0 3933384 8 1
2832713800 0 3933392 8 1
2832720682 0 3933400 8 1
2832726516 0 3933408 8 1
2832732089 0 3933416 8 1
2832738250 0 3933424 8 1
2832744083 0 3933432 8 1
2832749314 0 3933440 8 1
2832811719 0 3933448 8 1
2832817249 0 3933456 8 1
2832821101 0 3933464 8 1
2832824743 0 3933472 8 1
2832828339 0 3933480 8 1
2832831484 0 3933488 8 1
2832834760 0 3933496 8 1
2832838226 0 3933504 8 1
2832873944 0 3933512 8 1
2848387636 0 962560 8 1
2848413141 0 3933520 8 1
2848414372 0 3933528 8 1
2848425854 0 3933536 8 1
2849703730 0 962568 8 1
2849728000 0 3933544 8 1
2849729115 0 3933552 8 1
2849729466 0 3933560 8 1
2849729759 0 3933568 8 1
2849744232 0 3933576 8 1
2852123125 0 962576 8 1
2852169259 0 3933584 8 1
2852170550 0 3933592 8 1
2852170862 0 3933600 8 1
2852171199 0 3933608 8 1
2852171522 0 3933616 8 1
2852172069 0 3933624 8 1
2852172383 0 3933632 8 1
2852172684 0 3933640 8 1
2852195670 0 3933648 8 1
2854124778 0 962576 8 1
2854538220 0 962568 8 1
2854560461 0 3933656 8 1
2854561522 0 3933664 8 1
2854572131 0 3933672 8 1
2858341604 0 962584 8 1
2858374300 0 3933680 8 1
2858375613 0 3933688 8 1
2858375938 0 3933696 8 1
2858376281 0 3933704 8 1
2858376581 0 3933712 8 1
2858376829 0 3933720 8 1
2858377137 0 3933728 8 1
2858377434 0 3933736 8 1
2858399361 0 3933744 8 1
2859653441 0 962584 8 1
2859676148 0 3933752 8 1
2859677239 0 3933760 8 1
2859687145 0 3933768 8 1
2861735008 0 962568 8 1
2861756308 0 3933776 8 1
2861757420 0 3933784 8 1
2861767352 0 3933792 8 1
2863712273 0 4542768 16 0
2865734470 0 4639400 8 0
2872242322 0 4644128 32 0
2872308367 0 4644160 8 0
2872404611 0 4608576 16 0
2873037247 0 4608512 16 0
2873161797 0 4607968 16 0
2873253606 0 4644112 8 0
2873332201 0 4608384 32 0
2873480028 0 4543224 8 0
2873535963 0 4543088 8 0
2873603569 0 4542848 8 0
2873699691 0 4542864 16 0
2873783229 0 4543200 24 0
2958309516 0 2448 8 1
2958321125 0 2520 8 1
2958322261 0 2528 8 1
2958323418 0 2560 8 1
2958324453 0 3128 8 1
2958325301 0 3136 8 1
2958326257 0 3712 8 1
2958327035 0 3728 8 1
2958327644 0 3744 8 1
2958331670 0 7008 8 1
2958332621 0 8112 8 1
2958333388 0 8120 8 1
2958334030 0 8128 8 1
2958334778 0 8136 8 1
2958335816 0 8144 8 1
2958336631 0 8152 8 1
2958337145 0 8160 8 1
2958337770 0 8168 8 1
2958338398 0 8184 8 1
2958339253 0 8192 8 1
2958340241 0 8208 8 1
2958341110 0 8360 8 1
2958342824 0 8392 8 1
2958343554 0 8400 8 1
2958344436 0 8408 8 1
2958344951 0 8416 8 1
2958345532 0 8424 8 1
2958346432 0 8432 8 1
2958347117 0 8440 8 1
2958347868 0 8496 8 1
2958348571 0 8520 8 1
2958349473 0 8552 8 1
2958350122 0 8560 8 1
2958350826 0 8568 8 1
2958351383 0 8576 8 1
2958351995 0 8584 8 1
2958353407 0 8592 8 1
2958354176 0 8600 8 1
2958354937 0 8608 8 1
2958355655 0 8616 8 1
2958356387 0 8712 8 1
2958357338 0 8720 8 1
2958358322 0 8728 8 1
2958359475 0 8752 8 1
2958360409 0 8760 8 1
2958360974 0 8768 8 1
2958361491 0 8776 8 1
2958362299 0 8784 8 1
2958362910 0 8792 8 1
2958363779 0 8800 8 1
2958366964 0 8808 8 1
2958368322 0 8816 8 1
2958369099 0 8824 8 1
2958369755 0 8832 8 1
2958370515 0 8840 8 1
2958375800 0 4194304 8 1
2958376700 0 4194432 8 1
2958378033 0 4194560 8 1
2958378931 0 4194568 8 1
2958379840 0 4194600 8 1
2958382673 0 4194608 8 1
2958383562 0 4194688 8 1
2958384406 0 4194696 8 1
2958385229 0 4194704 8 1
2958385961 0 4194712 8 1
2958387090 0 4194720 8 1
2958388126 0 4194744 8 1
2958388825 0 4194752 8 1
2958389653 0 4194760 8 1
2958390490 0 4194784 8 1
2958391683 0 4194824 8 1
2958392552 0 4196720 8 1
2958393232 0 4196736 8 1
2958394247 0 4196864 8 1
2958396423 0 4196872 8 1
2958397678 0 4196896 8 1
2958398738 0 4196912 8 1
2958399774 0 4196920 8 1
2958400895 0 4196936 8 1
2958401967 0 4197720 8 1
2958402825 0 4198120 8 1
2958403770 0 4198128 8 1
2958404895 0 4198136 8 1
2958406030 0 4198144 8 1
2958406822 0 4198152 8 1
2958407773 0 4198224 8 1
2958408700 0 4198232 8 1
2958409443 0 4198240 8 1
2958411026 0 4198272 8 1
2958411756 0 4198280 8 1
2958412869 0 4198288 8 1
2958413664 0 4198296 8 1
2958414236 0 4198304 8 1
2958415237 0 4198312 8 1
2958416079 0 4198320 8 1
2958416681 0 4198336 8 1
2958417342 0 4198344 8 1
2958418105 0 4198352 8 1
2958418847 0 4198376 8 1
2958423546 0 4198416 8 1
2958424527 0 4198424 8 1
2958426407 0 4198504 8 1
2958427170 0 4198512 8 1
2958428687 0 4198520 8 1
2958429804 0 4198528 8 1
2958430688 0 4198536 8 1
2958431516 0 4198544 8 1
2958433679 0 4198568 8 1
2958434397 0 4198576 8 1
2958436945 0 4198600 8 1
2958438072 0 4198608 8 1
2958438761 0 4198616 8 1
2958439245 0 4198624 8 1
2958440054 0 4198648 8 1
2958441142 0 4198656 8 1
2958441914 0 4198888 8 1
2958442616 0 4198896 8 1
2958443727 0 4198904 8 1
2958444620 0 4198944 8 1
2958445754 0 4198952 8 1
2958446481 0 4198960 8 1
2958447664 0 4198968 8 1
2958448334 0 4198976 8 1
2958449047 0 4198984 8 1
2958449658 0 4198992 8 1
2958450701 0 4199032 8 1
2958451829 0 4199040 8 1
2958452813 0 4199048 8 1
2958453913 0 4199056 8 1
2958454551 0 4199064 8 1
2958455261 0 4199072 8 1
2958455980 0 4199080 8 1
2958456634 0 4199088 8 1
2958457356 0 4199096 8 1
2958458143 0 4199104 8 1
2958459357 0 4199112 8 1
2958459987 0 4199120 8 1
2958460987 0 4199128 8 1
2958461638 0 4199160 8 1
2958462284 0 4199168 8 1
2958463178 0 4199192 8 1
2958463946 0 4199208 8 1
2958464687 0 4199216 8 1
2958465473 0 4199224 8 1
2958466195 0 4199232 8 1
2958466801 0 4199240 8 1
2958467666 0 4199248 8 1
2958517596 0 3933800 8 1
2958518986 0 3933808 8 1
2958519527 0 3933816 8 1
2958519922 0 3933824 8 1
2958520317 0 3933832 8 1
2958520984 0 3933840 8 1
2958521514 0 3933848 8 1
2958522177 0 3933856 8 1
2958522723 0 3933864 8 1
2958523128 0 3933872 8 1
2958523853 0 3933880 8 1
2958524310 0 3933888 8 1
2958524832 0 3933896 8 1
2958525224 0 3933904 8 1
2958525685 0 3933912 8 1
2958525996 0 3933920 8 1
2958526248 0 3933928 8 1
2958527049 0 3933936 8 1
2958527620 0 3933944 8 1
2958528022 0 3933952 8 1
2958764464 0 3933960 8 1
2981697596 0 0 8 1
2981705721 0 8 8 1
2981706519 0 2080 8 1
2981707128 0 2200 8 1
2981707788 0 2312 8 1
2981708744 0 6408 8 1
2981709507 0 11048 8 1
2981710126 0 11056 8 1
2981711075 0 67848 8 1
2981712011 0 68816 8 1
2981712946 0 4198384 8 1
2981713757 0 4198392 8 1
2981714363 0 4198400 8 1
2981715053 0 4198408 8 1
2981716809 0 4198432 8 1
2981717689 0 4198552 8 1
2981718198 0 4198560 8 1
2981718817 0 4198584 8 1
2981719525 0 4198592 8 1
2988376576 0 3932160 8 1
2989720171 0 3932160 8 1
2990198998 0 3932160 8 1
2990840102 0 0 8 1
