0 0 460200 8 0
1427871 0 460080 8 0
3020500 0 68520 8 0
1266874889686381312 0 6408 8 0
1266874889686744576 0 67912 8 0
1266874889686846464 0 6144 8 0
1266874889686854656 0 6152 8 0
1266874889686855680 0 6160 8 0
1266874889686856704 0 6168 8 0
1266874889686858240 0 6176 8 0
1266874889686860544 0 6184 8 0
1266874889686861824 0 6192 8 0
1266874889686862592 0 6200 8 0
1266874889686874880 0 6208 8 0
1266874889686876416 0 6216 8 0
1266874889686877440 0 6224 8 0
1266874889686878464 0 6232 8 0
1266874889686879744 0 6240 8 0
1266874889686880512 0 6248 8 0
1266874889686882304 0 6256 8 0
1266874889686883328 0 6264 8 0
1266874889686884352 0 6272 8 0
1266874889686885888 0 6280 8 0
1266874889686886912 0 6288 8 0
1266874889686888960 0 6296 8 0
1266874889686890240 0 6304 8 0
1266874889686891520 0 6312 8 0
1266874889686893056 0 6328 8 0
1266874889686893312 0 6320 8 0
1266874889693748736 0 4195072 8 0
1266874889693754368 0 4195080 8 0
1266874889693755904 0 4195088 8 0
1266874889693758720 0 4195096 8 0
1266874889693763840 0 4195104 8 0
1266874889693765120 0 4195112 8 0
1266874889693766656 0 4195120 8 0
1266874889693767680 0 4195128 8 0
1266874889693770496 0 4195136 8 0
1266874889693771776 0 4195144 8 0
1266874889693773312 0 4195152 8 0
1266874889693775104 0 4195160 8 0
1266874889693776640 0 4195168 8 0
1266874889693777920 0 4195176 8 0
1266874889693779456 0 4195184 8 0
1266874889693791744 0 4195192 8 0
1266874889693793536 0 4195200 8 0
1266874889693795328 0 4195208 8 0
1266874889693796352 0 4195216 8 0
1266874889693797888 0 4195224 8 0
1266874889693799168 0 4195232 8 0
1266874889693800448 0 4195240 8 0
1266874889693802240 0 4195248 8 0
1266874889693803264 0 4195256 8 0
1266874889693804544 0 4195264 8 0
1266874889693805824 0 4195280 8 0
1266874889693806336 0 4195272 8 0
19283460 0 69184 8 0
21560434 0 69144 8 0
30704407 0 69216 8 0
32094421 0 68528 8 0
33356304 0 5888 8 0
33363155 0 5896 8 0
33368188 0 5904 8 0
33372704 0 5912 8 0
33377116 0 5920 8 0
33381152 0 5928 8 0
33385529 0 5936 8 0
33389586 0 5944 8 0
33394569 0 5952 8 0
33398448 0 5960 8 0
33404420 0 5968 8 0
33408445 0 5976 8 0
33412375 0 5984 8 0
33417303 0 5992 8 0
33421463 0 6000 8 0
33425185 0 6008 8 0
33429391 0 6016 8 0
33434228 0 6024 8 0
33438544 0 6032 8 0
33442610 0 6040 8 0
33447429 0 6056 8 0
33451472 0 6064 8 0
33456328 0 6072 8 0
33460470 0 6080 8 0
33464975 0 6088 8 0
34155822 0 6096 8 0
34157106 0 6104 8 0
34158634 0 6112 8 0
34159719 0 6120 8 0
34160829 0 6128 8 0
34161867 0 6136 8 0
34162969 0 6048 8 0
38854332 0 475136 32 0
10950451 0 2816 8 0
11014050 0 2824 8 0
11020121 0 2832 8 0
11021358 0 2840 8 0
11022380 0 2848 8 0
11023429 0 2856 8 0
11024426 0 2864 8 0
11025643 0 2872 8 0
11026860 0 2888 8 0
11027837 0 2896 8 0
11028971 0 2904 8 0
11030300 0 2912 8 0
11031630 0 2920 8 0
11033635 0 2928 8 0
11035187 0 2936 8 0
11036484 0 2944 8 0
11037731 0 2952 8 0
11039112 0 2960 8 0
11040132 0 2968 8 0
11041263 0 2976 8 0
11042288 0 2984 8 0
11043257 0 2992 8 0
11044342 0 3000 8 0
11045785 0 3008 8 0
11047195 0 3016 8 0
11048400 0 3024 8 0
11049631 0 3032 8 0
11051738 0 3040 8 0
11053071 0 3048 8 0
11054994 0 3056 8 0
11056285 0 3064 8 0
11058012 0 3072 8 0
11058899 0 2880 8 0
11318383 0 69136 8 0
107012414 0 68424 8 0
109214998 0 4260120 8 0
112858219 0 4194832 8 0
112873333 0 4194840 8 0
112874648 0 4194848 8 0
112876136 0 4194856 8 0
112877574 0 4194864 8 0
112878734 0 4194872 8 0
112880034 0 4194880 8 0
112881391 0 4194888 8 0
112882685 0 4194896 8 0
112883908 0 4194904 8 0
112886623 0 4194912 8 0
112887958 0 4194920 8 0
112889251 0 4194928 8 0
112890523 0 4194936 8 0
112891954 0 4194944 8 0
112893346 0 4194952 8 0
112894822 0 4194960 8 0
112895843 0 4194968 8 0
112897427 0 4194976 8 0
112898884 0 4194984 8 0
112900670 0 4194992 8 0
112902208 0 4195000 8 0
112903526 0 4195008 8 0
112904935 0 4195016 8 0
112907351 0 4195024 8 0
112909130 0 4195032 8 0
112910892 0 4195040 8 0
112912815 0 4195048 8 0
112914974 0 4195056 8 0
112916515 0 4195064 8 0
112917619 0 4194824 8 0
112976849 0 4260496 8 0
115757519 0 4500752 32 0
122150102 0 539528 144 0
137385023 0 4500888 144 0
145462253 0 4500784 104 0
145737609 0 476408 248 0
145746284 0 476656 8 0
173476986 0 460160 24 0
182243104 0 4520704 32 0
188120834 0 4520904 136 0
205445418 0 4521280 32 0
205525356 0 4521360 136 0
205590900 0 4521312 48 0
205616700 0 2576 8 0
205621422 0 2584 8 0
205624278 0 2592 8 0
205625659 0 2600 8 0
205627152 0 2608 8 0
205628911 0 2616 8 0
205630245 0 2624 8 0
205632006 0 2632 8 0
205637061 0 2648 8 0
205638374 0 2656 8 0
205639560 0 2664 8 0
205640968 0 2672 8 0
205642193 0 2680 8 0
205643401 0 2688 8 0
205644359 0 2696 8 0
205645658 0 2704 8 0
205647610 0 2712 8 0
205648812 0 2720 8 0
205650220 0 2728 8 0
205651413 0 2736 8 0
205652512 0 2744 8 0
205653587 0 2752 8 0
205654561 0 2760 8 0
205655544 0 2768 8 0
205657011 0 2776 8 0
205658174 0 2784 8 0
205659337 0 2792 8 0
205660292 0 2800 8 0
205661253 0 2808 8 0
205662312 0 2640 8 0
205714082 0 68552 8 0
209754433 0 68832 8 0
212762159 0 466000 32 0
217720252 0 466792 136 0
223646633 0 466032 224 0
231047559 0 461968 32 0
237835426 0 465864 136 0
249923395 0 462200 248 0
249930300 0 462448 8 0
260661217 0 580128 32 0
272557774 0 582504 136 0
282936164 0 580504 248 0
282944445 0 580752 8 0
294299223 0 570216 32 0
302454375 0 574312 136 0
310428554 0 571048 248 0
310437903 0 571296 8 0
324628397 0 574448 32 0
324715330 0 577336 136 0
337612199 0 574728 248 0
337620520 0 574976 8 0
337716910 0 507904 32 0
344210583 0 570080 136 0
350258034 0 4516544 32 0
354495016 0 4516576 32 0
357046579 0 4506976 32 0
361601232 0 401696 32 0
365908396 0 403528 144 0
372130965 0 402104 248 0
372139718 0 402352 8 0
381522106 0 4510296 32 0
386729259 0 4512216 136 0
392654142 0 4510328 224 0
398257867 0 4507632 32 0
404798575 0 4507672 136 0
410027142 0 4507664 8 0
410069565 0 4515520 32 0
418391383 0 4515584 208 0
425973869 0 4515552 32 0
426360685 0 4502152 32 0
426449541 0 4505384 152 0
446924636 0 4520736 168 0
446968932 0 4502200 248 0
446969596 0 4502448 8 0
449469632 0 472840 32 0
455936024 0 473120 136 0
461032319 0 472872 248 0
461091821 0 473856 32 0
466755741 0 473960 136 0
466894007 0 540312 32 0
470897258 0 540504 136 0
475977370 0 582640 32 0
476060633 0 583272 136 0
482662460 0 582672 224 0
482814646 0 470360 32 0
487672735 0 470816 136 0
493051869 0 470392 224 0
497343988 0 577472 32 0
497430657 0 579032 136 0
506440480 0 577504 224 0
506627734 0 473256 32 0
506709382 0 473504 136 0
506805515 0 473288 216 0
506853717 0 4505952 32 0
507055119 0 473736 32 0
507135290 0 473768 88 0
507232330 0 539672 32 0
507330728 0 540176 136 0
522809701 0 539704 224 0
522902392 0 468064 32 0
534066795 0 470216 144 0
539266893 0 468096 240 0
544257741 0 470952 32 0
544300593 0 471192 136 0
544351865 0 470984 208 0
544505794 0 579168 32 0
544544558 0 579432 136 0
544615756 0 467008 32 0
544658593 0 467920 144 0
554384331 0 467040 224 0
554488923 0 4507808 32 0
554532255 0 4509480 136 0
559723007 0 473640 32 0
559758662 0 473672 64 0
559813130 0 4529760 32 0
564400205 0 4516376 32 0
564461042 0 4516408 136 0
564572365 0 474096 32 0
564634754 0 474184 136 0
564705232 0 474128 56 0
564755593 0 579568 32 0
564805008 0 579992 136 0
569691682 0 474320 32 0
569733720 0 474352 128 0
569805552 0 4509616 32 0
569838124 0 4509648 112 0
569945611 0 466944 32 0
570034775 0 466976 32 0
570091563 0 480712 248 0
570121969 0 480960 8 0
579657956 0 4502456 248 0
579701148 0 4502704 8 0
579738311 0 475168 224 0
580207412 0 475392 152 0
580255066 0 476088 248 0
580297774 0 476336 8 0
580322869 0 462000 200 0
580418705 0 570248 248 0
580419351 0 570496 8 0
580435370 0 401728 248 0
580435956 0 401976 8 0
580439520 0 4502184 16 0
580460241 0 4510552 248 0
580460654 0 4510800 8 0
603860227 0 475816 248 0
603902775 0 476064 8 0
603930512 0 574480 248 0
604117770 0 574984 8 0
604169389 0 476344 64 0
604211151 0 475632 184 0
604259780 0 476072 16 0
604302527 0 580160 248 0
604581300 0 580408 8 0
604648715 0 4503088 248 0
604706017 0 4503336 8 0
625362969 0 4503368 248 0
625481233 0 4503616 8 0
629471683 0 4504840 248 0
629476797 0 4505088 8 0
642131094 0 4504288 248 0
642174723 0 4504536 8 0
642353728 0 579600 224 0
649558792 0 579824 168 0
649667289 0 467264 248 0
649668411 0 467512 8 0
649692911 0 401984 120 0
649709466 0 580416 88 0
649722233 0 475544 88 0
650196861 0 4503968 248 0
650232450 0 4504216 8 0
650280075 0 570504 248 0
650319312 0 570752 8 0
650401165 0 462456 56 0
650456058 0 4507840 224 0
650528820 0 4508064 248 0
650568516 0 4508312 8 0
650906198 0 577728 248 0
650944237 0 577976 8 0
651006488 0 579200 224 0
651690585 0 579424 8 0
651842625 0 468336 248 0
651880885 0 468584 8 0
651998088 0 468592 248 0
652089167 0 468840 8 0
652195442 0 539928 248 0
652744222 0 577984 248 0
652794251 0 578232 8 0
652835416 0 470616 200 0
652956741 0 465512 248 0
652988957 0 465760 8 0
704567741 0 462512 248 0
704609608 0 462760 8 0
704638939 0 465768 96 0
704694057 0 462768 248 0
704918828 0 463016 8 0
705186379 0 463024 248 0
705223631 0 463272 8 0
705293959 0 582896 248 0
705332162 0 583144 8 0
705373982 0 540344 160 0
705949776 0 473888 72 0
706166484 0 402360 248 0
706205920 0 402608 8 0
706582926 0 402616 248 0
706902024 0 402864 8 0
707108757 0 577192 144 0
755959403 0 574992 248 0
756125951 0 575240 8 0
756168509 0 575248 248 0
756208180 0 575496 8 0
756399825 0 571304 248 0
756438803 0 571552 8 0
756475355 0 571560 248 0
756679996 0 571808 8 0
756805436 0 570760 160 0
756864181 0 570920 128 0
757321456 0 580760 168 0
803532326 0 505248 128 0
757755052 0 580928 248 0
757793048 0 581176 8 0
757962029 0 466256 248 0
757999717 0 466504 8 0
758341651 0 403136 248 0
758380597 0 403384 8 0
758513118 0 4503800 168 0
758721954 0 501000 248 0
758763939 0 501248 8 0
775786208 0 501272 248 0
775819463 0 501520 8 0
775854344 0 535224 248 0
775896336 0 535472 8 0
787585657 0 4503624 136 0
787641165 0 4505096 248 0
787683306 0 4505344 8 0
787739369 0 4504680 160 0
787803914 0 501256 16 0
788212891 0 469784 248 0
788264380 0 470032 8 0
788451218 0 4504544 136 0
789902048 0 469400 248 0
789944301 0 469648 8 0
790050737 0 464712 248 0
790091616 0 464960 8 0
790261355 0 582032 248 0
790314219 0 582280 8 0
790348753 0 581384 248 0
790388981 0 581632 8 0
790428674 0 581824 208 0
790486992 0 581240 144 0
790639390 0 481016 248 0
790681242 0 481264 8 0
790714905 0 581640 144 0
790797314 0 581784 40 0
790956872 0 402872 248 0
791082427 0 504224 248 0
791127191 0 504472 8 0
798962661 0 504784 248 0
799170821 0 505032 8 0
801050885 0 504480 248 0
801084056 0 504728 8 0
801104109 0 504736 48 0
801159881 0 505040 208 0
801231987 0 505680 248 0
801237129 0 505928 8 0
807702061 0 505376 248 0
807822114 0 505624 8 0
807853048 0 505632 48 0
807911996 0 505936 208 0
808049038 0 506464 248 0
808082431 0 506712 8 0
808202345 0 506144 128 0
808245693 0 506272 192 0
808288084 0 506720 64 0
808436974 0 506784 232 0
810865280 0 507016 168 0
810918528 0 507184 248 0
810950803 0 507432 8 0
811137310 0 507440 248 0
811211974 0 507688 8 0
811917134 0 507696 208 0
812026915 0 524288 48 0
812094668 0 524336 248 0
812095608 0 524584 8 0
836314668 0 524592 248 0
836356555 0 524840 8 0
836432640 0 524848 248 0
836597003 0 525096 8 0
838994127 0 525104 248 0
839027806 0 525352 8 0
839152509 0 525360 248 0
839173084 0 525608 8 0
839290158 0 525616 248 0
839291174 0 525864 8 0
841202708 0 501528 160 0
841430411 0 501688 248 0
841477929 0 501936 8 0
841582852 0 526008 248 0
841589545 0 526256 8 0
843405048 0 525872 136 0
843939543 0 526264 120 0
844103534 0 501944 248 0
844149210 0 502192 8 0
844241118 0 526384 248 0
844261595 0 526632 8 0
845670931 0 526640 248 0
845705284 0 526888 8 0
845825118 0 502200 248 0
845869388 0 502448 8 0
846007216 0 502456 248 0
846052686 0 502704 8 0
846156619 0 526896 248 0
846157265 0 527144 8 0
846202107 0 502712 248 0
846202891 0 502960 8 0
854689055 0 502968 248 0
854724508 0 503216 8 0
854775527 0 527152 248 0
854811127 0 527400 8 0
854915686 0 503224 248 0
854950544 0 503472 8 0
855005983 0 527408 248 0
855084406 0 527656 8 0
855125571 0 503480 144 0
855278185 0 503624 136 0
863356694 0 503760 248 0
863401145 0 504008 8 0
863560502 0 527664 248 0
863684639 0 527912 8 0
863764233 0 504016 208 0
865425877 0 481352 248 0
866230931 0 481600 8 0
866370496 0 4503760 40 0
866465014 0 481272 80 0
866953585 0 531824 248 0
866964437 0 532072 8 0
874870246 0 484232 248 0
874880386 0 484480 8 0
877122132 0 480968 48 0
877170388 0 527920 248 0
878114746 0 528168 8 0
878252331 0 532160 248 0
878262196 0 532408 8 0
906417468 0 531104 248 0
906515964 0 531352 8 0
906542285 0 530216 248 0
906584960 0 530464 8 0
906606256 0 531360 128 0
906707458 0 529352 248 0
906751552 0 529600 8 0
906774488 0 531488 168 0
906871121 0 482408 248 0
906913394 0 482656 8 0
906955750 0 482840 248 0
906996876 0 483088 8 0
907082971 0 483432 248 0
907122945 0 483680 8 0
907159002 0 528200 248 0
907256747 0 528448 8 0
907279615 0 531656 168 0
907350530 0 483872 248 0
907824765 0 484120 8 0
908173533 0 486456 248 0
908180005 0 486704 8 0
908289307 0 487368 248 0
908294806 0 487616 8 0
908383974 0 485328 248 0
908389036 0 485576 8 0
908490384 0 530472 176 0
908573428 0 532416 248 0
908578245 0 532664 8 0
908610120 0 529104 248 0
908697904 0 532080 80 0
908900402 0 491288 248 0
908909292 0 491536 8 0
931254943 0 485664 248 0
931262512 0 485912 8 0
931405005 0 485584 80 0
931460337 0 487624 240 0
931719921 0 488824 248 0
931724322 0 489072 8 0
931830391 0 489080 184 0
932376671 0 485160 168 0
932473147 0 489288 248 0
932478650 0 489536 8 0
932575931 0 489544 176 0
932728455 0 483688 136 0
932812380 0 482664 176 0
932966603 0 489984 248 0
932972156 0 490232 8 0
933116297 0 489816 168 0
933203000 0 4502936 152 0
933335819 0 4502712 128 0
933481782 0 483824 48 0
933680464 0 488512 248 0
933687522 0 488760 8 0
933801708 0 4504224 64 0
934027650 0 4260512 8 0
971432381 0 68472 8 0
973742079 0 265272 8 0
975193414 0 4513968 32 0
975274207 0 4514000 64 0
975396601 0 264648 8 0
977155988 0 4513920 32 0
977255785 0 4513952 16 0
998752989 0 403392 136 0
998803336 0 535768 248 0
998804277 0 536016 8 0
998958032 0 535512 248 0
998967540 0 535760 8 0
999068992 0 535480 32 0
999148296 0 536464 248 0
999154474 0 536712 8 0
999260702 0 539168 248 0
999266660 0 539416 8 0
1006323676 0 265168 8 0
1010423337 0 491128 160 0
1012156639 0 485920 224 0
1024447678 0 4459304 32 0
1028040962 0 4459416 136 0
1036191187 0 4459336 80 0
1036855700 0 68488 8 0
1022558044 0 4260104 8 0
1019341383 0 530648 176 0
1055689390 0 4474240 32 0
1100972025 0 486888 248 0
1100980521 0 487136 8 0
1101052654 0 487144 24 0
1059441475 0 4474272 32 0
1066971675 0 484640 248 0
1066976873 0 484888 8 0
1067104792 0 487168 200 0
1067176119 0 489264 24 0
1108140286 0 490400 248 0
1108148499 0 490648 8 0
1108254380 0 487896 248 0
1108260749 0 488144 8 0
1108380714 0 486144 208 0
1133616633 0 490240 152 0
1137410854 0 489720 96 0
1137903272 0 484128 104 0
1138390992 0 488344 168 0
1138507528 0 488152 192 0
1141231882 0 490720 248 0
1141240026 0 490968 8 0
1142424524 0 490656 64 0
1142622493 0 485016 144 0
1142747379 0 490392 8 0
1143817126 0 530824 248 0
1143822480 0 531072 8 0
1143879460 0 486352 104 0
1148793018 0 528872 232 0
1135600315 0 4500928 8 0
1135613161 0 4500976 8 0
1135620419 0 4500992 40 0
1148981333 0 466576 216 0
1149091999 0 463752 248 0
1149095472 0 464000 8 0
1149267800 0 463608 144 0
1149350654 0 464008 128 0
1149459973 0 464968 224 0
1149719133 0 463280 248 0
1149725771 0 463528 8 0
1150052863 0 464264 248 0
1150057134 0 464512 8 0
1150310484 0 464520 192 0
1150474862 0 463536 72 0
1151107494 0 583152 120 0
1151340970 0 464136 128 0
1151647036 0 465192 248 0
1151651653 0 465440 8 0
1151688384 0 5888 8 0
1151689984 0 5896 8 0
1151691186 0 5904 8 0
1151692564 0 5912 8 0
1151693662 0 5920 8 0
1151694702 0 5928 8 0
1151695786 0 5936 8 0
1151699894 0 5944 8 0
1151701005 0 5952 8 0
1151701907 0 5960 8 0
1151702814 0 5968 8 0
1151704667 0 5976 8 0
1151705972 0 5984 8 0
1151707144 0 5992 8 0
1151708422 0 6000 8 0
1151709603 0 6008 8 0
1151710639 0 6016 8 0
1151715591 0 6024 8 0
1151716839 0 6032 8 0
1151717950 0 6040 8 0
1151724224 0 6056 8 0
1151779456 0 75368 8 0
1155682156 0 5632 8 0
1155691831 0 5640 8 0
1155693718 0 5648 8 0
1155697174 0 5656 8 0
1155699123 0 5664 8 0
1155701277 0 5672 8 0
1155703143 0 5680 8 0
1155705583 0 5688 8 0
1155707399 0 5696 8 0
1155709512 0 5704 8 0
1155711458 0 5712 8 0
1155713015 0 5720 8 0
1155715191 0 5728 8 0
1155717505 0 5736 8 0
1155719337 0 5744 8 0
1155721195 0 5752 8 0
1155725552 0 5760 8 0
1155728575 0 5768 8 0
1155730643 0 5776 8 0
1155732327 0 5784 8 0
1155734759 0 5800 8 0
1155736685 0 5808 8 0
1155738623 0 5816 8 0
1155740534 0 5824 8 0
1155742746 0 5832 8 0
1155744080 0 5840 8 0
1155745737 0 5848 8 0
1155747114 0 5856 8 0
1155748583 0 5864 8 0
1155750029 0 5872 8 0
1155751170 0 5880 8 0
1155752049 0 5792 8 0
1155780226 0 74064 8 0
1158157654 0 460776 24 0
1162716371 0 466512 64 0
1163228933 0 4502840 96 0
1219634176 0 3932160 8 1
1219662622 0 3932168 8 1
1219696676 0 3932176 8 1
1219697047 0 3932184 8 1
1219697410 0 3932192 8 1
1219697860 0 3932200 8 1
1219698369 0 3932208 8 1
1219698862 0 3932216 8 1
1219699362 0 3932224 8 1
1219699694 0 3932232 8 1
1219700194 0 3932240 8 1
1219700593 0 3932248 8 1
1219701029 0 3932256 8 1
1219701405 0 3932264 8 1
1219701737 0 3932272 8 1
1219702103 0 3932280 8 1
1219702698 0 3932288 8 1
1219703235 0 3932296 8 1
1219703747 0 3932304 8 1
1219704178 0 3932312 8 1
1219704507 0 3932320 8 1
1219704864 0 3932328 8 1
1219705106 0 3932336 8 1
1219705430 0 3932344 8 1
1219705668 0 3932352 8 1
1219705906 0 3932360 8 1
1219706146 0 3932368 8 1
1219706392 0 3932376 8 1
1219707002 0 3932384 8 1
1219707414 0 3932392 8 1
1219707765 0 3932400 8 1
1219708102 0 3932408 8 1
1219708423 0 3932416 8 1
1219708664 0 3932424 8 1
1219708899 0 3932432 8 1
1219794782 0 3932440 8 1
1225686690 0 0 8 1
1225695482 0 8 8 1
1225700420 0 2312 8 1
1225705371 0 2352 8 1
1225709896 0 2384 8 1
1225714234 0 2392 8 1
1225718422 0 2408 8 1
1225722955 0 2472 8 1
1225727396 0 2840 8 1
1225731935 0 6048 8 1
1225736527 0 6056 8 1
1225740693 0 6064 8 1
1225744768 0 6072 8 1
1225748693 0 6080 8 1
1225755379 0 6088 8 1
1225760356 0 67848 8 1
1225764952 0 4194304 8 1
1225769826 0 4194432 8 1
1225774109 0 4194560 8 1
1225778524 0 4194584 8 1
1225783296 0 4194600 8 1
1225787658 0 4194832 8 1
1225792200 0 4194840 8 1
1225796151 0 4194848 8 1
1225800278 0 4194856 8 1
1225804487 0 4194864 8 1
1225808474 0 4194872 8 1
1225812349 0 4194880 8 1
1225817879 0 4194888 8 1
1225821899 0 4195200 8 1
1225826180 0 4195272 8 1
1225831221 0 4260096 8 1
1232642640 0 3932160 8 1
1234426486 0 3932160 8 1
1235468750 0 0 8 1
