0 0 67848 8 0
115191 0 6416 8 0
120942 0 6424 8 0
122471 0 6432 8 0
123953 0 6440 8 0
125308 0 6448 8 0
126561 0 6456 8 0
127782 0 6464 8 0
128913 0 6472 8 0
129956 0 6480 8 0
131053 0 6488 8 0
132172 0 6496 8 0
133205 0 6504 8 0
135082 0 6512 8 0
136343 0 6520 8 0
137586 0 6528 8 0
138989 0 6536 8 0
140146 0 6544 8 0
141340 0 6552 8 0
142431 0 6560 8 0
143484 0 6568 8 0
144733 0 6576 8 0
146167 0 6584 8 0
147319 0 6592 8 0
148468 0 6600 8 0
149564 0 6608 8 0
150659 0 6616 8 0
152320 0 6624 8 0
153326 0 6632 8 0
154267 0 6640 8 0
155270 0 6648 8 0
158737 0 6656 8 0
159891 0 6664 8 0
160905 0 6408 8 0
9292578 0 67912 8 0
9394724 0 15104 8 0
9405187 0 15112 8 0
9406464 0 15120 8 0
9407734 0 15128 8 0
9408853 0 15136 8 0
9409849 0 15144 8 0
9410761 0 15152 8 0
9412204 0 15160 8 0
9413398 0 15168 8 0
9415094 0 15176 8 0
9418977 0 15184 8 0
9420140 0 15192 8 0
9421281 0 15200 8 0
9422602 0 15208 8 0
9423738 0 15216 8 0
9425677 0 15224 8 0
9426808 0 15232 8 0
9427961 0 15240 8 0
9429090 0 15248 8 0
9430057 0 15256 8 0
9431624 0 15264 8 0
9432760 0 15272 8 0
9434127 0 15280 8 0
9435291 0 15288 8 0
9436476 0 15296 8 0
9437976 0 15312 8 0
9438498 0 15304 8 0
18258754 0 4194432 8 0
19640427 0 4194568 8 0
19649179 0 4194576 8 0
19650342 0 4194584 8 0
19651625 0 4194592 8 0
19652808 0 4194600 8 0
19653811 0 4194608 8 0
19654924 0 4194616 8 0
19655961 0 4194624 8 0
19657186 0 4194632 8 0
19658142 0 4194640 8 0
19660387 0 4194648 8 0
19661385 0 4194656 8 0
19662490 0 4194664 8 0
19663387 0 4194672 8 0
19664307 0 4194680 8 0
19665349 0 4194688 8 0
19666457 0 4194696 8 0
19667626 0 4194704 8 0
19668650 0 4194712 8 0
19669706 0 4194720 8 0
19670735 0 4194728 8 0
19671644 0 4194736 8 0
19672748 0 4194744 8 0
19673847 0 4194752 8 0
19675842 0 4194760 8 0
19676914 0 4194768 8 0
19677962 0 4194776 8 0
19679102 0 4194784 8 0
19680257 0 4194792 8 0
19681259 0 4194800 8 0
19682460 0 4194808 8 0
19683846 0 4194816 8 0
19684431 0 4194560 8 0
37199876 0 4194304 8 0
68938044 0 2816 8 0
68944076 0 2824 8 0
68945451 0 2832 8 0
68946600 0 2840 8 0
68948183 0 2848 8 0
68950130 0 2856 8 0
68951285 0 2864 8 0
68952429 0 2872 8 0
68953909 0 2888 8 0
68957148 0 2896 8 0
68958396 0 2904 8 0
68959610 0 2912 8 0
68960876 0 2920 8 0
68962407 0 2928 8 0
68963709 0 2936 8 0
68965170 0 2944 8 0
68966692 0 2952 8 0
68968234 0 2960 8 0
68969493 0 2968 8 0
68970840 0 2976 8 0
69012470 0 2984 8 0
69018478 0 2992 8 0
69021668 0 3000 8 0
69024011 0 3008 8 0
69025635 0 3016 8 0
69026868 0 3024 8 0
69028490 0 3032 8 0
69029685 0 3040 8 0
69031037 0 3048 8 0
69032454 0 3056 8 0
69034083 0 3064 8 0
69035582 0 3072 8 0
69036053 0 2880 8 0
69247565 0 69136 8 0
76019314 0 83784 8 0
80471988 0 83792 8 0
82001605 0 69184 8 0
83688582 0 69144 8 0
85238969 0 69216 8 0
86438095 0 68528 8 0
87635958 0 78664 8 0
88989941 0 68488 8 0
90250772 0 4260104 8 0
63966269 0 703416 8 0
65676266 0 703208 8 0
67266522 0 68520 8 0
91606029 0 4459304 32 0
94575145 0 68424 8 0
98396339 0 4260120 8 0
99634860 0 4194832 8 0
99642214 0 4194840 8 0
99643390 0 4194848 8 0
99644648 0 4194856 8 0
99645778 0 4194864 8 0
99646916 0 4194872 8 0
99648128 0 4194880 8 0
99649334 0 4194888 8 0
99650435 0 4194896 8 0
99651411 0 4194904 8 0
99652372 0 4194912 8 0
99653421 0 4194920 8 0
99654553 0 4194928 8 0
99656518 0 4194936 8 0
99657644 0 4194944 8 0
99658752 0 4194952 8 0
99659823 0 4194960 8 0
99661083 0 4194968 8 0
99662479 0 4194976 8 0
99664141 0 4194984 8 0
99665480 0 4194992 8 0
99666786 0 4195000 8 0
99668075 0 4195008 8 0
99669215 0 4195016 8 0
99670757 0 4195024 8 0
99672063 0 4195032 8 0
99673603 0 4195040 8 0
99675600 0 4195048 8 0
99676837 0 4195056 8 0
99678046 0 4195064 8 0
99679208 0 4195072 8 0
99679707 0 4194824 8 0
99723631 0 4260496 8 0
101084773 0 4513344 32 0
104337599 0 4459416 136 0
108957234 0 4513480 144 0
114878505 0 4513376 104 0
115074136 0 1417792 64 0
127655731 0 4514816 32 0
127705053 0 4518048 152 0
134545716 0 4514864 248 0
134585617 0 4515112 8 0
134607203 0 4459336 80 0
134918025 0 4515120 248 0
135083914 0 4515368 8 0
135103842 0 4514848 16 0
135149215 0 4515752 248 0
135174552 0 4516000 8 0
147938310 0 4516032 248 0
147972932 0 4516280 8 0
147998693 0 4517504 248 0
148006027 0 4517752 8 0
169413919 0 1425408 32 0
172342838 0 1431120 248 0
172387677 0 1431368 8 0
180437298 0 1425440 224 0
187018180 0 69176 8 0
191999130 0 4593632 32 0
195119069 0 4593696 208 0
158704290 0 4516952 248 0
158737935 0 4517200 8 0
158847952 0 4516520 248 0
158881945 0 4516768 8 0
159003928 0 4516288 128 0
159096966 0 4515376 128 0
159153261 0 4517344 160 0
162060035 0 4517208 136 0
162146363 0 14336 8 0
162189730 0 14344 8 0
162191928 0 14352 8 0
162193593 0 14360 8 0
162196499 0 14368 8 0
162198148 0 14376 8 0
162199395 0 14384 8 0
162200787 0 14392 8 0
162202357 0 14400 8 0
162203721 0 14408 8 0
162205335 0 14416 8 0
162206791 0 14424 8 0
162208163 0 14432 8 0
162209441 0 14440 8 0
162211133 0 14448 8 0
162212724 0 14456 8 0
162214185 0 14464 8 0
162215372 0 14472 8 0
162217687 0 14480 8 0
162219388 0 14488 8 0
162221486 0 14496 8 0
162223013 0 14504 8 0
162224392 0 14512 8 0
162225796 0 14520 8 0
162227388 0 14528 8 0
162228640 0 14536 8 0
162229991 0 14544 8 0
162231400 0 14552 8 0
162232866 0 14560 8 0
162234158 0 14576 8 0
162235549 0 14584 8 0
162236787 0 14592 8 0
162237544 0 14568 8 0
202987959 0 4593664 32 0
203494316 0 4514272 32 0
203582522 0 4518576 32 0
203632842 0 4518608 40 0
203686034 0 4589472 32 0
222161805 0 4591392 136 0
227717284 0 4589504 224 0
233711048 0 1425664 248 0
233754898 0 1425912 8 0
233782126 0 4589728 248 0
233814363 0 4589976 8 0
234023623 0 1425920 248 0
234298163 0 1426168 8 0
234495474 0 1429528 248 0
234529649 0 1429776 8 0
252678950 0 1429784 192 0
252739315 0 1427168 248 0
252943580 0 1427416 8 0
253073616 0 1428432 248 0
253112233 0 1428680 8 0
253146554 0 4515536 216 0
253313110 0 4515504 32 0
253429300 0 1426432 248 0
253494367 0 1426680 8 0
253529015 0 1426176 248 0
253569051 0 1426424 8 0
253623245 0 1428104 248 0
253660059 0 1428352 8 0
253919108 0 1428688 184 0
253971546 0 1427472 248 0
254006923 0 1427720 8 0
254067708 0 1426688 184 0
254148857 0 1428872 160 0
254215299 0 1429112 248 0
254252558 0 1429360 8 0
254288148 0 1427752 248 0
254326877 0 1428000 8 0
254351477 0 1427424 48 0
254375246 0 1429368 136 0
257223724 0 1429976 248 0
257269415 0 1430224 8 0
257327684 0 1426936 232 0
257410114 0 1428360 72 0
257508999 0 1429032 80 0
257644745 0 1429504 24 0
257802131 0 1428008 96 0
260355165 0 1426872 64 0
260643818 0 82560 8 0
295057593 0 83680 8 0
296441350 0 83688 8 0
297927308 0 83696 8 0
297996364 0 83704 8 0
298007742 0 83712 8 0
298022945 0 83720 8 0
300202875 0 82568 8 0
302280783 0 14848 8 0
302288523 0 14856 8 0
302293359 0 14864 8 0
302297794 0 14872 8 0
302302102 0 14880 8 0
302306441 0 14888 8 0
302310510 0 14896 8 0
302314375 0 14904 8 0
302318346 0 14912 8 0
302322123 0 14920 8 0
302326973 0 14928 8 0
302331182 0 14936 8 0
302335653 0 14944 8 0
302339409 0 14952 8 0
302344287 0 14960 8 0
302348387 0 14968 8 0
302352418 0 14976 8 0
302356438 0 14984 8 0
302360563 0 14992 8 0
302364515 0 15000 8 0
302368875 0 15008 8 0
302373302 0 15024 8 0
302377248 0 15032 8 0
302382237 0 15040 8 0
302386876 0 15048 8 0
302390969 0 15056 8 0
302394916 0 15064 8 0
302399206 0 15072 8 0
302403086 0 15080 8 0
302409225 0 15088 8 0
302413704 0 15096 8 0
302417498 0 15016 8 0
302807726 0 83248 8 0
309506692 0 83264 8 0
312911558 0 1568936 32 0
321065213 0 1568968 64 0
321601640 0 83272 8 0
324752141 0 1587128 32 0
329263467 0 1587160 40 0
329493023 0 1430232 248 0
329494092 0 1430480 8 0
329765142 0 1560952 8 0
336624315 0 1430536 248 0
336668349 0 1430784 8 0
336956157 0 1560384 32 0
340292323 0 1560416 32 0
343943989 0 1592008 24 0
350867159 0 1609696 32 0
353672540 0 1609728 64 0
353866875 0 83088 8 0
358853094 0 1558616 8 0
360471569 0 1558672 16 0
363512550 0 1558712 8 0
368821738 0 1558776 8 0
369326706 0 1559904 32 0
372523629 0 1559936 64 0
372814985 0 1560000 56 0
381219532 0 1560336 24 0
382619617 0 1559344 16 0
385161444 0 1559184 16 0
386092272 0 1558160 16 0
389444962 0 1560096 8 0
389982659 0 83184 8 0
391215463 0 1560296 8 0
391444515 0 265168 8 0
392935421 0 1427728 24 0
393000134 0 1430488 48 0
393438315 0 1558784 16 0
394378457 0 83344 8 0
394394266 0 83352 8 0
394404227 0 83664 8 0
397541228 0 83672 8 0
398772287 0 1613664 16 0
416799713 0 4590240 248 0
416850747 0 4590488 8 0
402635051 0 1613648 8 0
404087030 0 1613656 8 0
405442471 0 1613640 8 0
406880067 0 1613680 8 0
407310038 0 1613688 8 0
407834065 0 83104 8 0
409288001 0 1558656 8 0
410776411 0 1558664 8 0
412312470 0 14600 8 0
412323849 0 14608 8 0
412328639 0 14616 8 0
412332826 0 14624 8 0
412336806 0 14632 8 0
412340945 0 14640 8 0
412347472 0 14648 8 0
412352939 0 14664 8 0
412357213 0 14672 8 0
412362328 0 14680 8 0
412366410 0 14688 8 0
412370259 0 14696 8 0
412373946 0 14704 8 0
412377878 0 14712 8 0
412381832 0 14720 8 0
412385760 0 14728 8 0
412390021 0 14736 8 0
412394063 0 14744 8 0
412397979 0 14752 8 0
412401839 0 14760 8 0
412405720 0 14768 8 0
412410267 0 14776 8 0
412414417 0 14784 8 0
412418381 0 14792 8 0
412422459 0 14800 8 0
412426556 0 14808 8 0
412431146 0 14816 8 0
412435099 0 14824 8 0
412439632 0 14832 8 0
412443493 0 14840 8 0
412448188 0 14656 8 0
412490413 0 1422576 16 0
450699279 0 3932160 8 1
450724256 0 3932168 8 1
450757925 0 3932176 8 1
450762894 0 3932184 8 1
450766998 0 3932192 8 1
450770486 0 3932200 8 1
450773752 0 3932208 8 1
450776973 0 3932216 8 1
450779942 0 3932224 8 1
450783097 0 3932232 8 1
450786152 0 3932240 8 1
450789691 0 3932248 8 1
450792998 0 3932256 8 1
450796330 0 3932264 8 1
450799544 0 3932272 8 1
450802738 0 3932280 8 1
450805863 0 3932288 8 1
450808882 0 3932296 8 1
450812084 0 3932304 8 1
450815502 0 3932312 8 1
450818616 0 3932320 8 1
450821921 0 3932328 8 1
450825519 0 3932336 8 1
450828606 0 3932344 8 1
450831511 0 3932352 8 1
450834428 0 3932360 8 1
450837950 0 3932368 8 1
450841168 0 3932376 8 1
450844701 0 3932384 8 1
450847763 0 3932392 8 1
450851058 0 3932400 8 1
450855058 0 3932408 8 1
450858127 0 3932416 8 1
450861395 0 3932424 8 1
450875234 0 3932432 8 1
454032981 0 0 8 1
454040763 0 8 8 1
454045552 0 2312 8 1
454050065 0 2352 8 1
454054539 0 2384 8 1
454059139 0 2408 8 1
454063343 0 2472 8 1
454068062 0 14568 8 1
454072783 0 14656 8 1
454077349 0 14888 8 1
454081820 0 14904 8 1
454085875 0 14912 8 1
454090208 0 14928 8 1
454094206 0 14936 8 1
454100391 0 14960 8 1
454104787 0 14968 8 1
454108901 0 14984 8 1
454113555 0 15024 8 1
454117726 0 15040 8 1
454121727 0 15064 8 1
454126291 0 15168 8 1
454131012 0 67848 8 1
454135810 0 4194304 8 1
454140526 0 4194432 8 1
454144986 0 4194560 8 1
454149379 0 4194584 8 1
454153935 0 4194832 8 1
454158304 0 4194840 8 1
454163637 0 4194848 8 1
454167906 0 4194856 8 1
454172626 0 4194872 8 1
458747862 0 3932160 8 1
460264963 0 3932160 8 1
462304018 0 0 8 1
