0 0 2192 8 0
162457 0 2056 8 0
410112 0 67912 8 0
610494 0 2576 8 0
641901 0 2584 8 0
651048 0 2592 8 0
653147 0 2600 8 0
656849 0 2608 8 0
658823 0 2616 8 0
664327 0 2624 8 0
666113 0 2632 8 0
668044 0 2640 8 0
669861 0 2648 8 0
671616 0 2656 8 0
674169 0 2664 8 0
681798 0 2672 8 0
683697 0 2680 8 0
685284 0 2688 8 0
686937 0 2696 8 0
688694 0 2704 8 0
690822 0 2712 8 0
693807 0 2720 8 0
695619 0 2728 8 0
697622 0 2744 8 0
698199 0 2736 8 0
23454507 0 265248 8 0
27460943 0 264536 8 0
28841303 0 4260336 8 0
49068169 0 4194824 8 0
49077365 0 4194832 8 0
49078797 0 4194840 8 0
49080178 0 4194848 8 0
49081273 0 4194856 8 0
49082388 0 4194864 8 0
49083343 0 4194872 8 0
49084467 0 4194880 8 0
49087327 0 4194888 8 0
49088578 0 4194896 8 0
49089929 0 4194904 8 0
49091148 0 4194912 8 0
49092242 0 4194920 8 0
49093584 0 4194928 8 0
49094634 0 4194936 8 0
49095763 0 4194944 8 0
49096937 0 4194952 8 0
49098082 0 4194960 8 0
49099156 0 4194968 8 0
49100251 0 4194976 8 0
49101230 0 4194984 8 0
49102304 0 4194992 8 0
49104071 0 4195000 8 0
49105261 0 4195008 8 0
49106253 0 4195016 8 0
49108316 0 4195032 8 0
49110087 0 4195040 8 0
49111523 0 4195048 8 0
49112837 0 4195056 8 0
49114212 0 4195064 8 0
49115452 0 4195072 8 0
49115985 0 4195024 8 0
49161614 0 4260856 8 0
50332582 0 4260904 8 0
54482827 0 4260864 8 0
62563360 0 4260936 8 0
63826099 0 4260344 8 0
84615354 0 68312 8 0
86117114 0 4260104 8 0
104566889 0 4459264 32 0
107973446 0 4260296 8 0
112771582 0 4260120 8 0
114024363 0 4260280 8 0
122879139 0 4466360 32 0
134162050 0 4459336 144 0
140969181 0 4466392 64 0
140990805 0 4466480 152 0
163778555 0 4466456 24 0
163865751 0 280032 16 0
176842658 0 4467312 32 0
176938159 0 4470296 144 0
185788047 0 4467352 248 0
185796419 0 4467600 8 0
185867969 0 4459296 40 0
185922883 0 4467608 248 0
185923429 0 4467856 8 0
185932348 0 4467344 8 0
186161466 0 4468232 248 0
186167388 0 4468480 8 0
215700485 0 4469832 248 0
215709523 0 4470080 8 0
222785161 0 4469376 248 0
222792491 0 4469624 8 0
222868284 0 4468936 248 0
222873863 0 4469184 8 0
223046186 0 4468560 248 0
223053418 0 4468808 8 0
223185315 0 4468040 192 0
269140737 0 4467864 136 0
269246287 0 4469680 152 0
269311768 0 4469632 48 0
269421268 0 4470088 56 0
269454903 0 4197632 8 0
269460763 0 4197640 8 0
269462510 0 4197648 8 0
269463978 0 4197656 8 0
269465506 0 4197664 8 0
269466556 0 4197672 8 0
269468922 0 4197680 8 0
269469996 0 4197688 8 0
269471343 0 4197696 8 0
269472849 0 4197704 8 0
269474057 0 4197712 8 0
269475047 0 4197720 8 0
269476337 0 4197728 8 0
269477458 0 4197736 8 0
269478742 0 4197744 8 0
269479816 0 4197752 8 0
269481009 0 4197760 8 0
269482029 0 4197768 8 0
269483622 0 4197776 8 0
269484964 0 4197784 8 0
269486909 0 4197792 8 0
269488116 0 4197800 8 0
269489409 0 4197816 8 0
269490736 0 4197824 8 0
269492008 0 4197832 8 0
269492977 0 4197840 8 0
269494227 0 4197848 8 0
269494674 0 4197808 8 0
291670436 0 311296 32 0
313328506 0 315816 248 0
313335469 0 316064 8 0
335996197 0 311328 248 0
336005344 0 311576 8 0
336055274 0 4260368 8 0
364760559 0 4260816 8 0
366159814 0 4593568 32 0
369346323 0 4595368 144 0
383422641 0 4593600 224 0
411277938 0 4594008 248 0
411281093 0 4594256 8 0
411398087 0 4472104 32 0
411478227 0 4473008 136 0
411552011 0 4471576 32 0
411609336 0 4471616 136 0
411794095 0 4472136 248 0
411796395 0 4472384 8 0
411899162 0 4471608 8 0
411947818 0 4593824 136 0
412043961 0 4593960 48 0
412106103 0 4594264 248 0
412107052 0 4594512 8 0
412349201 0 4594520 248 0
412350026 0 4594768 8 0
412673019 0 311584 248 0
412673936 0 311832 8 0
412934547 0 4472512 248 0
412935601 0 4472760 8 0
413182125 0 4594888 248 0
413184714 0 4595136 8 0
413325234 0 314808 248 0
413328310 0 315056 8 0
455287956 0 4595144 136 0
455402563 0 4594776 112 0
455502051 0 315064 248 0
455504596 0 315312 8 0
455663865 0 312008 248 0
455666483 0 312256 8 0
455922452 0 312296 248 0
455924859 0 312544 8 0
456124337 0 312552 192 0
456197247 0 312744 184 0
456261801 0 312928 144 0
456328943 0 313072 248 0
456330567 0 313320 8 0
479040537 0 313328 136 0
479089543 0 313464 136 0
479142378 0 313600 184 0
485730663 0 313784 128 0
485785581 0 315320 248 0
485787012 0 315568 8 0
485800905 0 313912 208 0
486581502 0 314120 200 0
486952401 0 314320 240 0
487070394 0 315576 240 0
487085929 0 314568 240 0
487258992 0 4468488 72 0
487346030 0 265024 8 0
527519865 0 4468000 40 0
575080527 0 3932160 8 1
575111735 0 3932168 8 1
575132224 0 3932176 8 1
575132711 0 3932184 8 1
575133144 0 3932192 8 1
575133482 0 3932200 8 1
575133890 0 3932208 8 1
575134315 0 3932216 8 1
575134749 0 3932224 8 1
575135123 0 3932232 8 1
575135712 0 3932240 8 1
575136145 0 3932248 8 1
575136606 0 3932256 8 1
575136948 0 3932264 8 1
575137286 0 3932272 8 1
575137632 0 3932280 8 1
575138119 0 3932288 8 1
575138574 0 3932296 8 1
575139885 0 3932304 8 1
575140486 0 3932312 8 1
575141111 0 3932320 8 1
575141444 0 3932328 8 1
575196254 0 3932336 8 1
579025285 0 0 8 1
579033706 0 8 8 1
579039380 0 2056 8 1
579044198 0 2192 8 1
579048779 0 2312 8 1
579053230 0 2352 8 1
579057573 0 2384 8 1
579061766 0 2400 8 1
579066373 0 6408 8 1
579070986 0 67848 8 1
579075266 0 68664 8 1
579081744 0 4194560 8 1
579087260 0 4194576 8 1
579091489 0 4194632 8 1
579099000 0 4194640 8 1
579103802 0 4194648 8 1
579108286 0 4194696 8 1
579112604 0 4195024 8 1
579117096 0 4197808 8 1
582333954 0 3932160 8 1
583574471 0 3932160 8 1
584157666 0 0 8 1
