0 0 67848 8 0
27744 0 6416 8 0
79793 0 6424 8 0
81686 0 6432 8 0
82946 0 6440 8 0
84162 0 6448 8 0
85220 0 6456 8 0
87683 0 6464 8 0
89338 0 6472 8 0
91004 0 6480 8 0
94111 0 6488 8 0
95597 0 6496 8 0
97235 0 6504 8 0
98740 0 6512 8 0
100369 0 6520 8 0
101891 0 6528 8 0
103700 0 6536 8 0
105626 0 6544 8 0
106919 0 6552 8 0
111744 0 6560 8 0
113177 0 6568 8 0
114676 0 6576 8 0
116079 0 6584 8 0
117740 0 6592 8 0
121122 0 6600 8 0
122335 0 6608 8 0
123721 0 6616 8 0
124933 0 6624 8 0
126083 0 6632 8 0
127959 0 6640 8 0
128991 0 6648 8 0
130367 0 6656 8 0
131752 0 6664 8 0
132091 0 6408 8 0
8407694 0 68520 8 0
12419683 0 2816 8 0
12428932 0 2824 8 0
12434411 0 2832 8 0
12438682 0 2840 8 0
12442956 0 2848 8 0
12446910 0 2856 8 0
12451282 0 2864 8 0
12455500 0 2872 8 0
12459839 0 2888 8 0
12463931 0 2896 8 0
12468659 0 2904 8 0
12472962 0 2912 8 0
12477390 0 2920 8 0
12481552 0 2928 8 0
12485569 0 2936 8 0
12490373 0 2944 8 0
12494812 0 2952 8 0
12498650 0 2960 8 0
12502336 0 2968 8 0
12506478 0 2976 8 0
12512741 0 2984 8 0
12516878 0 2992 8 0
12521100 0 3000 8 0
12834269 0 3008 8 0
12842310 0 3016 8 0
12846840 0 3024 8 0
12851101 0 3032 8 0
12855239 0 3040 8 0
12859457 0 3048 8 0
12863573 0 3056 8 0
12867832 0 3064 8 0
12872320 0 3072 8 0
12875860 0 2880 8 0
12907836 0 69136 8 0
15957296 0 7680 8 0
15965466 0 7688 8 0
15969780 0 7696 8 0
15974876 0 7704 8 0
15978962 0 7712 8 0
15982871 0 7720 8 0
15986727 0 7728 8 0
15990812 0 7744 8 0
15994755 0 7752 8 0
15999721 0 7760 8 0
16003900 0 7768 8 0
16008073 0 7776 8 0
16011872 0 7784 8 0
16015779 0 7792 8 0
16023524 0 7800 8 0
16027545 0 7808 8 0
16031654 0 7816 8 0
16036631 0 7824 8 0
16040862 0 7832 8 0
16044611 0 7840 8 0
16048267 0 7848 8 0
16052490 0 7856 8 0
16056521 0 7864 8 0
16060122 0 7872 8 0
16063682 0 7880 8 0
16067452 0 7888 8 0
16071162 0 7896 8 0
16074887 0 7904 8 0
16078723 0 7912 8 0
16082863 0 7920 8 0
16086607 0 7928 8 0
16091100 0 7936 8 0
16094066 0 7736 8 0
61875519 0 67912 8 0
61984161 0 7944 8 0
61989936 0 7952 8 0
61991362 0 7960 8 0
61992686 0 7968 8 0
61994304 0 7976 8 0
61995036 0 7984 8 0
62285743 0 4194432 8 0
63671303 0 4194568 8 0
63679442 0 4194576 8 0
63680489 0 4194584 8 0
63682864 0 4194592 8 0
63684242 0 4194600 8 0
63685623 0 4194608 8 0
63687034 0 4194616 8 0
63688620 0 4194624 8 0
63690211 0 4194632 8 0
63691345 0 4194640 8 0
63692482 0 4194648 8 0
63693690 0 4194656 8 0
63694741 0 4194664 8 0
63695642 0 4194672 8 0
63696737 0 4194680 8 0
63697744 0 4194688 8 0
63698661 0 4194696 8 0
63700317 0 4194704 8 0
63701609 0 4194712 8 0
63702872 0 4194720 8 0
63704240 0 4194728 8 0
63706134 0 4194736 8 0
63707478 0 4194744 8 0
63711541 0 4194752 8 0
63712890 0 4194760 8 0
63714038 0 4194768 8 0
63715164 0 4194776 8 0
63716563 0 4194784 8 0
63717652 0 4194792 8 0
63718760 0 4194800 8 0
63719675 0 4194808 8 0
63730893 0 4194816 8 0
63731537 0 4194560 8 0
76616017 0 4194304 8 0
93119658 0 454472 8 0
94622879 0 454064 8 0
96231002 0 79072 8 0
97461414 0 79088 8 0
144642676 0 4514864 248 0
144683249 0 4515112 8 0
144707576 0 4459336 80 0
145007589 0 4515120 248 0
145041280 0 4515368 8 0
145062681 0 4514848 16 0
145110618 0 4515752 248 0
145144964 0 4516000 8 0
98969039 0 507096 32 0
101673469 0 4260104 8 0
103982606 0 4459304 32 0
107092160 0 68424 8 0
108731262 0 4260120 8 0
110394031 0 4194832 8 0
110404893 0 4194840 8 0
110406226 0 4194848 8 0
110407706 0 4194856 8 0
110409051 0 4194864 8 0
110410265 0 4194872 8 0
110411572 0 4194880 8 0
110412752 0 4194888 8 0
110413777 0 4194896 8 0
110414806 0 4194904 8 0
110416002 0 4194912 8 0
110417219 0 4194920 8 0
110418396 0 4194928 8 0
110419675 0 4194936 8 0
110420805 0 4194944 8 0
110422728 0 4194952 8 0
110424463 0 4194960 8 0
110425763 0 4194968 8 0
110427524 0 4194976 8 0
110429178 0 4194984 8 0
110430919 0 4194992 8 0
110432771 0 4195000 8 0
110434360 0 4195008 8 0
110435564 0 4195016 8 0
110437010 0 4195024 8 0
110438109 0 4195032 8 0
110439584 0 4195040 8 0
110440847 0 4195048 8 0
110442290 0 4195056 8 0
110444606 0 4195064 8 0
110446136 0 4195072 8 0
110447061 0 4194824 8 0
110525499 0 4260496 8 0
112498186 0 4513344 32 0
116680743 0 4459416 136 0
121196408 0 4513480 144 0
126531582 0 4513376 104 0
126870547 0 454432 32 0
138100887 0 4514816 32 0
138149281 0 4518048 152 0
157842972 0 4516032 248 0
157879372 0 4516280 8 0
157906977 0 4517504 248 0
157938489 0 4517752 8 0
169663031 0 4516952 248 0
169698331 0 4517200 8 0
169799459 0 4516520 248 0
169834986 0 4516768 8 0
169951178 0 4516288 128 0
170042510 0 4515376 128 0
170097321 0 4517344 160 0
173141799 0 4517208 136 0
173193952 0 507128 16 0
188081836 0 68488 8 0
173473552 0 69184 8 0
175686884 0 69144 8 0
179393780 0 69216 8 0
182914868 0 68528 8 0
186434039 0 75928 8 0
190207519 0 4474240 32 0
196601544 0 4474272 32 0
200499989 0 2576 8 0
200511364 0 2584 8 0
200516724 0 2592 8 0
200521224 0 2600 8 0
200625947 0 2608 8 0
200632583 0 2616 8 0
200637219 0 2624 8 0
200644982 0 2632 8 0
200649532 0 2648 8 0
200653614 0 2656 8 0
200657841 0 2664 8 0
200663011 0 2672 8 0
200666994 0 2680 8 0
200671008 0 2688 8 0
200675080 0 2696 8 0
200679858 0 2704 8 0
200684302 0 2712 8 0
200688791 0 2720 8 0
200693592 0 2728 8 0
200697524 0 2736 8 0
200701416 0 2744 8 0
200705467 0 2752 8 0
200709685 0 2760 8 0
200713971 0 2768 8 0
200717849 0 2776 8 0
200722410 0 2784 8 0
200726614 0 2792 8 0
200730330 0 2800 8 0
200734536 0 2808 8 0
200738258 0 2640 8 0
200748138 0 68552 8 0
202946729 0 68664 8 0
205376832 0 4515536 216 0
205430003 0 69224 8 0
207276296 0 3328 8 0
207282847 0 3336 8 0
207287161 0 3344 8 0
207290963 0 3352 8 0
207295393 0 3368 8 0
207299113 0 3376 8 0
207302896 0 3384 8 0
207306680 0 3392 8 0
207312642 0 3400 8 0
207316538 0 3408 8 0
207320462 0 3416 8 0
207323952 0 3424 8 0
207327626 0 3432 8 0
207331193 0 3440 8 0
207334986 0 3448 8 0
207338702 0 3456 8 0
207342657 0 3464 8 0
207346687 0 3472 8 0
207350590 0 3480 8 0
207355053 0 3488 8 0
207359494 0 3496 8 0
207363531 0 3504 8 0
207368454 0 3512 8 0
207372273 0 3520 8 0
207376236 0 3528 8 0
207380446 0 3536 8 0
207384427 0 3544 8 0
207388388 0 3552 8 0
207392073 0 3560 8 0
207395728 0 3568 8 0
207399331 0 3576 8 0
207403674 0 3584 8 0
207406800 0 3360 8 0
207416398 0 70456 8 0
209733256 0 68672 8 0
211593023 0 302440 8 0
213192799 0 68832 8 0
215078050 0 76200 8 0
216608961 0 68848 8 0
218197202 0 68864 8 0
220472790 0 314344 56 0
226905241 0 296816 8 0
229304292 0 302464 8 0
230604776 0 296440 8 0
232171491 0 297848 8 0
233737524 0 302456 8 0
235183694 0 68680 8 0
236772835 0 296824 8 0
238482760 0 297840 8 0
239765796 0 299200 248 0
239839308 0 299448 8 0
249542312 0 301496 248 0
249579636 0 301744 8 0
261449168 0 302000 136 0
261573214 0 302472 8 0
265735863 0 302448 8 0
265780173 0 302136 248 0
266038812 0 302384 8 0
266075132 0 4516416 104 0
267205288 0 75936 8 0
285941966 0 276992 32 0
310418569 0 265848 8 0
343174252 0 79096 8 0
343571774 0 458656 16 0
348750131 0 76008 8 0
306112391 0 277024 32 0
313063534 0 4466040 8 0
315372482 0 67920 8 0
319555108 0 6144 8 0
319563738 0 6152 8 0
319565090 0 6160 8 0
319566446 0 6168 8 0
319567482 0 6176 8 0
319568885 0 6184 8 0
319570164 0 6192 8 0
319571246 0 6200 8 0
319573452 0 6208 8 0
319574524 0 6216 8 0
319575650 0 6224 8 0
319577084 0 6232 8 0
319578017 0 6240 8 0
319579126 0 6248 8 0
319580300 0 6256 8 0
319581345 0 6264 8 0
319582577 0 6272 8 0
319583933 0 6280 8 0
319585285 0 6288 8 0
319586368 0 6296 8 0
319587480 0 6304 8 0
319590148 0 6312 8 0
319592016 0 6320 8 0
319593204 0 6328 8 0
319594250 0 6336 8 0
319595776 0 6352 8 0
319596799 0 6360 8 0
319597815 0 6368 8 0
319598786 0 6376 8 0
319599969 0 6384 8 0
319600961 0 6392 8 0
319602049 0 6400 8 0
319602342 0 6344 8 0
327915050 0 75968 8 0
330702176 0 75976 8 0
334050902 0 75992 8 0
334062065 0 76000 8 0
334149597 0 4516776 136 0
336094721 0 296376 32 0
340125739 0 296408 24 0
350759250 0 76016 8 0
350770197 0 76032 8 0
350968292 0 4593632 32 0
354493501 0 4593696 208 0
364142932 0 4593664 32 0
364873132 0 538368 32 0
383833932 0 538400 80 0
386947194 0 4514272 32 0
387210292 0 4599424 32 0
391635765 0 4599504 136 0
399771421 0 4599456 48 0
401204173 0 75824 8 0
411132711 0 454200 8 0
418947433 0 76040 8 0
419004854 0 573440 32 0
422474536 0 796656 248 0
422515057 0 796904 8 0
430470565 0 796376 248 0
430508440 0 796624 8 0
438928841 0 573472 248 0
439157885 0 573720 8 0
448990250 0 327680 32 0
496680547 0 4589728 248 0
496715895 0 4589976 8 0
496797548 0 327968 120 0
496882839 0 328344 248 0
496918475 0 328592 8 0
497152281 0 328600 248 0
497455994 0 328848 8 0
497810470 0 795112 248 0
497845111 0 795360 8 0
453014347 0 329512 144 0
459675558 0 328088 248 0
459705779 0 328336 8 0
469946493 0 4589472 32 0
474879363 0 4591392 136 0
485471100 0 4589504 224 0
491170377 0 4520176 32 0
491293246 0 4520216 136 0
491338075 0 4520208 8 0
491390244 0 327712 248 0
491526313 0 327960 8 0
519111079 0 795368 248 0
519152254 0 795616 8 0
519206870 0 573728 128 0
519266142 0 795624 248 0
519382107 0 795872 8 0
519415659 0 573856 248 0
519416457 0 574104 8 0
519455766 0 574112 248 0
519456967 0 574360 8 0
521967356 0 574368 248 0
522022748 0 574616 8 0
522107748 0 574624 248 0
522155795 0 574872 8 0
522198579 0 795880 248 0
522238267 0 796128 8 0
522306531 0 574880 248 0
522355727 0 575128 8 0
522439384 0 575136 248 0
523059441 0 575384 8 0
523137046 0 575392 248 0
523138145 0 575640 8 0
530697577 0 796136 240 0
530814664 0 575648 248 0
530836717 0 575896 8 0
530915451 0 575904 248 0
530915958 0 576152 8 0
535305410 0 576160 248 0
535345414 0 576408 8 0
535430724 0 576416 248 0
535474161 0 576664 8 0
535559867 0 576672 248 0
535593915 0 576920 8 0
535686925 0 576928 248 0
535725558 0 577176 8 0
535798389 0 796632 24 0
535839297 0 577184 248 0
535861163 0 577432 8 0
535954357 0 577440 248 0
535954832 0 577688 8 0
539269636 0 329000 248 0
539270604 0 329248 8 0
547144726 0 329256 144 0
547204977 0 792160 248 0
547248796 0 792408 8 0
593682951 0 791664 248 0
593722138 0 791912 8 0
604891873 0 578752 248 0
604933760 0 579000 8 0
604960213 0 589536 248 0
604994032 0 589784 8 0
613610789 0 588680 248 0
613647761 0 588928 8 0
613683356 0 581752 248 0
614440491 0 582000 8 0
614472303 0 584664 248 0
614511481 0 584912 8 0
614534724 0 791400 248 0
614580811 0 791648 8 0
647936937 0 589160 248 0
647981601 0 589408 8 0
648007380 0 791920 216 0
648078053 0 580880 248 0
648121240 0 581128 8 0
648161280 0 584216 248 0
648201905 0 584464 8 0
648226846 0 577696 248 0
648267188 0 577944 8 0
648294394 0 792424 248 0
648336297 0 792672 8 0
648365276 0 789424 248 0
648395092 0 789672 8 0
657112922 0 789144 248 0
657176758 0 789392 8 0
666233138 0 583376 248 0
666273396 0 583624 8 0
666304159 0 578008 248 0
666345568 0 578256 8 0
666450586 0 585832 248 0
666491653 0 586080 8 0
666514803 0 790760 248 0
666545846 0 791008 8 0
666656406 0 589792 32 0
666677931 0 788488 120 0
666861626 0 4515504 32 0
672343069 0 4594688 32 0
672386122 0 4594720 32 0
672472658 0 586120 248 0
672517855 0 586368 8 0
672588726 0 585536 248 0
672631237 0 585784 8 0
672658783 0 583632 176 0
672726567 0 545152 32 0
676510031 0 545288 8 0
678944148 0 545184 104 0
679085522 0 541456 32 0
685555829 0 541824 8 0
687024419 0 541488 192 0
690325327 0 541680 144 0
690485356 0 579008 248 0
690530489 0 579256 8 0
690554292 0 584488 176 0
690672124 0 4517760 248 0
690715527 0 4518008 8 0
690775114 0 788608 248 0
690983418 0 788856 8 0
691300184 0 582640 248 0
691341150 0 582888 8 0
691365259 0 584944 248 0
691401898 0 585192 8 0
691417340 0 583808 136 0
691472735 0 788864 192 0
691534503 0 4260512 8 0
739101171 0 4590248 168 0
739274171 0 790328 192 0
739538920 0 790520 192 0
739592382 0 790712 48 0
739640841 0 585352 184 0
740979674 0 789680 56 0
741107263 0 587456 248 0
741146260 0 587704 8 0
741439142 0 585200 152 0
741500510 0 589080 80 0
741530388 0 582496 144 0
741578054 0 589416 120 0
742522671 0 587840 248 0
742565293 0 588088 8 0
742645922 0 586376 248 0
742697256 0 586624 8 0
742734444 0 606208 32 0
701955369 0 4195080 8 0
701965342 0 4195088 8 0
701969911 0 4195096 8 0
701974148 0 4195104 8 0
701980717 0 4195112 8 0
701985282 0 4195120 8 0
701990318 0 4195128 8 0
701994295 0 4195136 8 0
701998134 0 4195144 8 0
702001670 0 4195152 8 0
702005771 0 4195160 8 0
702009572 0 4195168 8 0
702014671 0 4195176 8 0
702019041 0 4195184 8 0
702023644 0 4195200 8 0
702027626 0 4195208 8 0
702031673 0 4195216 8 0
702035610 0 4195224 8 0
702039569 0 4195232 8 0
702043572 0 4195240 8 0
702047489 0 4195248 8 0
702256175 0 4195256 8 0
702263363 0 4195264 8 0
702267584 0 4195272 8 0
702271899 0 4195280 8 0
702277939 0 4195288 8 0
702281802 0 4195296 8 0
702285558 0 4195304 8 0
702289335 0 4195312 8 0
702293472 0 4195320 8 0
702297749 0 4195328 8 0
702301034 0 4195192 8 0
702329279 0 68472 8 0
707106396 0 4516912 40 0
707174220 0 265272 8 0
712995756 0 4592000 32 0
713068205 0 4592032 32 0
713149992 0 4521784 32 0
713211061 0 4521824 136 0
713282676 0 4521816 8 0
713401459 0 4592256 32 0
719197056 0 4592288 56 0
721892506 0 4592112 32 0
726777444 0 4592144 64 0
728965262 0 68512 8 0
730257075 0 75920 8 0
731486487 0 2192 8 0
731596414 0 792416 8 0
731628290 0 791016 248 0
731678876 0 791264 8 0
731703954 0 583944 248 0
731744526 0 584192 8 0
731779871 0 582144 248 0
731820695 0 582392 8 0
731888580 0 588480 200 0
731988628 0 581592 160 0
732042629 0 579680 248 0
732081757 0 579928 8 0
732151401 0 545296 32 0
732296715 0 545360 8 0
732312749 0 545328 32 0
732466183 0 552272 8 0
737197141 0 588936 144 0
737586696 0 789920 248 0
737643933 0 790168 8 0
737671961 0 579400 248 0
737710345 0 579648 8 0
737734388 0 579264 136 0
737887747 0 790176 152 0
737991220 0 789400 24 0
738014544 0 585792 40 0
738050193 0 584472 16 0
738088296 0 789056 88 0
738172783 0 789736 184 0
738495312 0 792136 24 0
738962390 0 4590416 248 0
739007221 0 4590664 8 0
781442034 0 833208 8 0
784018279 0 829624 248 0
784059926 0 829872 8 0
796218026 0 829880 248 0
796262655 0 830128 8 0
796333554 0 830136 248 0
796658455 0 830384 8 0
796843557 0 830392 248 0
796844605 0 830640 8 0
798383026 0 830648 248 0
798408329 0 830896 8 0
798591558 0 830904 248 0
798592232 0 831152 8 0
800709582 0 831160 248 0
801234878 0 831408 8 0
801411324 0 831416 248 0
801411806 0 831664 8 0
802977683 0 831672 248 0
803003901 0 831920 8 0
803177260 0 831928 248 0
803177981 0 832176 8 0
809675629 0 832184 248 0
809718169 0 832432 8 0
809902804 0 832440 248 0
809937726 0 832688 8 0
810127966 0 832696 248 0
810172744 0 832944 8 0
810329459 0 832952 248 0
810363597 0 833200 8 0
810700608 0 791272 128 0
810750771 0 581456 136 0
813941852 0 713800 8 0
827387197 0 713808 32 0
829498797 0 829616 8 0
831042871 0 827184 8 0
832740897 0 829600 8 0
834063262 0 829608 8 0
835814803 0 829584 8 0
837115304 0 829592 8 0
838709088 0 829576 8 0
840232309 0 829560 8 0
841556893 0 829568 8 0
843309425 0 829552 8 0
844820267 0 829536 8 0
846313689 0 829544 8 0
847928807 0 829528 8 0
849756308 0 829520 8 0
853602086 0 829512 8 0
855314906 0 714032 8 0
857142936 0 714040 32 0
859525428 0 714008 8 0
861277598 0 714016 16 0
863080650 0 714072 40 0
863711586 0 713976 8 0
868375467 0 713984 24 0
870620873 0 713888 8 0
870638385 0 713896 32 0
870720846 0 713928 48 0
871028405 0 714152 8 0
872152602 0 714160 32 0
872236204 0 714192 64 0
872656803 0 713656 8 0
875389376 0 713872 8 0
875402929 0 713880 8 0
875696799 0 829480 8 0
880090490 0 829488 24 0
882007167 0 829472 8 0
883744082 0 828992 8 0
884955574 0 829000 32 0
889041487 0 829464 8 0
891267482 0 829448 8 0
892605681 0 829456 8 0
894342517 0 829440 8 0
895892124 0 829432 8 0
897246790 0 829424 8 0
898628425 0 829408 8 0
900143618 0 829416 8 0
901909654 0 582008 136 0
903287861 0 587152 248 0
903328893 0 587400 8 0
903342015 0 791656 8 0
918390875 0 829216 8 0
920077550 0 829208 8 0
921929908 0 454464 8 0
922179124 0 829336 8 0
923833163 0 829328 8 0
925349055 0 829320 8 0
926811646 0 829312 8 0
928772332 0 829304 8 0
930365425 0 829296 8 0
932359264 0 828952 8 0
933647885 0 828960 32 0
935246561 0 829032 24 0
935575989 0 829264 8 0
937617441 0 829272 24 0
938207025 0 829256 8 0
938558205 0 828168 8 0
939885760 0 828160 8 0
942401950 0 827352 8 0
943849367 0 823176 8 0
945146503 0 827872 8 0
947144747 0 829248 8 0
947254695 0 713736 8 0
948630146 0 713728 8 0
950173652 0 814456 8 0
903750882 0 584200 16 0
904012467 0 586896 248 0
904055118 0 587144 8 0
904080978 0 829400 8 0
906201699 0 829360 8 0
907681598 0 829368 32 0
909873403 0 828504 8 0
911201946 0 828512 32 0
913679799 0 829352 8 0
915846332 0 829344 8 0
951548832 0 814464 32 0
953291362 0 814416 8 0
955049408 0 814424 32 0
956871550 0 713744 24 0
958555559 0 828072 8 0
960232459 0 828080 32 0
962377199 0 829240 8 0
962739954 0 829224 16 0
963602327 0 826048 8 0
965114339 0 826040 8 0
966636510 0 828696 8 0
968094280 0 828688 8 0
969736257 0 829200 8 0
969983410 0 829192 8 0
970337428 0 826032 8 0
971673229 0 813248 8 0
973002579 0 829176 8 0
973015741 0 829184 8 0
973893997 0 823680 8 0
975324513 0 823760 8 0
976603529 0 823768 32 0
978551198 0 828224 8 0
978564635 0 828232 32 0
980812287 0 829128 8 0
980826725 0 829136 32 0
981063293 0 829120 8 0
981453681 0 713592 8 0
983148758 0 811848 8 0
984660692 0 829112 8 0
984970750 0 829104 8 0
985250576 0 829096 8 0
985438226 0 829088 8 0
985631141 0 823880 8 0
985644146 0 823888 32 0
985853978 0 714288 8 0
985868097 0 714296 32 0
985991096 0 714264 8 0
986039866 0 714280 8 0
986120770 0 714272 8 0
986247597 0 823920 64 0
986495916 0 828744 8 0
993475313 0 828752 32 0
995434917 0 828784 64 0
995844703 0 828712 8 0
999390886 0 828736 8 0
1001571827 0 828728 8 0
1003281241 0 828720 8 0
1005164034 0 715928 8 0
1006648274 0 829080 8 0
1007085988 0 829072 8 0
1007292440 0 829064 8 0
1007735478 0 829056 8 0
1008021762 0 829168 8 0
1009192655 0 714496 8 0
1009207774 0 714504 32 0
1010963490 0 827952 8 0
1013723838 0 828936 8 0
1013738279 0 828944 8 0
1014053074 0 824888 8 0
1015830959 0 828928 8 0
1016101866 0 828920 8 0
1016213942 0 828904 8 0
1016224689 0 828912 8 0
1016638960 0 828896 8 0
1016969829 0 811832 8 0
1018199730 0 811840 8 0
1018247504 0 811856 16 0
1019541502 0 716544 8 0
1022292259 0 828064 8 0
1023654950 0 716064 8 0
1025024278 0 715680 8 0
1025192713 0 716072 32 0
1028420643 0 828888 8 0
1029231809 0 76056 8 0
1034973780 0 828848 40 0
1036149190 0 715840 8 0
1036255334 0 714488 8 0
1036894822 0 715912 8 0
1038443586 0 715920 8 0
1038498077 0 715936 16 0
1039822548 0 818832 8 0
1041532568 0 716112 8 0
1041639833 0 716120 32 0
1041769114 0 818792 8 0
1046363933 0 818784 8 0
1048550979 0 818840 8 0
1050408763 0 713704 8 0
1051937332 0 828704 8 0
1054523012 0 581232 224 0
1054726649 0 715168 8 0
1054740964 0 715176 32 0
1054970840 0 828624 8 0
1054984825 0 828632 32 0
1055538520 0 828672 8 0
1057165248 0 828680 8 0
1057687124 0 828664 8 0
1058712739 0 581136 96 0
1059252541 0 588240 240 0
1059301010 0 811296 8 0
1060801584 0 811304 32 0
1062650606 0 811336 64 0
1063616289 0 812384 8 0
1068362653 0 825312 8 0
1070055991 0 825320 32 0
1072737300 0 823688 8 0
1074361202 0 827336 8 0
1076338465 0 825352 64 0
1076626876 0 825304 8 0
1078821489 0 714792 8 0
1079101109 0 825984 8 0
1081232021 0 825992 32 0
1084025526 0 823736 8 0
1093042001 0 823744 16 0
1094958232 0 824208 8 0
1094997380 0 824216 32 0
1095191470 0 715608 8 0
1095231426 0 715616 32 0
1095408992 0 826496 8 0
1095737307 0 717000 8 0
1097454605 0 550232 24 0
1100647763 0 811872 48 0
1101163437 0 827200 8 0
1101252255 0 827192 8 0
1101551541 0 827408 8 0
1101588956 0 827416 32 0
1101937990 0 714640 8 0
1102100522 0 714704 8 0
1102141520 0 714712 32 0
1102699686 0 825296 8 0
1104623863 0 825000 8 0
1106000962 0 825008 32 0
1107752077 0 825040 64 0
1108299049 0 550256 32 0
1110262214 0 550392 8 0
1110303237 0 550288 104 0
1110721582 0 825288 8 0
1110968277 0 825256 8 0
1111132154 0 824144 8 0
1111386832 0 716992 8 0
1112946039 0 717008 32 0
1115730151 0 824152 32 0
1116315165 0 550400 32 0
1116439595 0 551488 8 0
1123924976 0 551344 144 0
1124206673 0 551944 32 0
1124257514 0 552096 8 0
1125772610 0 551976 120 0
1129186794 0 551496 32 0
1129240568 0 551936 8 0
1129291665 0 551784 152 0
1129525938 0 552448 32 0
1131631032 0 552952 8 0
1134469034 0 552800 152 0
1134894582 0 507040 32 0
1158111889 0 507088 8 0
1160119601 0 825104 144 0
1161577508 0 715072 8 0
1161630847 0 715080 32 0
1161783473 0 716688 8 0
1162504894 0 824992 8 0
1164393959 0 824896 32 0
1167899549 0 824928 64 0
1170757073 0 507072 16 0
1170982384 0 828616 8 0
1171348513 0 828608 8 0
1171621215 0 828592 8 0
1171665101 0 828600 8 0
1172176310 0 828576 8 0
1172215325 0 828584 8 0
1172711637 0 828568 8 0
1173128964 0 828544 24 0
1174053205 0 828120 8 0
1174401852 0 824880 8 0
1180285447 0 823632 8 0
1182171414 0 507144 32 0
1182225022 0 507184 8 0
1182517989 0 512408 32 0
1185319492 0 512480 8 0
1188060780 0 512464 8 0
1188097780 0 512472 8 0
1188442307 0 828048 8 0
1188924435 0 826544 8 0
1189815041 0 827360 8 0
1190346079 0 828488 8 0
1194119531 0 827344 8 0
1195672609 0 578288 248 0
1195684225 0 578536 8 0
1195753203 0 578544 136 0
1195831858 0 583032 248 0
1195838987 0 583280 8 0
1195915204 0 583288 88 0
1196019566 0 582896 136 0
1196128045 0 578680 72 0
1196182099 0 579656 24 0
1199222429 0 579944 248 0
1199232756 0 580192 8 0
1199657894 0 588104 136 0
1199912310 0 588096 8 0
1200778901 0 578264 24 0
1200969309 0 587712 128 0
1201509948 0 577952 56 0
1201451978 0 828272 8 0
1201480305 0 828280 32 0
1201585462 0 828312 64 0
1202111114 0 828264 8 0
1202299760 0 716720 8 0
1202313311 0 716728 32 0
1202481603 0 827768 8 0
1202494547 0 827776 32 0
1203076456 0 716240 8 0
1203225424 0 716248 32 0
1203301694 0 716280 64 0
1204868378 0 827104 8 0
1205216650 0 512440 24 0
1205684595 0 715064 8 0
1206400421 0 828376 112 0
1206425920 0 828496 8 0
1206677891 0 713440 8 0
1210688992 0 713216 8 0
1212894206 0 825528 8 0
1212926537 0 828056 8 0
1213038967 0 716760 64 0
1214778650 0 824504 8 0
1216093659 0 512488 8 0
1229073614 0 716672 8 0
1229317938 0 716664 8 0
1229331871 0 716680 8 0
1229833467 0 715464 8 0
1229853774 0 715472 32 0
1230012995 0 824048 8 0
1230028550 0 824056 32 0
1230462108 0 824040 8 0
1230688106 0 824032 8 0
1230868625 0 824024 8 0
1231205119 0 824008 8 0
1231221964 0 824016 8 0
1231584106 0 455504 8 0
1231641890 0 716584 8 0
1233176319 0 716568 8 0
1233190166 0 716576 8 0
1233196599 0 716592 16 0
1233854791 0 826056 32 0
1234220338 0 824000 8 0
1234585811 0 823984 16 0
1234596361 0 824088 8 0
1235066779 0 818776 8 0
1237310934 0 454424 8 0
1238855413 0 6912 8 0
1238865876 0 6920 8 0
1238870748 0 6928 8 0
1238874881 0 6936 8 0
1238879075 0 6944 8 0
1238883107 0 6952 8 0
1238886920 0 6960 8 0
1238890560 0 6968 8 0
1238894480 0 6976 8 0
1238898549 0 6992 8 0
1238903108 0 7000 8 0
1238908008 0 7008 8 0
1238911811 0 7016 8 0
1238915889 0 7024 8 0
1238920280 0 7032 8 0
1238924454 0 7040 8 0
1238928297 0 7048 8 0
1238932436 0 7056 8 0
1238936422 0 7064 8 0
1238940149 0 7072 8 0
1238944207 0 7080 8 0
1238947764 0 7088 8 0
1238951528 0 7096 8 0
1239161053 0 7104 8 0
1239168620 0 7112 8 0
1239173001 0 7120 8 0
1239177006 0 7128 8 0
1239181705 0 7136 8 0
1239185766 0 7144 8 0
1239189742 0 7152 8 0
1239193916 0 7160 8 0
1239198120 0 7168 8 0
1239201825 0 6984 8 0
1239212715 0 77872 8 0
1246098390 0 7176 8 0
1246104800 0 7184 8 0
1246109346 0 7200 8 0
1246113807 0 7208 8 0
1246117696 0 7216 8 0
1246121623 0 7224 8 0
1246125326 0 7232 8 0
1246129184 0 7240 8 0
1246133255 0 7248 8 0
1246137268 0 7256 8 0
1246141092 0 7264 8 0
1246145007 0 7272 8 0
1246150101 0 7280 8 0
1246155810 0 7288 8 0
1246159885 0 7296 8 0
1246163947 0 7304 8 0
1246168196 0 7312 8 0
1246172138 0 7320 8 0
1246176395 0 7328 8 0
1246180343 0 7336 8 0
1246184453 0 7344 8 0
1246188028 0 7352 8 0
1246192312 0 7360 8 0
1246196214 0 7368 8 0
1246200356 0 7376 8 0
1246204347 0 7384 8 0
1246209145 0 7392 8 0
1246213026 0 7400 8 0
1246217140 0 7408 8 0
1246221372 0 7416 8 0
1246225430 0 7424 8 0
1246228401 0 7192 8 0
1246269872 0 714824 8 0
1246494182 0 714816 8 0
1246588641 0 813432 8 0
1248979747 0 813464 8 0
1251399753 0 813632 8 0
1223003641 0 716656 8 0
1223485920 0 822336 8 0
1227113153 0 716400 8 0
1227157927 0 716408 32 0
1227272423 0 716440 64 0
1227386460 0 716104 8 0
1227650177 0 715600 8 0
1227954392 0 827960 8 0
1227998393 0 827968 32 0
1228843898 0 716704 8 0
1254238854 0 813640 32 0
1256941390 0 813672 64 0
1257221259 0 813392 8 0
1262108005 0 714936 8 0
1262123667 0 714944 32 0
1262532943 0 813456 8 0
1264098362 0 813624 8 0
1266910054 0 813736 144 0
1267410625 0 813400 8 0
1272183991 0 714872 8 0
1272240813 0 714896 8 0
1273170594 0 544640 32 0
1276890660 0 544776 8 0
1279332213 0 544672 64 0
1279417428 0 544736 40 0
1279563087 0 544448 32 0
1283224026 0 544504 136 0
1287093444 0 76192 8 0
1288540651 0 598032 32 0
1288596034 0 600896 144 0
1288653995 0 598192 248 0
1288692832 0 598440 8 0
1288743250 0 601088 32 0
1288779872 0 601608 136 0
1288828519 0 601120 224 0
1288911672 0 4536184 32 0
1291926980 0 4538208 144 0
1297892029 0 4536232 248 0
1297950252 0 4536480 8 0
1304249179 0 601056 32 0
1304335495 0 4594752 32 0
1304375752 0 4594896 136 0
1304427604 0 4594784 112 0
1304492588 0 4594488 32 0
1304530756 0 4594520 136 0
1304636594 0 5888 8 0
1304645345 0 5896 8 0
1304650350 0 5904 8 0
1304654765 0 5912 8 0
1304659138 0 5920 8 0
1304663422 0 5928 8 0
1304667663 0 5936 8 0
1304671947 0 5944 8 0
1304678088 0 5952 8 0
1304685622 0 5960 8 0
1304693007 0 5968 8 0
1304698063 0 5976 8 0
1304703884 0 5984 8 0
1304708423 0 5992 8 0
1304712825 0 6000 8 0
1304717328 0 6008 8 0
1304721785 0 6016 8 0
1304726074 0 6024 8 0
1304730216 0 6032 8 0
1304734466 0 6040 8 0
1304738690 0 6048 8 0
1304743150 0 6064 8 0
1304747244 0 6072 8 0
1304751261 0 6080 8 0
1304755628 0 6088 8 0
1304794058 0 6096 8 0
1304797950 0 6104 8 0
1304799738 0 6112 8 0
1304801102 0 6120 8 0
1304802795 0 6128 8 0
1304804259 0 6136 8 0
1304805894 0 6056 8 0
1308859741 0 520896 32 0
1312140356 0 520928 32 0
1314661053 0 4592608 32 0
1314703509 0 4593352 136 0
1322373960 0 4592640 248 0
1322417817 0 4592888 8 0
1322438178 0 4536216 16 0
1322647781 0 4536488 240 0
1323116905 0 598064 128 0
1323164056 0 601344 248 0
1323205973 0 601592 8 0
1323309634 0 598448 128 0
1323379961 0 598576 248 0
1323421231 0 598824 8 0
1323440695 0 544480 24 0
1323885986 0 4537272 248 0
1323891434 0 4537520 8 0
1328242983 0 4536768 248 0
1328277960 0 4537016 8 0
1328314326 0 4536728 40 0
1328459003 0 4537024 184 0
1329457587 0 813592 8 0
1400100785 0 813600 24 0
1402097340 0 714928 8 0
1402141218 0 714912 8 0
1402907928 0 824584 8 0
1402923583 0 824592 32 0
1403013878 0 824624 64 0
1403766243 0 824568 8 0
1403779413 0 824576 8 0
1404191157 0 714864 8 0
1404264586 0 714808 8 0
1404454904 0 813496 8 0
1406167115 0 813488 8 0
1409866328 0 77960 8 0
1411173163 0 750120 8 0
1414615887 0 822344 8 0
1418016382 0 822272 8 0
1419370746 0 822280 32 0
1421212295 0 822312 24 0
1421311476 0 822352 24 0
1421773636 0 822264 8 0
1426777937 0 827376 8 0
1427317618 0 823656 8 0
1428661915 0 827808 64 0
1429166734 0 822240 8 0
1430397790 0 822248 16 0
1432444285 0 818848 32 0
1438774458 0 715688 32 0
1438998248 0 822208 8 0
1440239867 0 822216 24 0
1442395863 0 827328 8 0
1442800723 0 828176 32 0
1443307027 0 715952 48 0
1445401417 0 828144 8 0
1445415540 0 828152 8 0
1446171102 0 828136 8 0
1446705501 0 826504 32 0
1446804915 0 826536 8 0
1446816248 0 826552 48 0
1447861944 0 827320 8 0
1448074287 0 715648 32 0
1448487429 0 827272 8 0
1449322888 0 822192 8 0
1450633157 0 822200 8 0
1452485982 0 827368 8 0
1452502540 0 827384 24 0
1453319952 0 818824 8 0
1454980228 0 825560 8 0
1456063812 0 828128 8 0
1457513406 0 827312 8 0
1458117576 0 827296 8 0
1458133007 0 827304 8 0
1458671558 0 827176 8 0
1459064285 0 550224 8 0
1460473896 0 827288 8 0
1460888454 0 827280 8 0
1461605786 0 827240 8 0
1461627009 0 827248 24 0
1462491171 0 827232 8 0
1462691259 0 827224 8 0
1464005422 0 79112 8 0
1464108936 0 825424 8 0
1464131047 0 825432 32 0
1466798753 0 818880 64 0
1467113144 0 716824 144 0
1467446142 0 827920 8 0
1467817333 0 827912 8 0
1468687287 0 827880 32 0
1471754471 0 827520 8 0
1471776502 0 827528 32 0
1471873749 0 827560 64 0
1472102527 0 827624 128 0
1472843168 0 827512 8 0
1473254014 0 827216 8 0
1473423893 0 827464 8 0
1473449707 0 827472 32 0
1473747271 0 827504 8 0
1474494127 0 827208 8 0
1476160159 0 265744 16 0
1483693101 0 79104 8 0
1493206066 0 801336 32 0
1496120027 0 801720 8 0
1497750811 0 801568 152 0
1504061120 0 509768 32 0
1507709746 0 510024 8 0
1509215712 0 509888 136 0
1512860921 0 508048 32 0
1512881815 0 508360 8 0
1512903785 0 508216 144 0
1513140378 0 510144 32 0
1514919153 0 510344 8 0
1514946894 0 510200 144 0
1515198400 0 508992 32 0
1515217749 0 509448 8 0
1518874404 0 509296 152 0
1523962962 0 833216 32 0
1523987231 0 836200 8 0
1524020489 0 835928 248 0
1524062069 0 836176 8 0
1524099683 0 836184 16 0
1524751818 0 835144 8 0
1524767013 0 835152 32 0
1526638542 0 821888 8 0
1528129009 0 821928 8 0
1530011784 0 833248 32 0
1532185836 0 835336 8 0
1532202960 0 835344 32 0
1533596534 0 840728 32 0
1536235209 0 841136 8 0
1537383720 0 840984 152 0
1542748212 0 509456 32 0
1543048109 0 509584 8 0
1543068186 0 509488 96 0
1543294054 0 670184 32 0
1562304410 0 671552 8 0
1564022916 0 671344 208 0
1570323551 0 670968 8 0
1574750770 0 512496 32 0
1574776354 0 512720 8 0
1574800112 0 512584 136 0
1575030910 0 508968 24 0
1575256475 0 836208 32 0
1575277234 0 840712 16 0
1577960314 0 840456 248 0
1577993981 0 840704 8 0
1583467576 0 836496 8 0
1583667343 0 513384 32 0
1583686371 0 513480 8 0
1583702071 0 513416 64 0
1583920500 0 669048 32 0
1587999160 0 670176 8 0
1589497543 0 670000 176 0
1595157643 0 508488 32 0
1595187448 0 508960 8 0
1595219096 0 508808 152 0
1595499397 0 513344 32 0
1595523306 0 513376 8 0
1595739595 0 509680 32 0
1595758828 0 509760 8 0
1595776824 0 509712 48 0
1595990205 0 508368 32 0
1596008793 0 508480 8 0
1596029245 0 508400 80 0
1596261925 0 507888 32 0
1596290171 0 508040 8 0
1596316398 0 507920 120 0
1596575838 0 510352 32 0
1596594997 0 510416 8 0
1596610419 0 510384 32 0
1596847392 0 507384 32 0
1596866045 0 507880 8 0
1596890413 0 507720 160 0
1597178167 0 510080 32 0
1597196958 0 510136 8 0
1597210435 0 510112 24 0
1597451160 0 509592 32 0
1597470452 0 509672 8 0
1597485061 0 509624 48 0
1597707843 0 507232 32 0
1597726968 0 507376 8 0
1597743645 0 507264 112 0
1598363222 0 825280 8 0
1598949522 0 825264 8 0
1598964859 0 825272 8 0
1599705934 0 835320 8 0
1599719915 0 835328 8 0
1603567209 0 834768 8 0
1606600960 0 807504 8 0
1612619836 0 807512 32 0
1614825391 0 821896 32 0
1626846335 0 807496 8 0
1633820925 0 835248 8 0
1633838501 0 835256 32 0
1638013778 0 835240 8 0
1640690744 0 512528 56 0
1643687578 0 806000 8 0
1661503471 0 821936 56 0
1662625789 0 553856 32 0
1662652439 0 555312 16 0
1662692352 0 555120 192 0
1662964751 0 619232 8 0
1681290796 0 619240 32 0
1690603666 0 619272 64 0
1690867748 0 619216 8 0
1735965928 0 620152 8 0
1738946802 0 805992 8 0
1743168847 0 619960 8 0
1748267746 0 619968 32 0
1751627898 0 619952 8 0
1757311007 0 619936 8 0
1759643804 0 619944 8 0
1762809877 0 619928 8 0
1765596689 0 620000 152 0
1765834216 0 620160 8 0
1766363166 0 619608 8 0
1773074045 0 619504 8 0
1773088139 0 619512 32 0
1773170596 0 619544 64 0
1773975882 0 619688 8 0
1774000461 0 619696 32 0
1774399520 0 619616 72 0
1774427959 0 619728 8 0
1775058844 0 619792 8 0
1775660358 0 619824 8 0
1775863336 0 617680 8 0
1777695373 0 617688 32 0
1781231485 0 617720 64 0
1781494146 0 617784 128 0
1788104899 0 619912 8 0
1812912205 0 619736 56 0
1812932642 0 619800 16 0
1813267924 0 708728 8 0
1850087694 0 708736 32 0
1854247970 0 617664 8 0
1855996136 0 617672 8 0
1859852736 0 617616 8 0
1861259021 0 617624 32 0
1863188997 0 617656 8 0
1863776781 0 708720 8 0
1865959411 0 617912 248 0
1866017885 0 618160 8 0
1866889383 0 617600 8 0
1868912880 0 617608 8 0
1870601836 0 619872 8 0
1870669606 0 619864 8 0
1871964015 0 617568 8 0
1875988509 0 617576 24 0
1878553247 0 618168 248 0
1879340586 0 618416 8 0
1880460892 0 617528 8 0
1907402442 0 619920 8 0
1909408502 0 619816 8 0
1909419777 0 619832 32 0
1909429394 0 619880 32 0
1909911720 0 619496 8 0
1909995273 0 821880 8 0
1917810243 0 617520 8 0
1920667089 0 354576 16 0
1923883716 0 708960 8 0
1925323031 0 708952 8 0
1926765877 0 708712 8 0
1932764829 0 580624 248 0
1932808815 0 580872 8 0
1933575467 0 617504 8 0
1934982277 0 617512 8 0
1935024750 0 617536 8 0
1937139646 0 825928 8 0
1937469164 0 807544 64 0
1938162105 0 510176 24 0
1939818750 0 833992 8 0
1939834912 0 834000 32 0
1940724505 0 835504 8 0
1941364945 0 717592 8 0
1941856873 0 835496 8 0
1942526487 0 717632 8 0
1942582190 0 717688 8 0
1942626159 0 717536 8 0
1942830508 0 717552 8 0
1942847478 0 717560 32 0
1943569173 0 714472 8 0
1943620164 0 821344 8 0
1946383589 0 835512 32 0
1948362898 0 833816 8 0
1948378716 0 833824 32 0
1953040815 0 833280 64 0
1953561195 0 834088 8 0
1953578624 0 834096 32 0
1954555390 0 801472 8 0
1955745664 0 801440 8 0
1955761285 0 801448 24 0
1956195959 0 801400 8 0
1956210142 0 801408 32 0
1956705212 0 801480 24 0
1957516202 0 718512 8 0
1959092675 0 834080 8 0
1960224378 0 833856 64 0
1960407293 0 833920 72 0
1960424939 0 834032 16 0
1961073650 0 833344 248 0
1961717625 0 833592 8 0
1962138326 0 718472 8 0
1962529398 0 718520 8 0
1963668113 0 718528 32 0
1966014780 0 718488 8 0
1967404135 0 717664 8 0
1967420956 0 717672 16 0
1967427214 0 717696 8 0
1967508085 0 717704 64 0
1967791798 0 717768 128 0
1970217430 0 717600 32 0
1972638268 0 835392 8 0
1973925534 0 833728 8 0
1973941613 0 833736 32 0
1977121443 0 833808 8 0
1978493555 0 834528 8 0
1978509971 0 834536 32 0
1979645124 0 834568 192 0
1980938632 0 671016 8 0
1980954585 0 671024 32 0
1983246168 0 671056 64 0
1983745818 0 671120 128 0
1987461142 0 671000 8 0
1987476233 0 671008 8 0
1988066005 0 717544 8 0
1988221568 0 717520 8 0
1988402360 0 717496 8 0
1990042246 0 670976 8 0
1991038723 0 670984 16 0
1991425313 0 717640 24 0
1996746150 0 823648 8 0
2013192613 0 823640 8 0
2013244382 0 823664 8 0
2018176067 0 823624 8 0
2021541839 0 823616 8 0
2024613067 0 823608 8 0
2061918570 0 834064 8 0
2061937631 0 834072 8 0
2132870375 0 834504 8 0
2142736257 0 834296 8 0
2147016471 0 834760 8 0
2147028918 0 834776 16 0
2169303860 0 835024 8 0
2181146527 0 835416 8 0
2185310308 0 835448 8 0
2185326517 0 835456 32 0
2189490117 0 833600 32 0
2195070229 0 835776 8 0
2195087432 0 835784 32 0
2213752762 0 714256 8 0
2213770257 0 714328 72 0
2214044161 0 611992 8 0
2216791113 0 612000 32 0
2219172749 0 612032 192 0
2226851578 0 825768 8 0
2226868525 0 825776 32 0
2226979878 0 715720 32 0
2227595259 0 612352 8 0
2228141875 0 717528 8 0
2228317905 0 717512 8 0
2228507028 0 826600 112 0
2229164600 0 716008 8 0
2229180073 0 716016 32 0
2229515548 0 822400 8 0
2229530365 0 822408 32 0
2229827365 0 716048 16 0
2230087232 0 611912 8 0
2231699101 0 611920 32 0
2234820532 0 611880 8 0
2236449878 0 611888 24 0
2238230983 0 611952 32 0
2239437520 0 612224 128 0
2239467645 0 612360 120 0
2239789771 0 611864 8 0
2250476993 0 611872 8 0
2258440941 0 716232 8 0
2260450053 0 811480 8 0
2260470515 0 811488 32 0
2260952378 0 542576 32 0
2260982363 0 542640 8 0
2260997231 0 542608 32 0
2261166746 0 811584 8 0
2261180554 0 811592 32 0
2261600226 0 811400 80 0
2261971314 0 819768 8 0
2266688789 0 814400 8 0
2266704949 0 814408 8 0
2268308964 0 716000 8 0
2268591561 0 611984 8 0
2269275615 0 718048 8 0
2269292328 0 718056 32 0
2269616757 0 717984 8 0
2269848842 0 714400 72 0
2269869256 0 714480 8 0
2269875889 0 714536 72 0
2270518734 0 820696 8 0
2272061558 0 820704 32 0
2274018100 0 820736 64 0
2274285173 0 820800 128 0
2277449960 0 717968 8 0
2278719702 0 717976 8 0
2278726822 0 717992 16 0
2280702148 0 718008 40 0
2280722495 0 718088 112 0
2283794635 0 811520 64 0
2283819604 0 811624 128 0
2286620237 0 613064 8 0
2287605769 0 814496 64 0
2288016187 0 814560 248 0
2288077715 0 814808 8 0
2289318076 0 823872 8 0
2294194371 0 713840 32 0
2296617829 0 613072 32 0
2302647751 0 822160 8 0
2309722433 0 827448 16 0
2310164408 0 714760 8 0
2311686598 0 813240 8 0
2313550245 0 812872 8 0
2317124584 0 834056 8 0
2321597676 0 834048 8 0
2323518747 0 834464 8 0
2323535622 0 834472 32 0
2323725819 0 834512 16 0
2324605637 0 834456 8 0
2330780166 0 670216 72 0
2334483459 0 823672 8 0
2334494552 0 823696 8 0
2335592330 0 670504 8 0
2336042818 0 670360 8 0
2336057861 0 670368 32 0
2336540452 0 670400 104 0
2336585180 0 670512 80 0
2340320274 0 671272 8 0
2340338476 0 671280 32 0
2344157373 0 825952 8 0
2349785065 0 718680 8 0
2349801353 0 718688 32 0
2350578789 0 76088 8 0
2350617059 0 75856 8 0
2360334345 0 454368 32 0
2366985546 0 454400 8 0
2367552886 0 671312 32 0
2368464474 0 716152 80 0
2368488780 0 716344 56 0
2369893510 0 670288 72 0
2370988706 0 670592 248 0
2371043340 0 670840 8 0
2377800333 0 508568 8 0
2378276765 0 508520 48 0
2378293702 0 508576 16 0
2381340437 0 824688 128 0
2388805393 0 671248 24 0
2397806007 0 833768 40 0
2402022943 0 716616 8 0
2402833411 0 835768 8 0
2403730799 0 835720 8 0
2403746157 0 835728 32 0
2409152976 0 806296 8 0
2411088330 0 806304 32 0
2421025700 0 715336 8 0
2421048261 0 715344 32 0
2426737496 0 835288 32 0
2430571976 0 835624 8 0
2430589859 0 835632 32 0
2431147215 0 835608 8 0
2431161022 0 835616 8 0
2431887256 0 835552 8 0
2432730847 0 835560 32 0
2433647105 0 835592 16 0
2435081494 0 713576 8 0
2437187093 0 713584 8 0
2437253204 0 713600 16 0
2459278230 0 715408 8 0
2459298089 0 715416 32 0
2459866845 0 715400 8 0
2460171781 0 715448 16 0
2460192044 0 715504 96 0
2460660833 0 811824 8 0
2461908250 0 719056 8 0
2461926089 0 719064 32 0
2462155094 0 719096 192 0
2462780869 0 705480 8 0
2464825760 0 705488 32 0
2466807371 0 705520 64 0
2467585098 0 816928 8 0
2469752749 0 553192 32 0
2469784648 0 553840 8 0
2469816566 0 553680 160 0
2469901743 0 552960 32 0
2469926296 0 553160 8 0
2469958907 0 553016 144 0
2474230205 0 819920 8 0
2475943648 0 815072 8 0
2475993480 0 815080 32 0
2476612436 0 811816 8 0
2476883807 0 816216 8 0
2476924525 0 816224 32 0
2478391258 0 816608 8 0
2479023218 0 553384 8 0
2479093636 0 553392 32 0
2480186961 0 551632 8 0
2480586811 0 715208 64 0
2484048471 0 715904 8 0
2484333678 0 826312 8 0
2488174956 0 815160 8 0
2488591535 0 705728 8 0
2488972150 0 806544 8 0
2491207471 0 816656 8 0
2491479492 0 816648 8 0
2492155213 0 552576 8 0
2492203641 0 552584 32 0
2492410615 0 552616 64 0
2493392995 0 552760 8 0
2494314240 0 820016 8 0
2496607962 0 552752 8 0
2497791007 0 552680 72 0
2497811411 0 552768 32 0
2499943888 0 552496 8 0
2500659120 0 454344 8 0
2503150557 0 552552 8 0
2506029427 0 541312 32 0
2509099360 0 541448 8 0
2511253172 0 541344 64 0
2511343415 0 541408 40 0
2511984338 0 603520 32 0
2512066275 0 605992 144 0
2517734318 0 603552 224 0
2517934627 0 622592 32 0
2518094066 0 622808 136 0
2518272542 0 623032 32 0
2518346654 0 623064 8 0
2518498712 0 623072 32 0
2518674869 0 603032 32 0
2518744400 0 603384 136 0
2518859352 0 603064 224 0
2518953985 0 622624 184 0
2519044321 0 603288 96 0
2519106121 0 603776 248 0
2519112433 0 604024 8 0
2519261251 0 605472 248 0
2519269324 0 605720 8 0
2527502890 0 604152 248 0
2527511188 0 604400 8 0
2527628567 0 604032 120 0
2527788631 0 76208 8 0
2529663824 0 634840 32 0
2534048431 0 635240 144 0
2540101185 0 634872 248 0
2540107559 0 635120 8 0
2543101872 0 624992 32 0
2544822308 0 626448 144 0
2544953485 0 625024 224 0
2545108859 0 625248 248 0
2545114948 0 625496 8 0
2545375002 0 635128 112 0
2545472673 0 4515888 16 0
2545480723 0 4515912 8 0
2545481496 0 4516008 24 0
2545718335 0 632136 32 0
2549233691 0 633008 136 0
2554481617 0 632168 248 0
2554490983 0 632416 8 0
2554541666 0 632424 248 0
2554542175 0 632672 8 0
2561805555 0 632736 248 0
2561809819 0 632984 8 0
2562453270 0 604408 144 0
2562550109 0 604552 248 0
2562557072 0 604800 8 0
2562599899 0 604808 144 0
2568924718 0 605216 248 0
2568933910 0 605464 8 0
2571598643 0 605728 128 0
2571676210 0 604952 176 0
2571758155 0 605128 88 0
2572977939 0 552528 8 0
2573533733 0 713776 8 0
2574819981 0 715832 8 0
2575915506 0 715792 8 0
2576003044 0 715824 8 0
2576142507 0 715800 8 0
2576183511 0 715808 16 0
2576294528 0 715848 56 0
2577125553 0 715784 8 0
2578091051 0 826096 8 0
2580227139 0 820648 8 0
2582563203 0 552520 8 0
2583004217 0 552480 16 0
2583014938 0 552504 16 0
2583015945 0 552536 16 0
2584990809 0 552560 16 0
2586806971 0 715752 32 0
2587319487 0 816992 8 0
2587486119 0 817032 8 0
2593363528 0 817040 32 0
2601443925 0 812504 8 0
2601537564 0 812512 32 0
2601860349 0 812496 8 0
2603056717 0 619200 8 0
2603388889 0 619208 8 0
2603404950 0 619224 8 0
2604424068 0 619464 8 0
2604526979 0 619472 24 0
2642629134 0 716552 8 0
2642700588 0 716560 8 0
2606350128 0 612712 8 0
2606404678 0 612720 32 0
2606724639 0 612704 8 0
2606907304 0 612848 8 0
2606952324 0 612856 32 0
2608406619 0 717488 8 0
2614532466 0 834792 232 0
2614546865 0 835032 16 0
2620645992 0 822168 8 0
2620720100 0 822176 16 0
2622077357 0 835544 8 0
2658069126 0 718672 8 0
2680177118 0 714768 24 0
2680250803 0 714752 8 0
2680613564 0 714800 8 0
2680625033 0 714832 32 0
2681007378 0 812832 8 0
2681194998 0 813088 8 0
2685029992 0 813096 32 0
2688897706 0 813128 64 0
2689174731 0 813080 8 0
2694598896 0 812944 8 0
2694617490 0 812952 32 0
2694691060 0 812984 64 0
2698331032 0 811992 8 0
2698418700 0 812360 8 0
2698433022 0 812368 16 0
2698438409 0 812392 8 0
2703048113 0 812864 8 0
2703910082 0 812848 8 0
2703926170 0 812856 8 0
2703930675 0 812880 8 0
2704396630 0 812736 8 0
2704452289 0 812936 8 0
2711746516 0 718504 8 0
2718626470 0 718464 8 0
2718864078 0 718496 8 0
2719345555 0 718648 8 0
2719361047 0 718656 16 0
2719633706 0 614120 8 0
2719781524 0 614128 32 0
2719807960 0 614160 64 0
2719985170 0 614104 8 0
2719997546 0 614112 8 0
2721931493 0 718480 8 0
2722999570 0 4515072 8 0
2723009191 0 4515112 40 0
2723018376 0 4515192 16 0
2723025697 0 4515280 40 0
2726959414 0 835440 8 0
2730013939 0 835424 8 0
2731817716 0 835432 8 0
2734009534 0 512984 8 0
2734659913 0 718456 8 0
2739005413 0 716504 40 0
2739021799 0 716608 8 0
2739028205 0 716624 32 0
2739036916 0 716696 8 0
2739040511 0 716712 8 0
2746010043 0 79136 8 0
2743411772 0 2056 8 0
2743689674 0 79128 8 0
2744193872 0 835488 8 0
2745527450 0 7944 8 0
2745533661 0 7952 8 0
2745535102 0 7960 8 0
2745536712 0 7968 8 0
2745538229 0 7976 8 0
2756354284 0 834128 168 0
2756394549 0 834304 80 0
2766832330 0 801392 8 0
2770153500 0 835184 48 0
2770446383 0 835232 8 0
2770459836 0 835376 16 0
2770467233 0 835400 16 0
2774271862 0 801504 64 0
2777283663 0 835128 8 0
2777689933 0 835664 56 0
2777707003 0 835760 8 0
2777715129 0 835816 104 0
2781467329 0 823816 8 0
2781484081 0 823824 32 0
2782034858 0 801368 24 0
2783973501 0 507192 8 0
2789063966 0 508592 208 0
2818825788 0 835920 8 0
2829039887 0 79144 8 0
2834094595 0 4196352 8 0
2834115785 0 4196360 8 0
2834125232 0 4196368 8 0
2834130142 0 4196376 8 0
2834134552 0 4196384 8 0
2834138393 0 4196392 8 0
2834148790 0 4262728 8 0
2837386805 0 833632 80 0
2840467260 0 833712 16 0
2847088683 0 822056 8 0
2853598340 0 79104 8 0
2853755368 0 822376 24 0
2853771070 0 822440 80 0
2854361110 0 812408 8 0
2854617855 0 454176 16 0
2901237805 0 513248 96 0
2867937634 0 513024 32 0
2869904593 0 513056 64 0
2873848500 0 513120 128 0
2974732980 0 510424 8 0
2977133151 0 820024 8 0
2977180368 0 820032 32 0
2987523589 0 669928 8 0
2993764040 0 669848 8 0
2996273580 0 669840 8 0
3001785843 0 669896 8 0
3003276409 0 669904 24 0
3005699515 0 669936 64 0
3007673825 0 814384 8 0
3007718411 0 814392 8 0
3008541615 0 811920 32 0
3008629771 0 811952 40 0
3008634044 0 812000 16 0
3049935461 0 825416 8 0
3056686085 0 840936 8 0
3056731544 0 840944 32 0
3056917142 0 840976 8 0
3057534216 0 840760 72 0
3059219591 0 840896 8 0
3059264925 0 840904 32 0
3063131663 0 713768 8 0
3063138552 0 713784 16 0
3063943996 0 840832 64 0
3073523897 0 508800 8 0
3081984399 0 669328 8 0
3084082359 0 669336 32 0
3087534197 0 669704 8 0
3092893648 0 669712 32 0
3100884634 0 715160 8 0
3101409183 0 816184 8 0
3101447905 0 816192 24 0
3102717184 0 816144 8 0
3102957857 0 816256 32 0
3105461233 0 821088 8 0
3105510671 0 821096 32 0
3107373023 0 714880 16 0
3107378504 0 714904 8 0
3107380048 0 714920 8 0
3107382787 0 714976 40 0
3107616928 0 813576 8 0
3107819607 0 813568 8 0
3108031298 0 79120 8 0
3113302869 0 806120 8 0
3115152294 0 806104 8 0
3116789952 0 806112 8 0
3116796269 0 806128 16 0
3122786165 0 669104 8 0
3124506454 0 669368 64 0
3125341773 0 669696 8 0
3129105811 0 669768 8 0
3129543662 0 669528 8 0
3129584105 0 669536 32 0
3130099731 0 669688 8 0
3135113931 0 821456 8 0
3135968995 0 79336 8 0
3140499495 0 79344 8 0
3140603569 0 79440 8 0
3143423418 0 846648 32 0
3151148952 0 846720 8 0
3153592238 0 846680 40 0
3157438222 0 846240 32 0
3160408402 0 846640 8 0
3162117336 0 846480 160 0
3171356803 0 79352 8 0
3183126078 0 846752 32 0
3196718229 0 4196096 8 0
3196731229 0 4196104 8 0
3196736654 0 4196112 8 0
3196741509 0 4196120 8 0
3196748034 0 4196128 8 0
3196752825 0 4196136 8 0
3196757373 0 4196144 8 0
3196762083 0 4196152 8 0
3196766393 0 4196160 8 0
3196770631 0 4196168 8 0
3196774812 0 4196176 8 0
3196779446 0 4196184 8 0
3196783520 0 4196192 8 0
3196787732 0 4196200 8 0
3196791939 0 4196208 8 0
3196796032 0 4196216 8 0
3196800140 0 4196224 8 0
3196804508 0 4196232 8 0
3196809428 0 4196240 8 0
3196813710 0 4196248 8 0
3196818196 0 4196256 8 0
3196822353 0 4196264 8 0
3196827321 0 4196272 8 0
3197282825 0 4196288 8 0
3197291585 0 4196296 8 0
3197296146 0 4196304 8 0
3197300362 0 4196312 8 0
3197304896 0 4196320 8 0
3197309103 0 4196328 8 0
3197313057 0 4196336 8 0
3197316950 0 4196344 8 0
3197320626 0 4196280 8 0
3200412507 0 845536 16 0
3237183409 0 4262504 8 0
3238977220 0 4525232 8 0
3242079234 0 4525216 8 0
3244045060 0 4262528 8 0
3247544910 0 4535464 8 0
3249229521 0 4262472 8 0
3250733161 0 4262480 8 0
3252797358 0 4529600 8 0
3254302092 0 4529992 8 0
3259014044 0 4262488 8 0
3259319785 0 4528856 8 0
3260923111 0 4528840 8 0
3262324331 0 4262496 8 0
3263556573 0 4529256 8 0
3266733144 0 4530112 8 0
3268055529 0 4530128 8 0
3269784377 0 4525184 8 0
3271036679 0 4525200 8 0
3272490084 0 4529272 8 0
3273834977 0 845624 8 0
3275443684 0 79400 8 0
3276126025 0 846080 16 0
3281356321 0 846096 16 0
3284118168 0 846056 8 0
3285478141 0 846016 16 0
3288980856 0 845680 16 0
3291903697 0 79360 8 0
3293292288 0 845768 8 0
3294581845 0 845800 8 0
3296400737 0 845808 16 0
3298919135 0 845840 8 0
3301414888 0 845744 8 0
3302875965 0 845736 8 0
3304464342 0 845760 8 0
3305822759 0 845848 8 0
3306222973 0 845712 8 0
3306455512 0 845784 8 0
3308027673 0 845720 8 0
3309542127 0 79408 8 0
3309798771 0 846160 16 0
3310204343 0 4262552 8 0
3310738734 0 4262592 8 0
3311753373 0 4528648 8 0
3312981723 0 4525176 8 0
3315001353 0 4528704 16 0
3322903241 0 4528656 8 0
3324422252 0 4528744 8 0
3326863234 0 4528736 8 0
3327582140 0 4528672 16 0
3331763972 0 4262584 8 0
3333001639 0 4525096 8 0
3334271937 0 4525128 8 0
3336276436 0 4525072 8 0
3337560931 0 4525080 8 0
3339311226 0 4525088 8 0
3339717254 0 4525136 8 0
3344397363 0 4525056 8 0
3346652975 0 4525152 8 0
3347322847 0 4525120 8 0
3347549730 0 4262568 8 0
3349979525 0 4535488 8 0
3351605476 0 4569072 16 0
3354992325 0 4262576 8 0
3355733406 0 4569200 8 0
3357259532 0 4569152 8 0
3358552764 0 4569184 8 0
3359707585 0 4569168 8 0
3361651595 0 4530096 8 0
3362984683 0 4530088 8 0
3364289090 0 4530104 8 0
3365758155 0 4530080 8 0
3367009351 0 4535496 24 0
3370755855 0 4529424 8 0
3372666039 0 4529440 8 0
3374356179 0 4529456 8 0
3374669512 0 4530048 8 0
3376882937 0 4569064 8 0
3379502737 0 4535560 8 0
3380174012 0 4535568 16 0
3380585692 0 4529464 8 0
3381237666 0 4529448 8 0
3381520551 0 4528808 8 0
3383144503 0 4262560 8 0
3383759614 0 4528824 8 0
3384785528 0 4262456 8 0
3387244355 0 4525288 8 0
3388892823 0 4525472 8 0
3392944400 0 4525264 8 0
3394506861 0 4525248 8 0
3399023937 0 4528304 8 0
3400361368 0 4525456 8 0
3402052625 0 845608 8 0
3403498097 0 79376 8 0
3403811176 0 845952 16 0
3404377299 0 845936 8 0
3404598292 0 4262512 8 0
3405368636 0 4528328 8 0
3408351659 0 4528360 8 0
3410597713 0 4528352 8 0
3411792516 0 4525240 8 0
3413206384 0 4528320 8 0
3414596293 0 4528368 8 0
3415960245 0 79384 8 0
3416207449 0 845944 8 0
3416322419 0 845664 8 0
3417516163 0 79392 8 0
3417748356 0 846000 8 0
3417929028 0 79368 8 0
3418583465 0 845872 8 0
3418714137 0 845904 8 0
3418868023 0 845888 8 0
3419016238 0 845920 8 0
3419174660 0 845304 8 0
3420391133 0 845648 8 0
3421594433 0 4262520 8 0
3421836785 0 4528376 8 0
3422016866 0 4262536 8 0
3422382220 0 4528776 8 0
3422501405 0 4535480 8 0
3423744086 0 4262448 8 0
3424978499 0 4522536 8 0
3425112391 0 4262464 8 0
3426325024 0 4529472 8 0
3426600136 0 4262544 8 0
3426840544 0 4528792 8 0
3441576183 0 846304 8 0
3441967798 0 846320 8 0
3441981312 0 846328 32 0
3443016491 0 846360 64 0
3445456769 0 846424 56 0
3450475381 0 719416 8 0
3512376646 0 79416 8 0
3514574884 0 846208 8 0
3522526636 0 846072 8 0
3525092169 0 79432 8 0
3525362485 0 846224 16 0
3529868604 0 79424 8 0
3530015066 0 79448 8 0
3530859795 0 846272 32 0
3531127544 0 846312 8 0
3628830338 0 79152 8 0
3633414446 0 79160 8 0
3636668843 0 510456 8 0
3648251782 0 79640 8 0
3648270897 0 79648 8 0
3648962780 0 847792 8 0
3676115283 0 79656 8 0
3682770527 0 847888 16 0
3699114412 0 79664 8 0
3702845689 0 79600 8 0
3702865322 0 79608 8 0
3703017454 0 847648 8 0
3707964858 0 79616 8 0
3741626117 0 821128 64 0
3742206389 0 4516952 72 0
3742212665 0 4517032 16 0
3742214199 0 4517064 16 0
3742215028 0 4517088 8 0
3742216033 0 4517144 16 0
3742320523 0 264648 8 0
3744291036 0 264608 8 0
3749701545 0 4516520 24 0
3749718939 0 4516568 24 0
3749727073 0 4516672 40 0
3711429897 0 847680 16 0
3722940070 0 79624 8 0
3805285810 0 3932160 8 1
3805320801 0 3932168 8 1
3805399792 0 3932176 8 1
3805405677 0 3932184 8 1
3805406131 0 3932192 8 1
3805406710 0 3932200 8 1
3805407113 0 3932208 8 1
3805407452 0 3932216 8 1
3805407869 0 3932224 8 1
3805408440 0 3932232 8 1
3805408773 0 3932240 8 1
3805409012 0 3932248 8 1
3805409322 0 3932256 8 1
3805409748 0 3932264 8 1
3805410092 0 3932272 8 1
3805410565 0 3932280 8 1
3805410978 0 3932288 8 1
3805411259 0 3932296 8 1
3805411574 0 3932304 8 1
3805411831 0 3932312 8 1
3805412177 0 3932320 8 1
3805412762 0 3932328 8 1
3805413189 0 3932336 8 1
3805413755 0 3932344 8 1
3805414171 0 3932352 8 1
3805414930 0 3932360 8 1
3805415538 0 3932368 8 1
3805415805 0 3932376 8 1
3805416394 0 3932384 8 1
3805417018 0 3932392 8 1
3805417447 0 3932400 8 1
3805417779 0 3932408 8 1
3805418024 0 3932416 8 1
3805418377 0 3932424 8 1
3805418978 0 3932432 8 1
3805419548 0 3932440 8 1
3805420010 0 3932448 8 1
3805420784 0 3932456 8 1
3805421138 0 3932464 8 1
3805421384 0 3932472 8 1
3805421624 0 3932480 8 1
3805421866 0 3932488 8 1
3805422385 0 3932496 8 1
3805422624 0 3932504 8 1
3805423203 0 3932512 8 1
3805423531 0 3932520 8 1
3805423877 0 3932528 8 1
3805424114 0 3932536 8 1
3805424545 0 3932544 8 1
3805424885 0 3932552 8 1
3805425732 0 3932560 8 1
3805426263 0 3932568 8 1
3805426906 0 3932576 8 1
3805427426 0 3932584 8 1
3805427864 0 3932592 8 1
3805428320 0 3932600 8 1
3805428640 0 3932608 8 1
3805428877 0 3932616 8 1
3805429223 0 3932624 8 1
3805429781 0 3932632 8 1
3805430204 0 3932640 8 1
3805430860 0 3932648 8 1
3805431200 0 3932656 8 1
3805431435 0 3932664 8 1
3805431674 0 3932672 8 1
3805431913 0 3932680 8 1
3805432151 0 3932688 8 1
3805432404 0 3932696 8 1
3805432950 0 3932704 8 1
3805433431 0 3932712 8 1
3805433777 0 3932720 8 1
3805434024 0 3932728 8 1
3805434268 0 3932736 8 1
3805434860 0 3932744 8 1
3805435553 0 3932752 8 1
3805435920 0 3932760 8 1
3805436347 0 3932768 8 1
3805436776 0 3932776 8 1
3805437322 0 3932784 8 1
3805437836 0 3932792 8 1
3805438464 0 3932800 8 1
3805438980 0 3932808 8 1
3805439316 0 3932816 8 1
3805439685 0 3932824 8 1
3805440012 0 3932832 8 1
3805440371 0 3932840 8 1
3805440923 0 3932848 8 1
3805441401 0 3932856 8 1
3805441746 0 3932864 8 1
3805442313 0 3932872 8 1
3805442730 0 3932880 8 1
3805443075 0 3932888 8 1
3805443314 0 3932896 8 1
3805443555 0 3932904 8 1
3805443895 0 3932912 8 1
3805653058 0 3932920 8 1
3780738752 0 2080 8 0
3780782040 0 851968 64 1
3805064125 0 2064 8 0
3805167126 0 847936 16 1
3805247224 0 264656 8 1
3815493492 0 0 8 1
3815504589 0 8 8 1
3815510297 0 2056 8 1
3815515461 0 2064 8 1
3815520003 0 2080 8 1
3815524488 0 2192 8 1
3815529447 0 2312 8 1
3815533879 0 2352 8 1
3815538278 0 2384 8 1
3815543183 0 2392 8 1
3815547298 0 2408 8 1
3815551424 0 2472 8 1
3815555608 0 2544 8 1
3815559727 0 2632 8 1
3815567738 0 2640 8 1
3815572156 0 2664 8 1
3815576544 0 2672 8 1
3815580798 0 2824 8 1
3815585259 0 2840 8 1
3815590119 0 6056 8 1
3815594928 0 6344 8 1
3815600029 0 6384 8 1
3815604645 0 6392 8 1
3815609029 0 6416 8 1
3815613326 0 6424 8 1
3815617523 0 6456 8 1
3815621713 0 6464 8 1
3815625879 0 6472 8 1
3815631483 0 6480 8 1
3815635879 0 6488 8 1
3815640272 0 6496 8 1
3815644698 0 6504 8 1
3815648977 0 6512 8 1
3815653284 0 6520 8 1
3815657113 0 6568 8 1
3815661361 0 6576 8 1
3815665107 0 6584 8 1
3815669296 0 7136 8 1
3815673666 0 7744 8 1
3815678415 0 7752 8 1
3815682737 0 7760 8 1
3815686793 0 7768 8 1
3815692791 0 7776 8 1
3815697192 0 7784 8 1
3815701961 0 7864 8 1
3815706241 0 7872 8 1
3815710162 0 7880 8 1
3815714125 0 7888 8 1
3815717823 0 7896 8 1
3815722580 0 7904 8 1
3815726724 0 7960 8 1
3815731172 0 7968 8 1
3815735635 0 7976 8 1
3815740075 0 7984 8 1
3815744617 0 67848 8 1
3815749365 0 75920 8 1
3815756497 0 79096 8 1
3815761758 0 79112 8 1
3815766087 0 79688 8 1
3815770870 0 79696 8 1
3815775357 0 4194304 8 1
3815780018 0 4194432 8 1
3815784228 0 4194560 8 1
3815788229 0 4194584 8 1
3815792508 0 4194600 8 1
3815796720 0 4194832 8 1
3815801357 0 4194840 8 1
3815805482 0 4194848 8 1
3815809459 0 4194856 8 1
3815813513 0 4194864 8 1
3815819235 0 4194872 8 1
3815823782 0 4194888 8 1
3815828199 0 4195192 8 1
3815833208 0 4195280 8 1
3815837436 0 4196256 8 1
3815842010 0 4196264 8 1
3815846362 0 4196272 8 1
3815850703 0 4196280 8 1
3815855026 0 4196288 8 1
3815859258 0 4196296 8 1
3815863583 0 4196304 8 1
3815867474 0 4196312 8 1
3815872264 0 4196320 8 1
3815876315 0 4196392 8 1
3815881660 0 4262728 8 1
3815886799 0 4262736 8 1
3815891136 0 4262744 8 1
3815895529 0 4262752 8 1
3815899558 0 4262760 8 1
3815903801 0 4262768 8 1
3815908074 0 4262776 8 1
3815912763 0 4262784 8 1
3830940486 0 3932160 8 1
3831602031 0 3932160 8 1
3833066280 0 0 8 1
