0 0 6416 8 0
14136 0 6424 8 0
15644 0 6432 8 0
16843 0 6440 8 0
19291 0 6448 8 0
20478 0 6456 8 0
21735 0 6464 8 0
22986 0 6472 8 0
24148 0 6480 8 0
26086 0 6488 8 0
27396 0 6496 8 0
28529 0 6504 8 0
29646 0 6512 8 0
30874 0 6520 8 0
32042 0 6528 8 0
33196 0 6536 8 0
34215 0 6544 8 0
35391 0 6552 8 0
37226 0 6560 8 0
38174 0 6568 8 0
39403 0 6576 8 0
40426 0 6584 8 0
41561 0 6592 8 0
42501 0 6600 8 0
44116 0 6608 8 0
48050 0 6616 8 0
49168 0 6624 8 0
50435 0 6632 8 0
51560 0 6640 8 0
52979 0 6648 8 0
54671 0 6656 8 0
57256 0 6664 8 0
57608 0 6408 8 0
1266874889701485056 0 67848 8 0
1266874889701556480 0 4194560 8 0
1266874889701565952 0 4194568 8 0
1266874889701568256 0 4194576 8 0
1266874889701570560 0 4194584 8 0
1266874889701572352 0 4194592 8 0
1266874889701574656 0 4194600 8 0
1266874889701576960 0 4194608 8 0
1266874889701578752 0 4194616 8 0
1266874889701580544 0 4194624 8 0
1266874889701582592 0 4194632 8 0
1266874889701586432 0 4194640 8 0
1266874889701588480 0 4194648 8 0
1266874889701590016 0 4194656 8 0
1266874889701592064 0 4194664 8 0
1266874889701594112 0 4194672 8 0
1266874889701595904 0 4194680 8 0
1266874889701597696 0 4194688 8 0
1266874889701599744 0 4194696 8 0
1266874889701601792 0 4194704 8 0
1266874889701603328 0 4194712 8 0
1266874889701605376 0 4194720 8 0
1266874889701606912 0 4194728 8 0
1266874889701608960 0 4194736 8 0
1266874889701610496 0 4194744 8 0
1266874889701613312 0 4194752 8 0
1266874889701615616 0 4194760 8 0
1266874889701617664 0 4194768 8 0
1266874889701619712 0 4194776 8 0
1266874889701621760 0 4194792 8 0
1266874889701624064 0 4194800 8 0
1266874889701626112 0 4194808 8 0
1266874889701627904 0 4194816 8 0
1266874889701628416 0 4194784 8 0
39334623 0 3584 8 0
39343277 0 3592 8 0
39348363 0 3600 8 0
39353357 0 3608 8 0
39358137 0 3616 8 0
39363054 0 3624 8 0
39367811 0 3632 8 0
39372152 0 3640 8 0
39376430 0 3648 8 0
39382628 0 3656 8 0
39387121 0 3664 8 0
39392053 0 3672 8 0
39396525 0 3680 8 0
39400940 0 3688 8 0
39405717 0 3696 8 0
39413854 0 3704 8 0
39418457 0 3712 8 0
39423382 0 3720 8 0
39427757 0 3728 8 0
39432416 0 3744 8 0
39437070 0 3752 8 0
39440957 0 3760 8 0
39445638 0 3768 8 0
39451022 0 3776 8 0
39455703 0 3784 8 0
39460341 0 3792 8 0
39464848 0 3800 8 0
39468882 0 3808 8 0
39472878 0 3816 8 0
39477103 0 3824 8 0
39481236 0 3832 8 0
39485361 0 3840 8 0
39489271 0 3736 8 0
39500284 0 70992 8 0
40693688 0 71056 8 0
41954793 0 71000 8 0
43267253 0 71088 8 0
44535724 0 68832 8 0
46260261 0 68840 8 0
48019986 0 4260504 8 0
49385707 0 4260104 8 0
51070962 0 4459200 32 0
9608581 0 67920 8 0
9645961 0 2576 8 0
9651801 0 2584 8 0
9652997 0 2600 8 0
9654082 0 2608 8 0
9655137 0 2616 8 0
9656179 0 2624 8 0
9657227 0 2632 8 0
9658182 0 2640 8 0
9659358 0 2648 8 0
9660666 0 2656 8 0
9661958 0 2664 8 0
9664743 0 2672 8 0
9667092 0 2680 8 0
9668788 0 2688 8 0
9670065 0 2696 8 0
9671187 0 2704 8 0
9672806 0 2712 8 0
9674174 0 2720 8 0
9675342 0 2728 8 0
9676581 0 2736 8 0
9677948 0 2744 8 0
9679182 0 2752 8 0
9680132 0 2760 8 0
9681175 0 2768 8 0
9682414 0 2776 8 0
9683753 0 2784 8 0
9685660 0 2792 8 0
9686972 0 2800 8 0
9688178 0 2808 8 0
9689399 0 2816 8 0
9689842 0 2592 8 0
10312487 0 4194432 8 0
13735949 0 4194304 8 0
35035041 0 266576 8 0
36614530 0 265048 8 0
38000382 0 68824 8 0
54301550 0 4260400 8 0
56113580 0 4260120 8 0
57652697 0 4260368 8 0
58982890 0 4479448 32 0
62632089 0 4459232 32 0
62738146 0 4479600 144 0
70579064 0 4479480 120 0
70868734 0 266024 24 0
81489143 0 4480704 32 0
81570971 0 4484152 152 0
89957305 0 4480752 248 0
89965515 0 4481000 8 0
90074973 0 4481008 248 0
90082205 0 4481256 8 0
90096006 0 4480736 16 0
90240355 0 4481696 248 0
90247669 0 4481944 8 0
94972778 0 4481992 248 0
94982543 0 4482240 8 0
97244345 0 4483616 248 0
97251886 0 4483864 8 0
109016768 0 4483056 248 0
109026482 0 4483304 8 0
109143465 0 4482576 248 0
109151260 0 4482824 8 0
109431904 0 4483440 176 0
111444982 0 4481496 200 0
111516829 0 4481952 40 0
111585101 0 4482248 128 0
154477619 0 3932160 8 1
154552326 0 3932168 8 1
154574475 0 3932176 8 1
154578803 0 3932184 8 1
154582698 0 3932192 8 1
154586302 0 3932200 8 1
154590281 0 3932208 8 1
154593919 0 3932216 8 1
154597232 0 3932224 8 1
154600709 0 3932232 8 1
154603923 0 3932240 8 1
154607294 0 3932248 8 1
154610534 0 3932256 8 1
154613700 0 3932264 8 1
154616716 0 3932272 8 1
154619896 0 3932280 8 1
154623386 0 3932288 8 1
154633147 0 3932296 8 1
157084973 0 0 8 1
157095929 0 8 8 1
157104969 0 2312 8 1
157113007 0 2448 8 1
157120829 0 2520 8 1
157129736 0 2560 8 1
157137296 0 67848 8 1
157142439 0 4194304 8 1
157147210 0 4194432 8 1
157151653 0 4194560 8 1
157156172 0 4194568 8 1
157160205 0 4194688 8 1
157164695 0 4194696 8 1
157170538 0 4194784 8 1
160311612 0 3932160 8 1
161071234 0 3932160 8 1
161658094 0 0 8 1
