0 0 67848 8 0
88096 0 6408 8 0
342742 0 4194560 8 0
351524 0 4194568 8 0
353070 0 4194576 8 0
354183 0 4194584 8 0
355599 0 4194592 8 0
356999 0 4194600 8 0
359180 0 4194608 8 0
360293 0 4194616 8 0
361349 0 4194624 8 0
362539 0 4194632 8 0
363458 0 4194640 8 0
364535 0 4194648 8 0
365593 0 4194656 8 0
366751 0 4194664 8 0
367776 0 4194672 8 0
368850 0 4194680 8 0
369878 0 4194688 8 0
370792 0 4194696 8 0
371605 0 4194704 8 0
372652 0 4194712 8 0
374523 0 4194720 8 0
375612 0 4194728 8 0
376749 0 4194736 8 0
380080 0 4194744 8 0
381892 0 4194752 8 0
383671 0 4194768 8 0
397113 0 4194776 8 0
398725 0 4194784 8 0
399875 0 4194792 8 0
400928 0 4194800 8 0
402019 0 4194808 8 0
403389 0 4194816 8 0
403771 0 4194760 8 0
36905729 0 67912 8 0
37030633 0 2816 8 0
37040867 0 2824 8 0
37042415 0 2832 8 0
37043509 0 2840 8 0
37044497 0 2848 8 0
37045688 0 2856 8 0
37046886 0 2864 8 0
37050357 0 2880 8 0
37050843 0 2872 8 0
37335754 0 2192 8 0
37397811 0 2056 8 0
47404695 0 265880 8 0
50442884 0 264624 8 0
59366197 0 4260416 8 0
61382314 0 4195072 8 0
61390394 0 4195080 8 0
61391712 0 4195088 8 0
61393238 0 4195096 8 0
61394480 0 4195104 8 0
61395860 0 4195120 8 0
61396952 0 4195128 8 0
61398032 0 4195136 8 0
61399167 0 4195144 8 0
61400409 0 4195152 8 0
61401411 0 4195160 8 0
61404028 0 4195168 8 0
61405286 0 4195176 8 0
61406620 0 4195184 8 0
61407957 0 4195192 8 0
61409176 0 4195200 8 0
61410373 0 4195208 8 0
61411992 0 4195216 8 0
61413212 0 4195224 8 0
61414564 0 4195232 8 0
61416009 0 4195240 8 0
61417299 0 4195248 8 0
61418826 0 4195256 8 0
61420056 0 4195264 8 0
61421273 0 4195272 8 0
61423355 0 4195280 8 0
61425057 0 4195288 8 0
61426042 0 4195296 8 0
61427295 0 4195304 8 0
61428390 0 4195312 8 0
61429609 0 4195320 8 0
61430766 0 4195328 8 0
61431173 0 4195112 8 0
61615327 0 4260912 8 0
64602573 0 4260960 8 0
84871042 0 4260920 8 0
88678051 0 4260992 8 0
90470560 0 4260424 8 0
93321491 0 68592 8 0
94666533 0 4260104 8 0
95949267 0 4460352 32 0
137590933 0 68504 8 0
139334545 0 4260120 8 0
142771280 0 4260360 8 0
144017380 0 4489048 32 0
151451235 0 4460384 32 0
151606850 0 4489200 144 0
204018533 0 4489080 120 0
204312293 0 265504 16 0
214638806 0 4490192 32 0
214730340 0 4493640 152 0
219920829 0 4490240 248 0
219927776 0 4490488 8 0
220033188 0 4490496 248 0
220040408 0 4490744 8 0
220053300 0 4490224 16 0
220135130 0 4491184 248 0
220141375 0 4491432 8 0
220258127 0 4491480 248 0
220265057 0 4491728 8 0
228976555 0 4493104 248 0
228986051 0 4493352 8 0
237997496 0 4492544 248 0
238003869 0 4492792 8 0
238127614 0 4492064 248 0
238132680 0 4492312 8 0
238912682 0 4492928 176 0
239035835 0 4490984 200 0
239107180 0 4491440 40 0
239697918 0 4491736 128 0
310795324 0 3932160 8 1
310824954 0 3932168 8 1
310840666 0 3932176 8 1
310841082 0 3932184 8 1
310841523 0 3932192 8 1
310841920 0 3932200 8 1
310842309 0 3932208 8 1
310842707 0 3932216 8 1
310842943 0 3932224 8 1
310843290 0 3932232 8 1
310843726 0 3932240 8 1
310844177 0 3932248 8 1
310844491 0 3932256 8 1
310844904 0 3932264 8 1
310845292 0 3932272 8 1
310845653 0 3932280 8 1
310845976 0 3932288 8 1
310887638 0 3932296 8 1
313169647 0 0 8 1
313177048 0 8 8 1
313182073 0 2056 8 1
313186803 0 2192 8 1
313191170 0 2312 8 1
313195660 0 2352 8 1
313199877 0 2416 8 1
313204103 0 2448 8 1
313208048 0 2496 8 1
313212678 0 6408 8 1
313217156 0 67848 8 1
313221266 0 4194568 8 1
313225587 0 4194672 8 1
313230350 0 4194680 8 1
316502397 0 3932160 8 1
318414553 0 3932160 8 1
318955975 0 0 8 1
