0 0 67848 8 0
45195 0 4194560 8 0
48056 0 4194568 8 0
49454 0 4194576 8 0
51155 0 4194584 8 0
52453 0 4194592 8 0
53533 0 4194600 8 0
54757 0 4194608 8 0
58684 0 4194616 8 0
59649 0 4194624 8 0
60763 0 4194632 8 0
61779 0 4194640 8 0
63285 0 4194648 8 0
64387 0 4194656 8 0
65566 0 4194664 8 0
66757 0 4194672 8 0
67727 0 4194680 8 0
68550 0 4194688 8 0
69769 0 4194696 8 0
71066 0 4194704 8 0
72074 0 4194712 8 0
72982 0 4194720 8 0
74765 0 4194728 8 0
75746 0 4194736 8 0
76721 0 4194744 8 0
78120 0 4194752 8 0
79178 0 4194760 8 0
80139 0 4194768 8 0
81062 0 4194776 8 0
82412 0 4194792 8 0
83492 0 4194800 8 0
84415 0 4194808 8 0
85679 0 4194816 8 0
85963 0 4194784 8 0
23643962 0 6416 8 0
23658758 0 6424 8 0
23659982 0 6432 8 0
23660911 0 6440 8 0
23661830 0 6448 8 0
23662725 0 6456 8 0
23677730 0 6464 8 0
23678696 0 6472 8 0
23679825 0 6480 8 0
23681038 0 6488 8 0
23681969 0 6496 8 0
23682822 0 6504 8 0
23683752 0 6512 8 0
23684675 0 6520 8 0
23686371 0 6528 8 0
23687261 0 6536 8 0
23688409 0 6544 8 0
23689863 0 6552 8 0
23691005 0 6560 8 0
23691935 0 6568 8 0
23692975 0 6576 8 0
23694037 0 6584 8 0
23694980 0 6592 8 0
23695807 0 6600 8 0
23696709 0 6608 8 0
23697655 0 6616 8 0
23698577 0 6624 8 0
23701530 0 6632 8 0
23703430 0 6640 8 0
23704676 0 6648 8 0
23706971 0 6656 8 0
23708434 0 6664 8 0
23709030 0 6408 8 0
57904231 0 67920 8 0
57919615 0 2576 8 0
57925032 0 2584 8 0
57940917 0 2600 8 0
57946261 0 2608 8 0
57950655 0 2616 8 0
57955487 0 2624 8 0
57959640 0 2632 8 0
57963760 0 2640 8 0
57968121 0 2648 8 0
57972352 0 2656 8 0
57977056 0 2664 8 0
57982697 0 2672 8 0
57987185 0 2680 8 0
57991699 0 2688 8 0
57995826 0 2696 8 0
57999950 0 2704 8 0
58003833 0 2712 8 0
58027155 0 2720 8 0
58032562 0 2728 8 0
58037067 0 2736 8 0
58041863 0 2744 8 0
58046004 0 2752 8 0
58050123 0 2760 8 0
58054792 0 2768 8 0
58058902 0 2776 8 0
58064441 0 2784 8 0
58068566 0 2792 8 0
58072994 0 2800 8 0
58077338 0 2808 8 0
58081626 0 2816 8 0
58085163 0 2592 8 0
58444229 0 4194432 8 0
74743557 0 4194304 8 0
99548897 0 532736 8 0
101276092 0 532624 8 0
102718440 0 68824 8 0
104215272 0 3584 8 0
104222752 0 3592 8 0
104227314 0 3600 8 0
104231213 0 3608 8 0
104235163 0 3616 8 0
104240146 0 3624 8 0
104244432 0 3632 8 0
104248739 0 3640 8 0
104252749 0 3648 8 0
104256711 0 3656 8 0
104260995 0 3664 8 0
104265161 0 3672 8 0
104269113 0 3680 8 0
104273564 0 3688 8 0
104277682 0 3696 8 0
104281913 0 3704 8 0
104285926 0 3712 8 0
104290135 0 3720 8 0
104293903 0 3728 8 0
104298942 0 3744 8 0
104303248 0 3752 8 0
104307247 0 3760 8 0
104311217 0 3768 8 0
104315010 0 3776 8 0
104319071 0 3784 8 0
104324397 0 3792 8 0
104328986 0 3800 8 0
104333543 0 3808 8 0
104337837 0 3816 8 0
104342245 0 3824 8 0
104346290 0 3832 8 0
104350400 0 3840 8 0
104353711 0 3736 8 0
104363178 0 70992 8 0
107703422 0 71056 8 0
123526791 0 71000 8 0
131161411 0 71088 8 0
132616667 0 68832 8 0
152936015 0 68840 8 0
180164248 0 4260504 8 0
209390587 0 4260104 8 0
211092480 0 4459200 32 0
214621757 0 4260400 8 0
215989608 0 4260120 8 0
217481643 0 4260368 8 0
218874339 0 4479448 32 0
222394006 0 4459232 32 0
222496815 0 4479600 144 0
230602285 0 4479480 120 0
230901205 0 532688 24 0
241464133 0 4480704 32 0
241513812 0 4484152 152 0
247161352 0 4480752 248 0
247196314 0 4481000 8 0
247253093 0 4481008 248 0
247287443 0 4481256 8 0
247305788 0 4480736 16 0
247346962 0 4481696 248 0
247406899 0 4481944 8 0
252575019 0 4481992 248 0
252703526 0 4482240 8 0
255039051 0 4483616 248 0
255072360 0 4483864 8 0
266497386 0 4483056 248 0
266534486 0 4483304 8 0
266604041 0 4482576 248 0
266711637 0 4482824 8 0
266859018 0 4483440 176 0
273596639 0 4481496 200 0
273646162 0 4481952 40 0
273718865 0 4482248 128 0
319082327 0 3932160 8 1
319119296 0 3932168 8 1
319152852 0 3932176 8 1
319161778 0 3932184 8 1
319166478 0 3932192 8 1
319170683 0 3932200 8 1
319174117 0 3932208 8 1
319177922 0 3932216 8 1
319181553 0 3932224 8 1
319184800 0 3932232 8 1
319188615 0 3932240 8 1
319192059 0 3932248 8 1
319196331 0 3932256 8 1
319202301 0 3932264 8 1
319208651 0 3932272 8 1
319214372 0 3932280 8 1
319220072 0 3932288 8 1
319235782 0 3932296 8 1
321361006 0 0 8 1
321369631 0 8 8 1
321374942 0 2312 8 1
321379719 0 2448 8 1
321384660 0 2520 8 1
321389300 0 2560 8 1
321394762 0 67848 8 1
321399775 0 4194304 8 1
321404319 0 4194432 8 1
321408804 0 4194560 8 1
321412993 0 4194568 8 1
321417154 0 4194688 8 1
321421274 0 4194696 8 1
321425939 0 4194784 8 1
324497565 0 3932160 8 1
325061525 0 3932160 8 1
326285530 0 0 8 1
